{
    "N": 64,
    "id": "cee62965-20b2-41f4-b8c1-2724a058c6dd",
    "problem_type": "SK Spin-Glass",
    "distribution": "gaussian",
    "spins": [
        -1,
        1,
        1,
        -1,
        -1,
        -1,
        1,
        -1,
        -1,
        -1,
        -1,
        1,
        1,
        -1,
        1,
        -1,
        -1,
        -1,
        -1,
        -1,
        1,
        1,
        1,
        1,
        1,
        1,
        -1,
        -1,
        1,
        1,
        1,
        -1,
        1,
        1,
        -1,
        -1,
        -1,
        -1,
        1,
        -1,
        -1,
        1,
        1,
        -1,
        -1,
        1,
        -1,
        -1,
        -1,
        -1,
        1,
        -1,
        -1,
        1,
        -1,
        -1,
        1,
        1,
        -1,
        1,
        1,
        -1,
        -1,
        1
    ],
    "couplings": [
        [
            0.0,
            -0.3939327310992569,
            -1.739764537206791,
            1.5834961521407827,
            1.277742735092318,
            0.4081830352522469,
            -0.3540427779877629,
            0.3123665306502551,
            0.5549550030939249,
            -0.9277788430872054,
            -0.6432721923087945,
            0.6547272895295118,
            0.7809152718183207,
            0.5095127685042579,
            -0.3129711723725348,
            0.5266939318955574,
            -0.004178325572812333,
            3.1144689319869796,
            -0.5738008172793623,
            0.41953304696330884,
            -0.6267515152615429,
            0.19186143994242802,
            -0.43502252843170447,
            0.18149281307250212,
            0.1585282537833244,
            -0.6155046136933042,
            -2.259570696400431,
            -0.8366442331859416,
            -0.16084699515769188,
            -1.694662524038027,
            -0.05857298332858478,
            -0.5258910401122172,
            -0.05758361913830198,
            0.7786268505111953,
            0.0593761578999193,
            -0.20618489192160078,
            0.41372579477136195,
            -0.8861836867508015,
            0.7047898958090945,
            0.32118683894988936,
            1.1118547663416196,
            0.005034515916802006,
            -0.691585100701664,
            -0.004420689083040403,
            -1.394898363652481,
            0.1159378127852368,
            0.03524472548104817,
            -0.5485116919649243,
            -0.46053877322799813,
            -0.3265000750405288,
            -1.2163204635995382,
            2.1363843392540574,
            0.21049066916442702,
            -1.3017039917098747,
            -0.058341206106752745,
            -1.3420886368982863,
            -0.8499101905875658,
            -0.7079148558012712,
            -0.23866471576596246,
            1.628984283265037,
            -0.5160680522700084,
            0.7816081012670981,
            0.2832844300745228,
            -1.7736677307955373
        ],
        [
            -0.3939327310992569,
            0.0,
            -0.5305561570902595,
            -0.2704752351509082,
            -0.06073204914904719,
            -0.3320213918395767,
            0.40701991751259203,
            -0.2539084393294281,
            -0.07726758697054434,
            -0.17104691980409853,
            0.11451608439598582,
            0.1468038917901263,
            -0.7798417125542896,
            -0.12926245843211695,
            0.9193738884968771,
            -2.1098092958893973,
            0.9635366800895301,
            -0.5793578265119905,
            0.5463274871709908,
            -2.1688218900784855,
            0.38501418973166895,
            0.3696732056199908,
            -1.5891211436660155,
            0.6452512520074356,
            -0.3666196641376511,
            -0.3149705661253182,
            1.023531415701272,
            0.6046133095460542,
            2.021735100349804,
            1.3617554721749439,
            0.12240196560677358,
            2.102740510645733,
            1.5944030853346656,
            -1.237818125665208,
            -0.191151053798776,
            -0.5757996104960418,
            -0.4398416758985023,
            -1.1076323540929442,
            -0.5059389747652369,
            0.9724197241176383,
            0.30291614766560676,
            -0.9805021256767861,
            -0.0005332070776359435,
            -0.9489721564277898,
            1.0772776056120752,
            -1.8083834284982359,
            -2.872155600234834,
            -1.0849155078018746,
            -0.4828238509128759,
            0.2213151277343906,
            1.2721433466200776,
            0.9800343435865444,
            0.39023974468815115,
            -0.026332682990266004,
            -0.10128345912764701,
            0.04682751355973388,
            0.5858447054098347,
            1.5030560201235728,
            -0.37278459821978877,
            0.9797906558748213,
            -0.5554945808006341,
            -2.2120019529878454,
            -0.598268125064548,
            -0.40684088167160287
        ],
        [
            -1.739764537206791,
            -0.5305561570902595,
            0.0,
            0.30492350726097883,
            -1.1572875675692718,
            -0.5097318447796308,
            1.0093462878228343,
            -0.1780856011830993,
            2.065748641176901,
            1.170011897657494,
            -0.50775950880986,
            0.9084867480492856,
            -0.1474347768580606,
            -1.5086316123942336,
            0.9373441836505607,
            -1.4894500425525856,
            0.4637175559787351,
            -0.22488771865222368,
            1.3207111189285685,
            0.37278013011867955,
            0.16310940991249406,
            1.0067206809004636,
            -0.3582796000188673,
            0.2831174760678668,
            -0.6708803744416272,
            -1.1409949552947993,
            0.5682220545867368,
            0.7111450602985802,
            1.282971939932124,
            0.0727799534155197,
            0.6395761156558114,
            -0.3023648384567526,
            0.8478896244276392,
            -0.15614546660075368,
            0.9139803602199867,
            0.2772303858914454,
            -1.3522586560805894,
            -0.6978644480030858,
            2.659030925634674,
            -0.5334492571510773,
            -2.027413603173579,
            -0.908592798116262,
            -2.0908044055539516,
            -1.1281908349568797,
            1.4629455027516045,
            0.7391546496631325,
            0.4985960263934797,
            -0.6405617908746067,
            0.3601927431389697,
            -1.626987841588838,
            0.18279931851589512,
            -0.17401753502099304,
            0.6017777942153251,
            0.032474656919129936,
            0.04006159536784957,
            1.5168491861908653,
            1.0714457513692863,
            -2.3288608044895347,
            -1.2271338354997643,
            -1.8859589588580181,
            -0.5544424165289361,
            -0.8288955625597019,
            0.24893368503162164,
            0.1293657783282033
        ],
        [
            1.5834961521407827,
            -0.2704752351509082,
            0.30492350726097883,
            0.0,
            0.1446181462344402,
            0.3656195311153351,
            -0.23400476226264616,
            1.0102912477090296,
            0.5574724332330963,
            0.933773778927998,
            -0.7454013009384857,
            -2.5822526236655112,
            1.1492022337317473,
            0.8457664683967226,
            1.4414484277057582,
            -0.6697370937901417,
            0.6036340062808938,
            -0.6992804360471186,
            -1.0259025136457711,
            0.8245501888947505,
            -0.3071313666233365,
            -1.1643483184039367,
            0.20382625819012148,
            -0.7848303822026935,
            0.7054461726470405,
            0.7109992844122488,
            2.6840111631439476,
            1.419678453485708,
            -0.3784245386031365,
            -0.9308830987698159,
            -0.40270263409628293,
            -0.49817544322103396,
            1.994923010448098,
            1.1076890277178784,
            -0.2993374159414398,
            0.8128694308139818,
            -0.41790773513219753,
            0.41698123982242524,
            0.1905004772902514,
            3.023427155021244,
            0.9781879303791716,
            -0.35956069433599996,
            -0.488790185362005,
            -0.5994374016746478,
            0.5753583246999265,
            0.15697497904808214,
            0.25410029514865656,
            0.3926384580201726,
            -0.5316090948543859,
            1.1293998800500937,
            -0.6331418922111735,
            -1.5751837165525633,
            0.8375455358599462,
            -0.9753385799202731,
            0.13540915318036156,
            0.008606504124204103,
            0.08532686271345533,
            1.027027314090396,
            0.7178465956750507,
            -0.9556708988843348,
            -1.065133071512899,
            -0.19693243558697077,
            -0.20860249450957966,
            -1.5085636839784924
        ],
        [
            1.277742735092318,
            -0.06073204914904719,
            -1.1572875675692718,
            0.1446181462344402,
            0.0,
            0.9916974133510055,
            0.46710670990118675,
            -0.1412874578634771,
            0.11891295321387625,
            -1.385611484620156,
            -0.006613093889659689,
            1.1791260233168266,
            0.5472748793884927,
            0.9675581374682667,
            0.9636187409327955,
            0.790218691946493,
            -0.26546116690365806,
            -0.21587200924646835,
            0.4364769057414412,
            -0.44278595426866213,
            0.9803733306671456,
            0.05743084218123826,
            -0.7585687931497824,
            -0.7529974500591324,
            0.5355378008579538,
            0.4400039104310968,
            -0.39930527124244464,
            0.7393077477886915,
            0.018034215159182226,
            -0.8612158201540908,
            1.860080486572576,
            -0.6844981242856147,
            -0.5671373322754266,
            0.05887598452439843,
            0.6713696030161178,
            -0.8217155195019783,
            -0.8378889044778135,
            0.936050788171087,
            -0.2324625476249295,
            0.2187753127966135,
            -0.1922556817529619,
            0.4231102309924731,
            0.3905483615368793,
            -1.1482325580624682,
            -0.821055781595162,
            -1.7186997907655868,
            -0.014401344776173462,
            -0.43847040623184536,
            -1.548379212579932,
            -0.15918530806182193,
            0.5149707714317006,
            -0.4061888625610988,
            1.8197840282115736,
            0.5100088846204924,
            -0.5433441454913479,
            -0.07250014001581234,
            -1.4961368675785731,
            -0.7411123587995392,
            -0.7412525310698206,
            -0.7910373501165038,
            -2.0299941298786752,
            1.353656969212786,
            -2.322536246275264,
            -1.861516045635157
        ],
        [
            0.4081830352522469,
            -0.3320213918395767,
            -0.5097318447796308,
            0.3656195311153351,
            0.9916974133510055,
            0.0,
            0.6401701581926448,
            -0.024865336088058364,
            -1.2763133253905357,
            0.9132041789984068,
            -1.1918548051640334,
            0.19242319618274129,
            -0.6659913348794633,
            1.2133632033097308,
            -0.5248442048221247,
            -1.0373935939861603,
            0.3206839146193413,
            0.23274207650034132,
            0.38319384149294644,
            0.09969948141168905,
            -0.2196424014186016,
            -0.34873747093357016,
            -0.7265480863940443,
            1.6084410041314499,
            -0.6385050373063067,
            1.199668780341289,
            0.26992430653663074,
            0.19524719467693064,
            -0.11547687650460621,
            0.1484331012286968,
            -0.5916059242233681,
            1.195283998179153,
            -0.9163608479517397,
            0.09641133038387036,
            0.8580676480622801,
            -1.9793930302798541,
            -1.044331504241562,
            1.2867599760315347,
            -0.1371585017172195,
            1.3379296973823445,
            -1.0700427216308326,
            2.1103154165758635,
            -0.4502100877331163,
            -2.406116508091672,
            1.5037279520962952,
            0.47463350080279093,
            1.3696576852789988,
            -0.967352831447389,
            0.14868490797861192,
            -0.29965639103896935,
            0.004530865613771178,
            -0.6879538574832318,
            1.2244455357082007,
            -0.6704807860096477,
            -0.7850333436028128,
            0.2653776909585906,
            0.7915468835853526,
            -1.019856311123468,
            -1.542284364541075,
            -1.9157160774533788,
            0.35927024714094885,
            1.2004423381871714,
            0.288055177594901,
            0.48596977284107123
        ],
        [
            -0.3540427779877629,
            0.40701991751259203,
            1.0093462878228343,
            -0.23400476226264616,
            0.46710670990118675,
            0.6401701581926448,
            0.0,
            -0.8180353844994092,
            0.6849413162513476,
            0.057594407480041326,
            0.8162464601913636,
            -2.439940062517163,
            0.5549460411029619,
            -1.37976393878238,
            -0.21400062981281534,
            -2.3216753026697274,
            1.7126547990143053,
            0.6002940357937918,
            -0.06282517539744416,
            0.14765369943789766,
            0.5111613903801445,
            0.736518994478628,
            -0.4365699956587997,
            0.7583071201816288,
            -1.0821495408052286,
            0.012277754583738297,
            -0.9394779912882005,
            0.0379843227782572,
            -0.45542096472160865,
            0.024080709609597732,
            -1.1282671114815068,
            -1.251296784042011,
            0.6570652965971592,
            -0.5331283321430722,
            0.9312983178353503,
            -0.6988187425924208,
            -1.1084252747198173,
            -0.22278880441628068,
            -0.09200801173482852,
            -0.28936390381810456,
            -0.4604740117233898,
            0.17762437063716965,
            -0.27541656230729755,
            -1.929404022428839,
            -0.5746700731812759,
            0.010839411516326353,
            -2.016594114449429,
            -0.5199923931280876,
            1.386604867915049,
            -1.1948009524073524,
            0.008740080227314723,
            0.38360026856564505,
            1.3744546719912998,
            -1.6204157739741094,
            -2.2314939734319306,
            0.040508878740481744,
            0.30106565857035267,
            1.0652948987909303,
            0.5565893268889405,
            1.3671535087282682,
            -1.2851551765549918,
            0.20632053495759567,
            -0.2175378847055184,
            -1.151961426859738
        ],
        [
            0.3123665306502551,
            -0.2539084393294281,
            -0.1780856011830993,
            1.0102912477090296,
            -0.1412874578634771,
            -0.024865336088058364,
            -0.8180353844994092,
            0.0,
            -0.6177283894979889,
            -0.4293874069913739,
            1.486870639849632,
            -1.3073647417927747,
            -0.30372098347389165,
            -0.9259495840318133,
            1.4816081503205782,
            0.07673613404192527,
            -0.9834296242435485,
            -0.7030002016891992,
            -0.6393766116391983,
            -0.893626049927807,
            -0.33719376013363606,
            0.05689477465597838,
            -1.0469801929408968,
            1.2861326469089545,
            0.7946724800628766,
            1.0657193877178521,
            1.6635842693703398,
            1.228036482306246,
            -0.7278924529346392,
            -1.2646552651964567,
            1.1066827804957384,
            -1.4271125280244221,
            -0.7124871682648778,
            1.076249396910185,
            -0.7331612226300533,
            0.03610274611698998,
            -0.639386058916128,
            0.23488566104677408,
            0.9971979527259852,
            -0.7086029773256901,
            -0.3181149205163396,
            -0.11918201211052765,
            0.7685004735148906,
            -0.6767829596898545,
            -1.587271022975506,
            0.4706274771682308,
            0.9408396233097526,
            -1.1236738038039025,
            -0.16647020354745543,
            0.20419321644382574,
            0.5732014778726916,
            -0.37434585068553505,
            -1.5097886978884445,
            -0.20027809860803975,
            0.2653889488033434,
            1.342336563764612,
            0.6292908876909037,
            -0.26010611427252717,
            0.046221913150296626,
            0.6170864823245654,
            -0.5879915069309029,
            0.821262919922132,
            0.46292373464217257,
            1.4808224440930262
        ],
        [
            0.5549550030939249,
            -0.07726758697054434,
            2.065748641176901,
            0.5574724332330963,
            0.11891295321387625,
            -1.2763133253905357,
            0.6849413162513476,
            -0.6177283894979889,
            0.0,
            0.6193193576978668,
            0.8339552062132893,
            -1.7286983763861465,
            0.11175080915596226,
            -2.137959422481683,
            0.011064997239943752,
            1.2190568776040085,
            0.8784322956246873,
            -1.776238940931308,
            0.20511741156438718,
            -0.4409468283502191,
            -0.12421784294854481,
            0.6813243019277351,
            -0.08462681867482971,
            -0.13870075526384013,
            -1.178385142011696,
            -0.2366066022313034,
            -0.1336014048299058,
            -0.7300084946144558,
            -0.35845720732803377,
            -0.3055356366530946,
            0.26895867274204877,
            -0.6543876394841496,
            1.0340500789473492,
            -0.879104442208604,
            -0.9497645879839387,
            -0.20774217670171763,
            0.09012871394039802,
            -1.0416577490405408,
            -0.3165112139374135,
            -1.2184793771404094,
            1.4975660318235406,
            -0.5379950141243994,
            -0.2106281785116631,
            1.6321318610114544,
            0.8282396585881834,
            -1.1748133043803988,
            -0.147880191298889,
            -1.08427504298306,
            -1.0422011313435486,
            1.1214788187732914,
            -0.8747878845133231,
            1.1539894525593841,
            -1.5095306803866104,
            -0.07956166785635234,
            -0.8549195234403136,
            -0.13935494665427064,
            0.1152182877739752,
            0.9195167943253605,
            1.0989951247295247,
            0.7011546318078532,
            0.5269820278230419,
            0.5191348857648431,
            1.1172069370651636,
            0.8943017827444543
        ],
        [
            -0.9277788430872054,
            -0.17104691980409853,
            1.170011897657494,
            0.933773778927998,
            -1.385611484620156,
            0.9132041789984068,
            0.057594407480041326,
            -0.4293874069913739,
            0.6193193576978668,
            0.0,
            1.008301443046476,
            -0.3549644334051189,
            -1.2743865206705594,
            0.9104979529101201,
            0.4189189752520452,
            1.3471088559635667,
            -1.9229384450122018,
            1.7865469104571121,
            -2.569928817506852,
            0.9019174453072261,
            1.5697763402018727,
            0.7483995474860505,
            0.17522751545086826,
            -1.427223995053527,
            0.22417925150538542,
            -0.5831318185188352,
            0.6242569267169203,
            -1.2515213270690797,
            -0.4274423612266462,
            -0.09378512830055626,
            -0.016133017213501365,
            0.9086257935748977,
            -1.2332687611022173,
            0.3029460401466338,
            0.08821870772898545,
            1.4087616360175628,
            0.7885286616456172,
            0.1823569627794317,
            -0.0422117015376227,
            -0.5061043043726078,
            -2.269600891852805,
            0.9476937581758086,
            -1.047337218707004,
            0.03312584971377461,
            -1.533290424566343,
            0.7605135007734475,
            -1.1233694648120611,
            -0.7821422884117567,
            -0.7848184740374441,
            -0.0546716170546728,
            0.07591824132845132,
            0.8363698859827123,
            -0.5648872187905021,
            -0.39756505814843945,
            -0.08809338388592015,
            0.9334163234939014,
            -1.5162289195686027,
            2.470364810753301,
            -0.3244519244571057,
            -0.704446143791076,
            0.8406085136651968,
            -1.504899645223643,
            0.281601401528419,
            1.242401477236287
        ],
        [
            -0.6432721923087945,
            0.11451608439598582,
            -0.50775950880986,
            -0.7454013009384857,
            -0.006613093889659689,
            -1.1918548051640334,
            0.8162464601913636,
            1.486870639849632,
            0.8339552062132893,
            1.008301443046476,
            0.0,
            0.16234424390804317,
            1.3267313410952886,
            1.4044019304199105,
            -1.5953789186304628,
            -1.851609789652321,
            2.0018696319475366,
            -0.6600089373984768,
            -0.13599970448743626,
            0.026104220695881194,
            0.22744374953193233,
            0.5085751467687477,
            -0.6586624736440317,
            0.1728579191567207,
            -0.17267062653415474,
            0.5654391004349263,
            -0.24044973027219327,
            -1.4541386197229993,
            -0.4556514027349892,
            0.0027114976282149104,
            1.1171253094351938,
            1.520154738821626,
            0.14143558274218074,
            0.9903294357231732,
            -0.35087365695766803,
            -0.3208090058272815,
            -0.60385696801745,
            0.20218129595949966,
            -1.0790285457883415,
            0.4459738406307272,
            -0.10707193361305571,
            1.7148005274137779,
            0.8717248920970112,
            0.9435620550955901,
            -1.2121781064873838,
            0.18082747202283928,
            0.525976706998095,
            1.1290124244671365,
            -0.2660501782711733,
            1.4726258127739313,
            1.2433303864927083,
            0.6361549427799522,
            -0.42195929827732587,
            -1.4883756584614452,
            -0.009077586830355821,
            -1.367540795101422,
            1.6209868218322268,
            1.1133826884022076,
            -0.1884723689604628,
            0.7421903977546812,
            1.0930849851627684,
            0.9776588888059585,
            0.1952397020969669,
            1.3393840860540411
        ],
        [
            0.6547272895295118,
            0.1468038917901263,
            0.9084867480492856,
            -2.5822526236655112,
            1.1791260233168266,
            0.19242319618274129,
            -2.439940062517163,
            -1.3073647417927747,
            -1.7286983763861465,
            -0.3549644334051189,
            0.16234424390804317,
            0.0,
            0.07847094753613035,
            2.340046754059826,
            -0.9433851321730194,
            -2.4145685449236143,
            -1.6328969487895466,
            0.6984902619250989,
            0.7396942645288931,
            -0.06771553322021745,
            0.2833451175264592,
            -0.9667065320779724,
            0.5122663206792255,
            1.5526384138040612,
            1.1109457005077934,
            -1.3221084714650673,
            -1.425906050118999,
            0.0974332301257538,
            0.6106000709511916,
            -0.6224886630290551,
            0.512975598635324,
            0.4204419922186309,
            -0.45877452510651706,
            -0.49892741656527717,
            -0.2288207383045611,
            -0.6410067636464917,
            -0.647686436775709,
            1.0099696049976037,
            0.6772581123882067,
            0.010963400225489186,
            -0.7867244219838309,
            -0.2991469016233529,
            0.865460309406467,
            -0.8805437901174346,
            -0.23446400594132838,
            -0.6439496673805712,
            0.0016252922293801511,
            -0.9199101879386273,
            -2.408377182931739,
            1.458270690407387,
            1.8075644157388724,
            -0.010157465310135698,
            -0.4693514977775977,
            -0.17578460857235695,
            -1.0524528161592845,
            2.6962645083276238,
            -0.5402959167641875,
            0.17788099166136284,
            -1.752202213818751,
            -0.08282708548298792,
            0.3346127474191395,
            -0.3714976376796536,
            0.8366720472360376,
            1.6718456546631248
        ],
        [
            0.7809152718183207,
            -0.7798417125542896,
            -0.1474347768580606,
            1.1492022337317473,
            0.5472748793884927,
            -0.6659913348794633,
            0.5549460411029619,
            -0.30372098347389165,
            0.11175080915596226,
            -1.2743865206705594,
            1.3267313410952886,
            0.07847094753613035,
            0.0,
            0.6097404241620427,
            -1.283759917685645,
            -0.06059461573999802,
            0.02436449686243376,
            -0.809630871219939,
            1.1654077869040522,
            0.5759646991591717,
            -1.2660006529771404,
            -0.3812597533471921,
            0.23803311845632463,
            0.41268658174440426,
            1.4868023454509913,
            -0.4259992231399146,
            0.2357272930630159,
            1.7386488593933764,
            -0.007377971786412706,
            -0.16729466153726436,
            -1.0951547040046141,
            0.3141776475474458,
            -0.550763036472818,
            1.0864744707591047,
            1.1535043817778419,
            0.39960338010325075,
            -0.7620141811529885,
            1.2719812791754033,
            0.3971803869858928,
            -0.007753488325478454,
            -0.9026797988905392,
            1.038325460668231,
            0.1929550219107904,
            0.47398319842679676,
            -1.1392543364755015,
            -0.04656774731603626,
            -0.18000686763427143,
            -1.0258455409240645,
            -0.23477003346192485,
            0.4275463734817711,
            0.7949562042338371,
            0.5555192157361459,
            -0.6925693848949162,
            0.521876127841504,
            1.451596710224905,
            -1.571784175923553,
            -0.7385456607867479,
            1.0047761395081756,
            0.8126162676619043,
            1.4214749247315634,
            0.5604953168094265,
            0.22594367204673282,
            -0.3770618318267068,
            -1.1818852157044526
        ],
        [
            0.5095127685042579,
            -0.12926245843211695,
            -1.5086316123942336,
            0.8457664683967226,
            0.9675581374682667,
            1.2133632033097308,
            -1.37976393878238,
            -0.9259495840318133,
            -2.137959422481683,
            0.9104979529101201,
            1.4044019304199105,
            2.340046754059826,
            0.6097404241620427,
            0.0,
            1.2803861593814687,
            -3.1917910716748032,
            0.05058482837772198,
            -0.14804241143117086,
            0.4020424777062314,
            2.5214643801063894,
            -0.6097074723138626,
            0.3926565755351961,
            -1.4541564951360975,
            0.9752002285601824,
            -0.5899184373516729,
            0.4028552511666185,
            -0.501913830798956,
            0.9388846988505873,
            0.10123656879524852,
            -0.20195509260543018,
            -0.48520885163534655,
            0.94625188882244,
            -0.3637868972875544,
            -0.31300869420363436,
            2.015596590486001,
            -0.6323567011646914,
            0.3329451280819693,
            -0.8130017960120909,
            -0.22338558165223912,
            0.08030076682611871,
            0.2981288484266147,
            1.0827018699096405,
            -1.2252834873940197,
            0.9890952969487392,
            -0.5500324647278483,
            0.07229068771201586,
            0.9931164820782566,
            0.5022646578826071,
            1.235138558899302,
            -0.0020982389475941417,
            -1.7113975070555962,
            1.5640801683694718,
            -0.8243523319120852,
            -0.49276059988038384,
            -1.571908886078059,
            0.19034022159203978,
            -0.45003089211060776,
            -0.8241932900354746,
            0.6965832587530503,
            0.7048521855954084,
            -0.5473359981155934,
            1.3039845925057436,
            -1.8559551672344479,
            0.05046196165475284
        ],
        [
            -0.3129711723725348,
            0.9193738884968771,
            0.9373441836505607,
            1.4414484277057582,
            0.9636187409327955,
            -0.5248442048221247,
            -0.21400062981281534,
            1.4816081503205782,
            0.011064997239943752,
            0.4189189752520452,
            -1.5953789186304628,
            -0.9433851321730194,
            -1.283759917685645,
            1.2803861593814687,
            0.0,
            1.2267257398265046,
            -1.774510865591179,
            -1.7756505608979865,
            -2.712908395986017,
            -0.43869561584530997,
            1.3612544754766691,
            0.3835143489105195,
            0.5329204933968887,
            0.6230464732528793,
            -1.1103515231564982,
            -0.13040238601185325,
            -0.7720191903185094,
            0.21551756053064877,
            0.7635727168973353,
            -1.5012836379062704,
            0.18641983266980056,
            -0.33563287155517096,
            0.4350407269838693,
            -1.0063647286092139,
            -0.528690332358018,
            -1.015786001388949,
            1.237667734976208,
            -0.7093460729656962,
            -0.13377465609913883,
            0.0879370213038835,
            -0.009672797574148576,
            0.03101242758460119,
            0.5113323482164237,
            -0.3443609662449739,
            -0.37787762034148137,
            -2.044315167431455,
            2.044838815178319,
            1.536714149986086,
            -0.04441240682862599,
            0.47671981984082373,
            1.1798132856393213,
            0.6634711882602962,
            -0.4450100671743493,
            -0.013950893992169712,
            0.8928099355529692,
            0.4761804915270129,
            1.4760804172103112,
            0.42202239025247384,
            0.22383920939380605,
            -0.3496584464919234,
            -1.1352559713288444,
            0.34789447106863935,
            1.1913320686165239,
            -0.055147077636005654
        ],
        [
            0.5266939318955574,
            -2.1098092958893973,
            -1.4894500425525856,
            -0.6697370937901417,
            0.790218691946493,
            -1.0373935939861603,
            -2.3216753026697274,
            0.07673613404192527,
            1.2190568776040085,
            1.3471088559635667,
            -1.851609789652321,
            -2.4145685449236143,
            -0.06059461573999802,
            -3.1917910716748032,
            1.2267257398265046,
            0.0,
            -0.26028520295482754,
            -0.034901454321241546,
            0.19224154403769003,
            1.1138971971832268,
            -1.4441074788956396,
            -0.8812240719605874,
            -1.5720861566627815,
            -0.9819383200163341,
            -0.029770067708496308,
            -0.8420592926772696,
            0.12608803240645935,
            0.05200741994037085,
            2.2765664484557666,
            1.7317350731296377,
            -0.39932223133013006,
            -0.06020424750644526,
            -0.13818802258770363,
            0.9130669717664702,
            0.7445308382578605,
            -1.7802746892161296,
            1.1221252091068896,
            -0.7295573030229332,
            0.8555244801869649,
            2.450209492365726,
            0.10060962267632419,
            1.506901948909378,
            -0.7913645197066923,
            0.0710644558064991,
            -0.3150313190387332,
            0.3486072950790498,
            -0.01969769068100422,
            0.3825740532518892,
            0.6615756580949692,
            0.05052792947560941,
            -0.7876118603417124,
            0.6788805603242589,
            0.554104032386707,
            -0.2878068404759951,
            -1.1940200207547882,
            0.7602318659660612,
            -1.1276702482232748,
            -0.436884405905072,
            0.9245825446507586,
            -0.5634044231577308,
            1.2604005710922193,
            0.1343031173988608,
            0.05502858478255428,
            -0.421779030081382
        ],
        [
            -0.004178325572812333,
            0.9635366800895301,
            0.4637175559787351,
            0.6036340062808938,
            -0.26546116690365806,
            0.3206839146193413,
            1.7126547990143053,
            -0.9834296242435485,
            0.8784322956246873,
            -1.9229384450122018,
            2.0018696319475366,
            -1.6328969487895466,
            0.02436449686243376,
            0.05058482837772198,
            -1.774510865591179,
            -0.26028520295482754,
            0.0,
            -0.3635497886720481,
            0.9828830493776206,
            -0.5016858762198004,
            1.2883376107725384,
            -0.7586846010240211,
            -0.03904877338156017,
            1.2765615349994992,
            -0.20440912298024955,
            0.6397401117148525,
            1.5139512174602299,
            0.5677641295720183,
            0.2726505552433683,
            1.3410877484263966,
            -0.14522946053323182,
            0.12737287533011818,
            -0.5709840126061829,
            -0.6318621333716529,
            -0.24518127529623307,
            -1.3416558402244354,
            1.4254639419422557,
            2.035377711155785,
            -0.25297590474849685,
            0.2749975176473294,
            0.6178347857613098,
            -0.6237849832006753,
            -0.6084518949494775,
            -1.5310890236809311,
            -1.1051739895995711,
            1.133496456764622,
            0.3627082045113761,
            -0.0551186625221907,
            -0.647237958016093,
            0.7446359194706357,
            0.014818547145990825,
            -0.764593203318563,
            1.0692063185132132,
            -0.17796886147996696,
            1.1467052879184445,
            1.05328505949343,
            0.871960211021551,
            0.062295399871358695,
            -1.5759486655960835,
            -0.4061063895497841,
            1.4841603448512104,
            0.3260987681042297,
            0.9692593486295685,
            -0.5396082704921318
        ],
        [
            3.1144689319869796,
            -0.5793578265119905,
            -0.22488771865222368,
            -0.6992804360471186,
            -0.21587200924646835,
            0.23274207650034132,
            0.6002940357937918,
            -0.7030002016891992,
            -1.776238940931308,
            1.7865469104571121,
            -0.6600089373984768,
            0.6984902619250989,
            -0.809630871219939,
            -0.14804241143117086,
            -1.7756505608979865,
            -0.034901454321241546,
            -0.3635497886720481,
            0.0,
            -0.012151671704441288,
            0.26744196866125053,
            0.7297766804745232,
            0.29575735033809963,
            0.5750982295214263,
            -0.8925675206200969,
            -0.796212019469073,
            -1.7067785252466638,
            -0.6569624771413867,
            -1.6069067670357282,
            0.1515654730000145,
            -1.7779581630083818,
            1.1649774520027771,
            0.012338300521623512,
            0.5071699284143291,
            -0.2158507812850928,
            -0.9108983031612321,
            -0.9387639156965956,
            0.17413755493801528,
            1.4980967540793004,
            0.6651714303559974,
            -1.3628214452465408,
            0.0958233376134562,
            -0.08892008520690975,
            0.03702446737001043,
            0.1692921427949795,
            0.0818160944167967,
            0.6395221182274252,
            -0.16429763687894977,
            2.3522099637547185,
            0.017170565250293278,
            -0.08728646747096011,
            0.6393332073878285,
            -1.373491954614141,
            -0.9018774420684742,
            -0.04136725367835227,
            -0.5586277844870616,
            -1.19637528647228,
            0.6983626097530767,
            -0.8734521075888967,
            0.8656702352210769,
            1.9045164929133958,
            -1.295457590162462,
            1.200419060163447,
            0.5662998764117401,
            -0.07159242212446174
        ],
        [
            -0.5738008172793623,
            0.5463274871709908,
            1.3207111189285685,
