{
    "N": 64,
    "id": "af80b035-1084-4c87-aa75-1d71734fb7f6",
    "problem_type": "SK Spin-Glass",
    "distribution": "gaussian",
    "spins": [
        1,
        -1,
        -1,
        -1,
        1,
        -1,
        -1,
        -1,
        -1,
        -1,
        1,
        1,
        1,
        1,
        -1,
        -1,
        1,
        -1,
        -1,
        1,
        1,
        1,
        1,
        1,
        -1,
        -1,
        1,
        -1,
        -1,
        -1,
        -1,
        1,
        -1,
        1,
        1,
        -1,
        1,
        -1,
        -1,
        -1,
        1,
        -1,
        1,
        1,
        -1,
        -1,
        1,
        -1,
        1,
        1,
        -1,
        1,
        -1,
        1,
        -1,
        1,
        1,
        1,
        -1,
        1,
        -1,
        -1,
        -1,
        -1
    ],
    "couplings": [
        [
            0.0,
            0.46435917664179627,
            1.4213836294641657,
            0.5683872871596292,
            -0.4361053462431073,
            0.15113543713068323,
            0.7376095912570255,
            -1.471539688758207,
            -0.92826136653157,
            1.2446812894984647,
            0.28333478648428845,
            1.3925253084591005,
            1.658842409549743,
            0.25990377730828174,
            1.6679458681142298,
            -0.1882412430008475,
            -2.815064348470748,
            -0.40186481678463476,
            0.7447911045474869,
            -0.5346269354704879,
            0.37351117721110993,
            -1.7065456571631197,
            1.2469210180390786,
            -0.16099327698095914,
            -0.6499065153870467,
            1.0978721976120114,
            0.25987883406636175,
            0.23618830007900063,
            1.0005714404210844,
            -1.1347237655251339,
            0.8573078562822546,
            0.5526173687077824,
            1.2170508952885337,
            -1.2848773321799603,
            -0.17512544900105145,
            -0.8057494012049262,
            -0.5464643756151899,
            0.39425790509617326,
            0.48990409621328795,
            -0.0375278475376367,
            0.4949794492310534,
            -1.4001212027757197,
            0.3168235693927306,
            0.4998342359572344,
            -0.5515540693720202,
            0.2849418209256995,
            -1.5003654997100164,
            -0.8010003830046823,
            -0.41481060080579246,
            -0.20584468952000143,
            1.344633534683555,
            -1.3612363053065692,
            -0.5912075065165453,
            -0.43095456155339923,
            -0.45464232818184286,
            1.1725384219180832,
            -1.101300749004033,
            -1.8067374867967134,
            1.002602136630996,
            0.1124035595423814,
            -1.0403951063638588,
            -0.1990053473387627,
            -1.3917616871376144,
            -0.7568522024483428
        ],
        [
            0.46435917664179627,
            0.0,
            0.515028460185647,
            -2.1712868409616775,
            -1.0957376038892808,
            0.21129606879144497,
            -2.0807638654054426,
            0.19339376248009407,
            1.6047929196033601,
            -0.5729609910546208,
            1.0692404764208199,
            0.9661520560000415,
            0.18439884234257137,
            -0.6606159414211993,
            1.2078484692481677,
            -1.0964209678036505,
            -0.02668374115859839,
            -0.6542627263398183,
            1.399961007446859,
            -0.21793623945211166,
            0.6329440544827547,
            -0.8428883938517127,
            -0.5650236561224279,
            -1.1478372532394832,
            -0.9245716579622134,
            -0.18060826221866036,
            -1.5465221845356776,
            -0.40137439170705624,
            -0.6062463712648827,
            0.7026706639773973,
            -0.453923120664192,
            1.0999218706855436,
            0.7925046997336191,
            -2.3930633920856734,
            -4.019452737259786,
            1.234972375920817,
            -0.26079765426268703,
            0.012573834105225806,
            0.3594349885213088,
            -1.1753933742059126,
            2.2619353088285252,
            -0.5195404102940381,
            1.6744210845132848,
            2.304240461949477,
            0.09631695648881959,
            -1.5454502336789164,
            -0.4322975569960383,
            -0.34747599421061653,
            0.2997618913950695,
            -0.44780773091738907,
            1.6099959565162423,
            -0.15157414958327595,
            1.199561407524866,
            -1.7635128701975333,
            -0.22087901604056,
            -0.623594918817648,
            1.3883684684069022,
            0.8674134808469406,
            -2.2403700433874754,
            0.16428538651811844,
            -1.1701370545045369,
            -1.5320540341347568,
            0.9441650847247823,
            -1.4504094706478994
        ],
        [
            1.4213836294641657,
            0.515028460185647,
            0.0,
            0.9153163032557458,
            1.6154470091585984,
            0.19874539112002854,
            -2.1346087239716414,
            0.3538107807890741,
            -2.708977575728691,
            -1.5955371183305171,
            -0.09482494367525432,
            0.9114727540991931,
            0.6042287832995253,
            -1.1789139214698163,
            1.0071883108730235,
            -0.7418218628006976,
            -0.06151515351274774,
            -1.413998017506941,
            0.4917542180454664,
            0.8388982111955716,
            0.569791352363589,
            0.4101864309598667,
            0.3933433675013066,
            1.510580615327559,
            0.12917504219916268,
            -0.12714510115736272,
            -0.4039623956588314,
            -0.7350117145664874,
            -0.5060267724938844,
            -0.9201152329343739,
            1.319489364540582,
            0.348889639924216,
            -0.7677586684447336,
            -1.62365087708999,
            -1.985808906876927,
            0.520682930115777,
            0.7883983625278761,
            0.1917114942655498,
            1.5737239141107031,
            -0.5751027773851309,
            -0.16640700566407612,
            1.256907902724261,
            -0.18340271720201023,
            1.5446337141062119,
            -0.08244152722439202,
            -0.022331114806367774,
            1.3492882607282148,
            0.293979942994591,
            -0.26464727934535026,
            0.8560384890584483,
            -0.17309895768687858,
            -0.19257867469345127,
            -0.33278977584691216,
            0.5877609885220402,
            0.9899517664598664,
            0.3914091723315408,
            0.6149841541623438,
            2.930694726804764,
            -0.5455127428746247,
            0.48621767717718567,
            -0.5985908681122313,
            0.3775306194990118,
            -0.04781658543809663,
            0.6241645323118036
        ],
        [
            0.5683872871596292,
            -2.1712868409616775,
            0.9153163032557458,
            0.0,
            -1.8198072708866895,
            0.27057048511396886,
            -0.09704867958602775,
            0.30290215853432934,
            0.7804357448327398,
            0.5253938801329067,
            1.7004878239257166,
            1.263777937532368,
            -0.3049806929473177,
            0.8600481624375692,
            -0.7787677912137031,
            -0.353652984246657,
            0.27547178027820507,
            0.8233865181892637,
            0.7554488947325219,
            -0.1342902061837328,
            0.6261028889393896,
            -0.3158109655415188,
            1.3363455621396803,
            -1.0502409005790008,
            -0.574743220372272,
            0.3917354332971877,
            -1.3786951212107759,
            0.738165973967148,
            1.5670106048497718,
            -0.6560397361074437,
            1.148018600162684,
            -1.0492569903931885,
            -0.4263791185346871,
            0.8249171925174446,
            0.3347095705278722,
            -0.3214055661592385,
            -0.7320756812729325,
            -0.4924823089135214,
            -1.9223135774185978,
            0.19226817671537857,
            -0.2659279644267332,
            -0.3858837710391958,
            -0.32008100006026724,
            -1.280336366871398,
            -0.4188139543661375,
            -0.8119403262068684,
            2.9257655553031996,
            1.4244016275536822,
            1.4149393097787135,
            -0.5195809403126491,
            2.144691775434987,
            0.8717632262780106,
            0.220506337291683,
            0.5982167064110507,
            2.0719219082399456,
            0.43503540587144257,
            -1.7480410452516875,
            1.1215241948668573,
            0.0523023155186079,
            2.216174593245666,
            -1.1653676856061175,
            0.9668992444158656,
            0.7839543347274547,
            -0.13150856841894107
        ],
        [
            -0.4361053462431073,
            -1.0957376038892808,
            1.6154470091585984,
            -1.8198072708866895,
            0.0,
            -0.2950743881690976,
            1.1487621196679463,
            0.2440700302429734,
            0.9458169506315025,
            -1.0564263495097779,
            -0.09059922293453754,
            0.17923471621984916,
            -1.2255022230014085,
            1.6111733444084702,
            -1.6590310207781085,
            -0.6144768323701114,
            0.43555599672640993,
            -0.19535523841175823,
            -0.5720216345919354,
            1.167009636615013,
            1.024817917163183,
            0.03177572142818372,
            -0.593097478363941,
            0.32979932375353577,
            0.9240430344319417,
            -1.2093293812654478,
            1.6396445241216442,
            -0.6170367689346873,
            -0.4735101098322125,
            0.2946826117892887,
            -1.4335400159897753,
            -0.7954641404328807,
            1.690805791200946,
            1.506792011084214,
            -0.9304726126693388,
            -0.5783436918991608,
            1.387822226828445,
            -1.6666140406746954,
            -0.9667078520693193,
            0.6785540953693162,
            1.07212059942751,
            -1.0931066505613691,
            0.18960114599016809,
            -0.8059719231246407,
            -0.6803297038222941,
            1.1377784753136786,
            -1.2861194445007902,
            -0.8833329119194281,
            0.43814458402167844,
            -0.5293151580689198,
            -0.4406219057795169,
            -1.2314129211269065,
            0.5370898426131613,
            -0.18417294427719264,
            -0.7089104805144746,
            -0.3773910571572239,
            0.07427818082484923,
            0.4066512707554463,
            0.7348330557859657,
            -1.5673133230884513,
            -1.234874103807411,
            0.5947938190546285,
            -0.43947061256581904,
            0.5068414002234732
        ],
        [
            0.15113543713068323,
            0.21129606879144497,
            0.19874539112002854,
            0.27057048511396886,
            -0.2950743881690976,
            0.0,
            -1.4324311081220633,
            -0.03061721406921475,
            -0.1892012371614486,
            0.5810084855187639,
            0.32242754418740815,
            -0.6765699485358428,
            0.7022166848850493,
            -0.10039216543990494,
            -1.1164412219279005,
            -0.22299382988878916,
            -1.1270514748639164,
            -1.1718056009474807,
            -1.0029606669930726,
            -0.667987607996635,
            0.22369005889383298,
            -0.8253077816311803,
            -0.23011379997554776,
            -0.6595013529979133,
            -2.581478446269707,
            -1.9336254475696955,
            -0.2892755603242393,
            -0.35261385620195457,
            0.9162970895369639,
            2.194220877465268,
            0.11858869032897959,
            -0.20500397903349804,
            -0.27020874647238724,
            0.9586496110815572,
            1.2598193886562805,
            0.7613745976184968,
            0.19159486200782733,
            0.4310548685095929,
            -0.8764460092929132,
            -0.796037680653029,
            0.35698911631132135,
            -1.5521001820815592,
            3.3993424246190886,
            -0.04012677691410267,
            0.43591314589134333,
            -0.1012613564250969,
            0.7423640445429167,
            -1.8528136864170206,
            -1.704752284069186,
            -0.24049130629785914,
            -0.4780706254506655,
            -0.7948084995422259,
            -0.4835385407660025,
            -1.9271286301613222,
            -0.5608311582456174,
            -1.0650333647396606,
            0.4433409549679792,
            -0.0986059647689685,
            -0.12594270196640117,
            0.4111446136390087,
            -0.16341526854354604,
            -1.5774552567912097,
            -0.4065342397967389,
            0.8223867565053778
        ],
        [
            0.7376095912570255,
            -2.0807638654054426,
            -2.1346087239716414,
            -0.09704867958602775,
            1.1487621196679463,
            -1.4324311081220633,
            0.0,
            0.8056123233056174,
            -1.3131859806474342,
            -0.2153612498708461,
            -1.1113039389132398,
            0.4517857920233411,
            0.6049425838296786,
            -0.02781422900721457,
            0.14918566687015225,
            0.07310413018067635,
            0.58965345852516,
            0.32520701673951763,
            0.6276198710017787,
            -2.331681531372621,
            0.5915843598189596,
            0.25571978819697627,
            -0.5739593428041845,
            0.5371447560402728,
            -0.1974879854639101,
            1.311540590317052,
            -0.8496720106614619,
            1.4329941910495334,
            2.18037690674383,
            -1.4202103098579,
            -0.8177903554414317,
            2.524078065536618,
            1.3812838121442945,
            0.6593387864089078,
            -1.0307565321030716,
            0.14221424129853313,
            -1.8666366010536963,
            -1.33267200433166,
            -0.26572163939258137,
            2.2804775460633095,
            -1.7396359901142386,
            -0.6625499905208075,
            -0.6495185672049759,
            -0.5800334623804129,
            -0.45915405815877797,
            0.9596435576984458,
            -1.2205486039606361,
            0.2554358189524006,
            0.55399661206981,
            -0.7001311749004385,
            0.05816691508394194,
            -0.11444686814534334,
            0.5408559451409704,
            0.701930211312484,
            -1.091667843549719,
            -0.38813685128737374,
            0.9171980390526554,
            -0.9310179811666007,
            0.4693813552189463,
            2.262800502261692,
            0.49823965557934335,
            0.15751272113868295,
            -0.6337666717160789,
            -0.9809059335124181
        ],
        [
            -1.471539688758207,
            0.19339376248009407,
            0.3538107807890741,
            0.30290215853432934,
            0.2440700302429734,
            -0.03061721406921475,
            0.8056123233056174,
            0.0,
            -1.7937316515858504,
            -0.9383278464435213,
            0.9972129265225075,
            -0.9896911072537223,
            -0.02586640206983653,
            -0.7323646454232068,
            0.44469862416117384,
            -0.12011243314879677,
            0.23018562488627597,
            -1.2487789503337523,
            1.5351646665659886,
            -0.3435883994516901,
            -0.830857533716002,
            -0.20515839752707152,
            -0.33696051600317306,
            -1.6179174759595587,
            0.19194339796843451,
            0.9695107924144083,
            0.6208119926495491,
            0.5340262698359681,
            0.7891237776220422,
            -0.726649141889836,
            -1.0097515247327833,
            0.437076808706731,
            0.7949615005375998,
            1.4058204726296577,
            -2.5656238103054605,
            -0.35116269610637785,
            -1.4642475937728132,
            0.08966817565600425,
            -0.8251866795443107,
            1.2816018665599718,
            1.1047906679774309,
            1.3240741990145861,
            -0.40728289431250964,
            -1.1664899205262813,
            -0.6907503820534234,
            -0.534833683009593,
            0.007297551520799342,
            0.41412203803846054,
            -3.0034638901540904,
            -1.1310885418254608,
            0.6100521809605318,
            0.7720231680693115,
            -0.1264535389182163,
            2.5144591890585803,
            -0.732466471505987,
            -1.0866074634323397,
            -0.5312642492788181,
            1.5913053764341096,
            -0.4425571975754847,
            0.34112070704953723,
            0.5007369455285029,
            -2.683162551053821,
            0.926624086370489,
            -0.7660800124107394
        ],
        [
            -0.92826136653157,
            1.6047929196033601,
            -2.708977575728691,
            0.7804357448327398,
            0.9458169506315025,
            -0.1892012371614486,
            -1.3131859806474342,
            -1.7937316515858504,
            0.0,
            -0.12762670130151724,
            -2.1936478440913167,
            0.6981964330948869,
            -2.0258020224082083,
            -0.7058183407946468,
            -1.5815218497358539,
            -0.8170896896617831,
            0.2564725786988472,
            0.3643395073843987,
            -0.5279334003773498,
            1.436365863319435,
            -0.4440007324550156,
            0.5097838756533728,
            -1.1817970452772448,
            0.562725782168391,
            0.006302195907050108,
            1.0881126186597752,
            0.2219938124680523,
            -0.7949487496528991,
            0.3842811737121768,
            0.34280623903478374,
            -0.4648870140716339,
            0.26978079954344686,
            -0.8044822542931191,
            0.41047735040239164,
            0.6090920052951289,
            -1.05128226037965,
            -1.6710541753978208,
            0.7060047544641719,
            -0.2272069415317549,
            -0.46865784958347845,
            0.2625201289453379,
            -0.17322165162294445,
            0.4198076113773168,
            0.4794226391449497,
            0.7761321584519032,
            -1.0510717407557375,
            -0.32516983614820205,
            1.0052076345615775,
            -0.5628541626166333,
            0.1572302831087291,
            -0.45971473359115295,
            0.5929540383668447,
            0.10527116559142974,
            0.3827629486016299,
            2.0791852170179888,
            0.4900591642871607,
            -0.6702397033595376,
            1.1646939004385486,
            1.4621564052963245,
            -0.7984491063530582,
            0.6955492527895555,
            -0.4225345039741585,
            0.6200126682871141,
            -1.6747254089281598
        ],
        [
            1.2446812894984647,
            -0.5729609910546208,
            -1.5955371183305171,
            0.5253938801329067,
            -1.0564263495097779,
            0.5810084855187639,
            -0.2153612498708461,
            -0.9383278464435213,
            -0.12762670130151724,
            0.0,
            -0.8558566101360701,
            0.7977105131385754,
            -0.24758936368563342,
            -0.0695977949862327,
            0.29406813001966065,
            0.34010729988993127,
            -0.7899716803451061,
            -1.155160382717272,
            -1.7281009136328918,
            0.7173484318038459,
            -0.33793876829970243,
            -0.35579100288490817,
            0.7121361365994838,
            -0.4869853947811353,
            -0.0796865408838098,
            2.420372205001088,
            0.38041055134069474,
            -1.2749862431253565,
            -0.1353055847790142,
            1.223566567162359,
            0.09089460358384115,
            0.7093899617610888,
            1.3472296919370572,
            -0.865607182519415,
            0.5575220599078728,
            -0.04668236805262576,
            -1.2593769660111855,
            1.541207516895056,
            1.0559524965075304,
            -0.9456614315331722,
            -0.1789246969158341,
            -0.3169801301324443,
            0.5103416864674116,
            1.4461823825785658,
            0.548743632438124,
            0.8387538458118048,
            -0.7744767211845291,
            0.1812043488631192,
            -0.11915918558797797,
            -0.25060113237112713,
            -0.6680625002417435,
            -0.742305306484162,
            0.9539222232292263,
            -0.3701223417986798,
            -0.27043789691952197,
            0.605074861763342,
            -1.0093134179925487,
            0.6084497296033051,
            -0.6685068575410964,
            -0.6588037620150091,
            -2.847939863845282,
            -1.1056394949255348,
            1.4075600278217335,
            0.7710203243943656
        ],
        [
            0.28333478648428845,
            1.0692404764208199,
            -0.09482494367525432,
            1.7004878239257166,
            -0.09059922293453754,
            0.32242754418740815,
            -1.1113039389132398,
            0.9972129265225075,
            -2.1936478440913167,
            -0.8558566101360701,
            0.0,
            0.49527307341647225,
            -0.5347045805885318,
            0.6480458984725787,
            1.6010899739614373,
            0.5705227472405299,
            -0.9389804722564601,
            0.7276411771977277,
            1.5799665966511909,
            1.1600806532137165,
            -0.45503671855508687,
            0.9350309832319902,
            -0.04103271326822802,
            -0.24975636135087861,
            -1.075810459909744,
            1.031083811322528,
            0.05190152030413526,
            -1.4758480526046893,
            0.370516849068403,
            -0.48916776349534385,
            0.6183055721066101,
            0.05106276450731162,
            -0.22836264791398633,
            -1.292358972912478,
            1.091781312165305,
            -1.5151205906251415,
            0.14504505032573933,
            -2.155981195664324,
            -1.7276556107147514,
            0.3677737196401037,
            0.9078943223588164,
            -0.4307478547107595,
            -0.9596151857344514,
            -0.823408037675781,
            -0.631858120921407,
            -2.6538766516584866,
            -2.896895593937933,
            -0.42868350766975644,
            0.018838526378614526,
            1.1884661851996723,
            -0.2787049766066927,
            -1.1531176374735173,
            0.760770180561648,
            -0.7919781621021179,
            1.0018361415861392,
            0.5550030389827142,
            1.2101792750227236,
            -1.057587915342353,
            0.9312898111883335,
            -0.4421634550487156,
            1.9114252365911497,
            1.126503059582615,
            -0.6150377228286882,
            -0.6258794935287427
        ],
        [
            1.3925253084591005,
            0.9661520560000415,
            0.9114727540991931,
            1.263777937532368,
            0.17923471621984916,
            -0.6765699485358428,
            0.4517857920233411,
            -0.9896911072537223,
            0.6981964330948869,
            0.7977105131385754,
            0.49527307341647225,
            0.0,
            -1.6742796915137927,
            -0.7913865473597573,
            -1.2386405410738734,
            1.1605843463930876,
            0.5081220180431839,
            0.5018794277793649,
            0.07119180925748729,
            0.05433169265269167,
            -0.6801008165300428,
            -0.3218309277448587,
            -0.06371955598373841,
            0.6396001895232927,
            0.31152196175550445,
            -2.8553232902881036,
            1.6532974843689536,
            -0.7280715348907452,
            -1.8181098179192121,
            -1.029745212600866,
            1.297298098239603,
            0.21876827245261743,
            0.04571424092028535,
            -0.5144431744605639,
            0.5512574866092043,
            2.3692235727887896,
            1.1040930411824998,
            -0.8360849645095252,
            -1.2522695874486378,
            0.6787404279083091,
            0.22303128368241462,
            -0.41693051998704506,
            2.3023356445972123,
            0.6316127645519214,
            1.4590730760325785,
            -0.5013525387830754,
            1.515782936792264,
            -0.2209081146882014,
            -0.8163695244324176,
            0.9092256651247093,
            1.9513655823102296,
            -0.8331473076484301,
            1.447930289268204,
            0.5212180231793221,
            0.8771619187362536,
            -0.41057916488410806,
            0.42682540824298343,
            0.9142441231560753,
            -0.6399867211646737,
            0.46773227632562236,
            -1.4365164901953293,
            1.680092173327221,
            0.28507648763355026,
            1.0052678823128482
        ],
        [
            1.658842409549743,
            0.18439884234257137,
            0.6042287832995253,
            -0.3049806929473177,
            -1.2255022230014085,
            0.7022166848850493,
            0.6049425838296786,
            -0.02586640206983653,
            -2.0258020224082083,
            -0.24758936368563342,
            -0.5347045805885318,
            -1.6742796915137927,
            0.0,
            1.565042689831911,
            -0.6606842339615158,
            0.4279300428504108,
            -0.4793812207082687,
            -1.0119364273252343,
            -0.10258377253832097,
            1.4883090736488467,
            0.16930638538314977,
            -0.17365988472999344,
            1.5066549730963368,
            0.9053077185622305,
            1.137963157355597,
            0.04857820304676908,
            0.009623744775207546,
            -0.5592903447239596,
            0.8506418733892538,
            -0.1984306436513779,
            -0.7298879108665216,
            -1.0899935891926942,
            0.7613245905742473,
            -0.6410284634576755,
            0.8695435438910316,
            0.6428693029106999,
            0.3430141627068917,
            -0.0926931812724765,
            0.06933444647972255,
            0.3075083398240995,
            -0.6169715982464158,
            1.3785070201472671,
            0.2541727939374217,
            0.36005304459665577,
            0.12420897112731427,
            1.1390130320173295,
            -0.9885414533643013,
            -0.13044495391797126,
            0.619382485265028,
            0.7509282603155663,
            -0.6289052307753892,
            -0.12257114768348347,
            -0.5830802484485522,
            -0.8918236393643475,
            -1.0539903091369205,
            -2.4332213016143607,
            0.3961091857719126,
            0.06998347236362938,
            -0.35151661125238637,
            0.823903534471418,
            -1.5836415767607945,
            -0.3683611898344995,
            -0.1963424025180513,
            1.6922919033701591
        ],
        [
            0.25990377730828174,
            -0.6606159414211993,
            -1.1789139214698163,
            0.8600481624375692,
            1.6111733444084702,
            -0.10039216543990494,
            -0.02781422900721457,
            -0.7323646454232068,
            -0.7058183407946468,
            -0.0695977949862327,
            0.6480458984725787,
            -0.7913865473597573,
            1.565042689831911,
            0.0,
            0.5271196314732319,
            0.7215358212553332,
            -1.2302934182070873,
            0.3110437825640819,
            0.4495841986817305,
            0.41162315776622943,
            0.028753852490435727,
            1.4849427639162995,
            0.4159002033450677,
            1.0855336459947857,
            -0.36838383449777024,
            0.2097913021919643,
            -0.40991989830859277,
            0.012584916371435387,
            1.8395149260812995,
            0.5095273394637676,
            1.3629521548612968,
            0.27446426490987635,
            -0.21616938033722718,
            0.8372278896922019,
            0.3435791454119392,
            0.6698363700558737,
            -0.23528221410696534,
            0.9821611886510311,
            0.5020280891973223,
            0.4408816950409614,
            -2.406334750134471,
            0.42424554506553747,
            -0.6940699387986864,
            0.9731631655347419,
            0.7879358147522215,
            0.8182188570518987,
            -1.2529959482796653,
            -1.3917897484687858,
            0.8206064201447221,
            1.1157626933090379,
            -1.0644653524409868,
            -1.087840539070214,
            -0.6359540190827787,
            -0.42833167839500697,
            -0.4794067972319247,
            0.3635154552545569,
            1.1018581964455179,
            1.3434339712223857,
            -0.3952024250894993,
            1.2652563340793552,
            0.994867786022982,
            -0.2934268952063727,
            2.026243497380828,
            1.2109194403797072
        ],
        [
            1.6679458681142298,
            1.2078484692481677,
            1.0071883108730235,
            -0.7787677912137031,
            -1.6590310207781085,
            -1.1164412219279005,
            0.14918566687015225,
            0.44469862416117384,
            -1.5815218497358539,
            0.29406813001966065,
            1.6010899739614373,
            -1.2386405410738734,
            -0.6606842339615158,
            0.5271196314732319,
            0.0,
            1.523636026056381,
            -0.13110867872812668,
            -1.9720406889546704,
            1.865239118625835,
            -0.590749009867873,
            -1.2445777323162825,
            1.1486617557592511,
            -1.118585776522163,
            -0.6878558869797681,
            0.34662026952497094,
            -0.3341160760707027,
            0.6533307449820172,
            -1.265127378049348,
            -0.5010527809730198,
            -0.36635149197460565,
            0.4532920686975117,
            -0.3955734720102771,
            0.49219549516041433,
            0.19216127988543555,
            1.2063295914718424,
            -0.9294428652622397,
            0.7147919779547139,
            -1.2685604168318272,
            0.5079425037634074,
            0.5254906292397644,
            0.5961003701544219,
            0.6967896941505269,
            -1.563395825347523,
            -1.4086494880019538,
            0.7399524646321104,
            -0.6841237987325707,
            0.8609065003823637,
            0.03050350619469637,
            0.784507490021921,
            -0.23486158304517588,
            -1.2428197682084203,
            -1.0521498239819034,
            0.45373093202601766,
            -2.061649484723075,
            2.3624992633998723,
            -1.416062629772652,
            0.03486112174371582,
            -1.8326858524009957,
            -0.488640208667618,
            -0.2629412273608327,
            0.976903461099301,
            -0.6654770871660834,
            -0.4660744749300986,
            -0.09214415072408469
        ],
        [
            -0.1882412430008475,
            -1.0964209678036505,
            -0.7418218628006976,
            -0.353652984246657,
            -0.6144768323701114,
            -0.22299382988878916,
            0.07310413018067635,
            -0.12011243314879677,
            -0.8170896896617831,
            0.34010729988993127,
            0.5705227472405299,
            1.1605843463930876,
            0.4279300428504108,
            0.7215358212553332,
            1.523636026056381,
            0.0,
            -0.5701232992060922,
            -0.582820344204033,
            -0.26699826771938046,
            0.6384195289760596,
            -1.5798203077790094,
            -2.148581080818714,
            -0.7731743400568282,
            -0.8306810285304238,
            -1.4585105219010013,
            0.23430109892592954,
            1.4278802984765515,
            0.2783173454189484,
            -0.4408769206354901,
            -0.1667029447531688,
            -0.4496765597786738,
            -0.18358103431145195,
            0.19329652783419493,
            0.12235872352592685,
            0.25253790372577734,
            -0.7437358872220518,
            -0.1334741430713188,
            0.5542905555070019,
            0.4075526021493859,
            -0.5401217259673217,
            0.2985899498883173,
            -0.19338266325112446,
            2.387018508225411,
            1.6080243523587865,
            -0.061438550355067525,
            0.9535326954936068,
            0.008442863066815347,
            -0.9715509964466983,
            0.6476300052554101,
            -1.2898965308370491,
            0.913644635691865,
            -0.019149926992299105,
            1.2389836860782106,
            -0.9590193516240781,
            -0.58600751666953,
            -0.39184796534411004,
            -0.8470949198197363,
            -1.0102945679305455,
            1.7443984268022104,
            -1.314853075357362,
            1.5118865255682603,
            -0.21776253287686703,
            1.7830605939914868,
            -0.9084144349252429
        ],
        [
            -2.815064348470748,
            -0.02668374115859839,
            -0.06151515351274774,
            0.27547178027820507,
            0.43555599672640993,
            -1.1270514748639164,
            0.58965345852516,
            0.23018562488627597,
            0.2564725786988472,
            -0.7899716803451061,
            -0.9389804722564601,
            0.5081220180431839,
            -0.4793812207082687,
            -1.2302934182070873,
            -0.13110867872812668,
            -0.5701232992060922,
            0.0,
            0.2928178050063859,
            0.34744071479807676,
            0.6297677510749689,
            -2.3918762759715917,
            -0.608461631799013,
            -0.7471429195653454,
            1.0003222040677673,
            1.4421304268500252,
            1.4262427069730457,
            -1.258822641358748,
            0.28159565987251167,
            -1.2151415478060403,
            0.4122093185738401,
            0.7075305637674605,
            -0.4261578104264974,
            -0.8546094923339728,
            0.15827982369279167,
            0.2915308379548068,
            1.2673539973581227,
            0.8545782369415604,
            1.057110871838223,
            0.294681654065735,
            -1.68772941970996,
            -0.9582063690426291,
            -0.42058746732034646,
            -0.18087425309758515,
            -1.2566542893364303,
            -1.1516542801741398,
            0.492481859599661,
            0.5136377547458563,
            0.4958456618709913,
            -0.06175565907900797,
            -2.3040973470216097,
            0.5486559933520776,
            -0.37159919599829155,
            0.7764131783788256,
            0.2800105798129118,
            -0.4692055192832349,
            -0.2690007062025615,
            -0.017893050145527594,
            -0.16200401624192898,
            0.29578012330517345,
            -1.038977120977449,
            -2.550089653714009,
            -0.9596104778473198,
            -0.7656805592539714,
            -1.5670845329823273
        ],
        [
            -0.40186481678463476,
            -0.6542627263398183,
            -1.413998017506941,
            0.8233865181892637,
            -0.19535523841175823,
            -1.1718056009474807,
            0.32520701673951763,
            -1.2487789503337523,
            0.3643395073843987,
            -1.155160382717272,
            0.7276411771977277,
            0.5018794277793649,
            -1.0119364273252343,
            0.3110437825640819,
            -1.9720406889546704,
            -0.582820344204033,
            0.2928178050063859,
            0.0,
            -0.007568696248911577,
            1.1690252295894663,
            -1.523630173114386,
            -0.4349111599393839,
            -0.7892927522497573,
            -0.09856168511571622,
            0.6015864198702947,
            -0.6225128009664526,
            1.046973627002402,
            -0.017098791495637904,
            1.2004195134539637,
            -1.426885855568375,
            0.6403905343587586,
            0.8051840125230141,
            0.7630819031210866,
            0.3573884746541807,
            0.4352920733852006,
            0.5039973469424271,
            -0.11351935295722407,
            1.3846173789446512,
            -0.3075348881923062,
            1.446034261857096,
            0.8778637962218538,
            -0.8714376659853916,
            -0.06154260112839967,
            0.16276932763827415,
            0.7260011606816001,
            -0.3030422249487384,
            0.5211270559032226,
            -0.7358679103664688,
            -0.3795518659510116,
            0.7681555048278891,
            -1.0912067381133312,
            -1.6440447174028492,
            2.1766130415574105,
            -0.2308128859890561,
            0.4659716738765028,
            -0.5672789504844877,
            -0.12663151304176823,
            0.6522044204747457,
            -2.391804224672422,
            1.2437976588038067,
            -1.0376461358375064,
            -0.24532115913865674,
            0.49916942715389245,
            -0.8895436054170148
        ],
        [
            0.7447911045474869,
            1.399961007446859,
            0.4917542180454664,
            0.7554488947325219,
            -0.5720216345919354,
