{
    "N": 64,
    "id": "f6d79ea0-90d0-4376-abeb-47afd9ee7b78",
    "problem_type": "SK Spin-Glass",
    "distribution": "gaussian",
    "spins": [
        -1,
        1,
        1,
        -1,
        -1,
        -1,
        -1,
        -1,
        -1,
        -1,
        1,
        1,
        1,
        -1,
        1,
        1,
        1,
        1,
        1,
        1,
        -1,
        -1,
        1,
        -1,
        1,
        1,
        -1,
        1,
        -1,
        -1,
        1,
        1,
        -1,
        1,
        -1,
        1,
        -1,
        -1,
        -1,
        -1,
        -1,
        -1,
        -1,
        -1,
        -1,
        1,
        -1,
        1,
        1,
        1,
        1,
        1,
        -1,
        1,
        -1,
        -1,
        1,
        -1,
        -1,
        -1,
        1,
        1,
        1,
        -1
    ],
    "couplings": [
        [
            0.0,
            -0.03127367004775524,
            -0.7086219230697118,
            0.1808656463889448,
            0.609237400388321,
            0.39262592155986975,
            1.1915873953804852,
            0.15831308343500736,
            0.8778077509221979,
            -1.7204411548222474,
            -0.34516122627115986,
            -1.2743557713741784,
            2.3112252928792487,
            -0.4937734940075945,
            0.20104495645026266,
            -0.10248201122371858,
            -0.33063301625587194,
            -0.3492552157332906,
            1.2639306621061488,
            -0.29858155126167146,
            -0.38749502418020104,
            -0.637470816439797,
            -1.3269126023686424,
            -0.1280107361760775,
            0.6061759875963301,
            -1.0606910004888035,
            -2.004901441127948,
            0.7381569930003704,
            -0.20137153516586215,
            0.31591811217457977,
            -0.5001092640831716,
            0.3530317746479667,
            -0.2830611040794354,
            1.069354361512183,
            1.9205900698004945,
            0.3932642011094475,
            0.6750494570094764,
            0.17945429054478582,
            -0.3360878598751475,
            -0.40663005411652053,
            0.6067694428962795,
            -1.030937416734838,
            -0.5769393049589818,
            -0.3700764878337785,
            0.4467341010903706,
            -0.0642408658600183,
            -0.0956518476856138,
            0.5616832121280431,
            1.3402993734722772,
            0.14362360123228507,
            -1.2274417149139965,
            -0.5871073492987767,
            4.310793606506283,
            -0.2593013980722041,
            -1.0071157942124238,
            0.5350724325288904,
            -0.48711090501014337,
            0.27871950339949664,
            0.638728331737079,
            -3.085089152505991,
            -0.004844874976489792,
            -1.8688359753413317,
            1.266885650607257,
            -0.09065950333952141
        ],
        [
            -0.03127367004775524,
            0.0,
            0.4145547728568206,
            -0.6742453835243474,
            -0.22997801008856164,
            -0.9081652522924085,
            0.6937959614247508,
            -0.914003042351402,
            -0.4713539736270206,
            0.6282040254612778,
            0.3750315872188912,
            0.1236726790708973,
            -0.8925006871217871,
            -1.2354978855146834,
            0.49284657229455636,
            -0.02819598848801592,
            -0.10580029321266897,
            -0.9920308149363094,
            -0.03582365662660553,
            0.16077031647059833,
            -0.004700415797901451,
            0.4395585899420526,
            0.5368677255919062,
            0.5935702676997506,
            0.5558659408880218,
            -0.7082458828333579,
            -1.0050507905313748,
            0.4103162082467904,
            -0.5437448366475318,
            0.8101301363324875,
            0.39649837049927195,
            1.985921197565024,
            0.896998696245828,
            -1.724447378773954,
            1.1283162956019428,
            2.2170585550586424,
            0.3167748414323721,
            -0.05658910586998736,
            1.1090920303678136,
            1.2921644575812765,
            -0.5570130716025813,
            -0.19696698155731768,
            -1.4837207673216737,
            -0.6792881839773766,
            -1.2728180117615895,
            0.8773695891822202,
            0.278571664436018,
            0.4920844342208323,
            -0.9269650846745389,
            -1.4038892271950407,
            2.1264031978791635,
            -1.1266842651752933,
            1.078682236981051,
            -0.8142203015823519,
            -1.1462477172686052,
            0.4455197302302906,
            0.6270295493064503,
            -1.2329912658868911,
            -0.15520400696027453,
            -0.053885652507902754,
            1.09397168913182,
            0.6949391542377578,
            -0.5696040197469645,
            -0.26633444218082064
        ],
        [
            -0.7086219230697118,
            0.4145547728568206,
            0.0,
            -0.13074735796870265,
            0.20201300036906797,
            0.2820419497478306,
            1.3379202188207646,
            0.07005399981486879,
            0.3882315273694602,
            0.469273417066101,
            -0.9763229794780525,
            0.25914144998448013,
            1.0236660457938753,
            0.055114244296055194,
            -0.32607848280032437,
            -0.3211261485598583,
            0.4800444722424621,
            1.5179267817059034,
            -1.4501338395232672,
            1.1387320041546682,
            1.4635473380062458,
            -0.6530831742158716,
            -0.5441511180038494,
            0.04487816021200476,
            -0.6007122094565922,
            -1.9612008804216747,
            -1.120693463650714,
            0.012258630023945937,
            1.211205221604098,
            0.8012736271465387,
            -0.22990223661978623,
            0.8414346097049835,
            -2.2705043015775406,
            0.5738304783531654,
            0.0756497196117808,
            0.40524247109884476,
            0.8557390245934877,
            1.2471158377147875,
            0.3890420003175137,
            -1.7097985495994987,
            0.982957633195985,
            -0.1849413162277524,
            -1.074358198837532,
            -0.030661026771385224,
            -1.0982382442502987,
            -1.891511783594769,
            0.055606963804387385,
            -1.5272789610174733,
            0.21300438417827688,
            0.1946868596956091,
            0.47787373841528324,
            0.35547804252296705,
            -0.35259155480145005,
            -1.068035518025369,
            0.022826732242495353,
            -0.8568158446018719,
            0.8395886041290619,
            -1.1301679876869453,
            -0.45736396846233673,
            -0.31348441199164684,
            -0.7027777889832364,
            -0.2558857422661105,
            0.29460833338096926,
            0.7999561130450532
        ],
        [
            0.1808656463889448,
            -0.6742453835243474,
            -0.13074735796870265,
            0.0,
            0.6986767315808633,
            1.6805919734253651,
            0.5019619939716139,
            0.49770655920938717,
            -0.2833890374298731,
            0.8681757710922771,
            0.36352045425191487,
            -0.26698926586748933,
            1.4548117613574003,
            0.7213412964630832,
            -0.9403481769865017,
            0.815664748796158,
            0.6303987470751011,
            0.020033135027013087,
            1.4938002182124073,
            1.9383586115821276,
            0.08851410027464912,
            0.024250287549309142,
            -0.5350515025913328,
            0.5975031972914319,
            0.6214807459643821,
            0.23807760197973052,
            0.441674906976831,
            1.6207435789458244,
            0.34855814437782595,
            1.7327765621350877,
            0.48349486320259927,
            -0.8851579450858303,
            -1.3031972845990307,
            -0.09955899941562682,
            0.5974358162105414,
            0.609142830386708,
            -0.0558541780337593,
            -0.05184401724823292,
            -0.09417891030521006,
            1.4480498818745513,
            1.332528217640299,
            -0.042213433222873964,
            0.8410797228320319,
            0.6557957654123594,
            0.38893220470737305,
            -0.06959319704260042,
            -0.28467925922564674,
            -0.8311516803763466,
            -1.3267519387176983,
            0.8982049125986321,
            0.06216613314681467,
            -0.3589880325188225,
            -1.730122119569159,
            0.3132112905577201,
            1.6610738353754926,
            0.8341511325608933,
            0.5947646730069339,
            -2.5888918724390533,
            0.9333908613815481,
            -0.14091706467642845,
            0.6193511798612885,
            0.1782330815766851,
            0.6481025086757835,
            0.09991154424120481
        ],
        [
            0.609237400388321,
            -0.22997801008856164,
            0.20201300036906797,
            0.6986767315808633,
            0.0,
            -0.17052757041295416,
            0.08913379876594071,
            -0.10122476940847726,
            -0.7643314284512156,
            -0.05792957056270671,
            -0.4772442675441355,
            -0.17526099102962622,
            -2.1379342253361,
            -0.6393349064579071,
            1.4277001775557154,
            -0.5224603524701824,
            2.194362694220969,
            -1.0493125221136195,
            0.520614643537604,
            -0.869758839148213,
            -1.957676340225094,
            0.6463276401059399,
            0.03406087031353992,
            -1.036696645442932,
            2.183435649012755,
            -0.09672425348823172,
            0.25639513661975416,
            0.10231412847931627,
            -1.0094547751215375,
            0.8418342925987415,
            0.3716356190025832,
            -0.584679803920394,
            0.0939057518603649,
            -0.8504079897430485,
            0.71599761499246,
            0.7082143753026272,
            -3.4194686624255546,
            0.35035275660142173,
            -0.20894479780775954,
            0.20426113415686611,
            1.4525154922582115,
            0.2026823382786322,
            -0.517100412685696,
            -0.4165076594222311,
            1.050921367367683,
            -0.43596039735241626,
            -0.16762376952303898,
            -0.32870773161044065,
            -0.37179344880485576,
            -0.06686010377170114,
            0.36158432335473123,
            0.5765178056280948,
            -0.07602192763404127,
            1.1614544281471877,
            -0.0459028246121063,
            0.029068458964202605,
            -0.21214806444452725,
            -0.502938399768613,
            0.21464083182956678,
            -0.39492663663236843,
            -0.42090009803471096,
            0.4306119149297878,
            1.0222038890847491,
            0.4919444941369786
        ],
        [
            0.39262592155986975,
            -0.9081652522924085,
            0.2820419497478306,
            1.6805919734253651,
            -0.17052757041295416,
            0.0,
            -1.0622093170374454,
            -0.21133721192347446,
            2.2830116798701257,
            0.7953372661629987,
            0.24735018450846977,
            -0.9497707495933865,
            1.4568786997180834,
            1.2527334064861169,
            1.5406180839809187,
            0.4309662682578086,
            1.0242470438230276,
            0.783529496967511,
            0.39821839920879176,
            0.6001040594335771,
            0.28821103391228314,
            -1.5204388084553486,
            0.5811678323168673,
            0.8772075499564154,
            -1.767128925090667,
            -0.34424478275174647,
            -0.7420563681933724,
            -1.4537397328357984,
            1.0438698131764321,
            -0.6579508329342889,
            -0.6325056182468605,
            -2.142051013160258,
            -0.7200460450536629,
            -0.735289077576975,
            -0.4636898550587289,
            0.5933869754588816,
            -0.11333116186427698,
            -0.25262540453267457,
            -0.3471535181648235,
            0.7303526188766334,
            -1.5948210379663126,
            -1.177636217273434,
            -0.6739142768080467,
            -0.7015405584716747,
            -1.2390254928892992,
            1.1475216500108198,
            1.3269149696748932,
            0.668468495448263,
            -0.4351897230822909,
            -1.1699972976071715,
            0.7846209019913915,
            -1.7429630577981354,
            -1.0303625159770455,
            0.47746299155323707,
            0.43952050528464814,
            -1.0856745710970854,
            0.26364233610472476,
            0.21470427298505318,
            0.17558852040425463,
            0.24443456315125778,
            -0.7877230732575983,
            0.05930291502244914,
            0.9833121528865765,
            -0.3836617327022924
        ],
        [
            1.1915873953804852,
            0.6937959614247508,
            1.3379202188207646,
            0.5019619939716139,
            0.08913379876594071,
            -1.0622093170374454,
            0.0,
            1.4536322503174894,
            1.2176501535537996,
            0.9483071442963726,
            -0.4957880779451516,
            0.3586699146592222,
            -0.03273208202989797,
            0.02264630340609624,
            0.8693555970011436,
            0.861491419329404,
            0.23508417559503886,
            0.36440121108911483,
            -1.076318895117935,
            -1.6312895543556667,
            1.2777834882017602,
            -1.0230029334128954,
            -1.1896819240658996,
            1.4845271614756599,
            -0.3273790613274421,
            -0.5035293256534985,
            -1.1179911452790638,
            1.2790859904401368,
            0.5033946417401154,
            -2.3852705649390082,
            0.8655244149529272,
            0.5212735851761767,
            -0.06564412075432205,
            -1.9084913071288223,
            -0.775522380570892,
            -0.8681815535081455,
            0.1602873145668228,
            -1.1444007173607602,
            1.3749188063490112,
            -0.4064419924923603,
            0.002925154200156863,
            -2.1416484088538112,
            0.42330808812309917,
            0.21576794732509164,
            -2.9049024884306722,
            0.25967280965861483,
            1.261423812602025,
            0.22203870716668836,
            -0.6733296739636616,
            0.2533642139290122,
            0.9553386982607973,
            0.07266069126797273,
            -1.6896940817787105,
            0.573113010711674,
            -0.18039597221621687,
            -1.6584812409756176,
            0.6421722907544686,
            0.22671490767377897,
            -2.164934328068221,
            1.4754662190410506,
            -1.2438815948954993,
            -0.2119662761956048,
            1.643137567002852,
            0.7827577977203992
        ],
        [
            0.15831308343500736,
            -0.914003042351402,
            0.07005399981486879,
            0.49770655920938717,
            -0.10122476940847726,
            -0.21133721192347446,
            1.4536322503174894,
            0.0,
            -0.6467436342673033,
            0.1315350778365353,
            -0.3084636933516994,
            -1.2335541093707327,
            -1.014292175617651,
            0.07318219243223602,
            -0.7027638248962519,
            0.47938589940815496,
            -0.34771101726627884,
            0.525076970768502,
            0.7295598311339524,
            0.8498693613839712,
            -0.6885891779542149,
            -1.2161445904748178,
            0.23814079133888544,
            0.3347198498531385,
            -1.5734133297312405,
            1.267986612149655,
            -1.2396189545933172,
            0.17999685042642452,
            -0.6206351877805549,
            0.4099925598445571,
            0.11254732863144644,
            1.6653082796478131,
            0.18204432372354454,
            0.6347878340675011,
            0.36634227444361955,
            0.3949804894895861,
            2.0985587075469727,
            -1.2480651796913604,
            -0.7874480566199894,
            -1.0533414256531008,
            0.6810417214869011,
            0.8232306415811458,
            1.403222337347916,
            1.7261690281570252,
            -0.9774130606158492,
            1.0504885839180167,
            -0.01208892906561184,
            0.9743098050933541,
            0.5471652542709278,
            1.2860067128119328,
            1.6619096512061613,
            -0.025459358656481267,
            1.1937239619538054,
            0.258839168951042,
            -2.7990598606870996,
            -0.01971000612715639,
            -0.6368072832912897,
            -0.3331023946036884,
            2.1657576125230653,
            1.3102303079533082,
            0.5669373426059148,
            1.7729433008722164,
            0.17476232915075657,
            -0.09214275838423774
        ],
        [
            0.8778077509221979,
            -0.4713539736270206,
            0.3882315273694602,
            -0.2833890374298731,
            -0.7643314284512156,
            2.2830116798701257,
            1.2176501535537996,
            -0.6467436342673033,
            0.0,
            -0.9553755069236849,
            -1.0666520575212974,
            -1.1721727993670976,
            0.19194086448320402,
            -0.6143584689620964,
            -0.8144869317701798,
            -0.9115584571433546,
            0.5188648301854523,
            0.356582930264111,
            0.012041531158401855,
            0.271120642316289,
            -1.4734911648540856,
            -1.9184476294376644,
            1.097486027801296,
            -1.1169725306285143,
            0.9496580596559767,
            -1.3461824306767511,
            -0.8308412072817429,
            -0.43562809163662564,
            -0.5061872900707547,
            -1.3180002685222465,
            -1.8471499731748757,
            -0.871955285499904,
            -0.5861028322568475,
            -0.38685617349924484,
            0.0738412798828262,
            -0.2792558792992251,
            1.1514129760867768,
            0.7372483066108672,
            -1.445875165734833,
            -0.3322493180435812,
            0.10246188209923995,
            0.022630569854484195,
            -1.00827666765246,
            1.1765750577177667,
            0.7608449167873909,
            -0.26305187520163426,
            1.3192169515928052,
            -0.4075796063505397,
            -0.9945391407215819,
            -0.8748165102247639,
            -1.0164082528680538,
            1.475694453306739,
            1.001148467227967,
            0.21900211330310634,
            -1.107632243493646,
            -1.416755201305053,
            0.886613402063699,
            1.176673169155659,
            -1.363943153864973,
            -0.7159793125284415,
            -2.389905821293439,
            2.858222073055346,
            -0.13905677364353855,
            1.6815932099687958
        ],
        [
            -1.7204411548222474,
            0.6282040254612778,
            0.469273417066101,
            0.8681757710922771,
            -0.05792957056270671,
            0.7953372661629987,
            0.9483071442963726,
            0.1315350778365353,
            -0.9553755069236849,
            0.0,
            -0.5779121367350241,
            -2.75359416770768,
            0.16810944628056707,
            -1.1374363148455593,
            0.6463743867548555,
            -0.7570897777385763,
            -0.015835548549752963,
            0.21426683381371786,
            -0.5736591371462467,
            -0.012190234757558753,
            3.2320495281035444,
            -0.75348196870648,
            -0.29198830836581074,
            -0.01775462473051911,
            0.11706278934601909,
            0.017497121570321263,
            -0.33037750670563104,
            0.030778841182807513,
            0.6701358736735717,
            -0.20562709954883124,
            0.4673494644920943,
            0.3351178126550782,
            1.9809133780024903,
            -0.6003896963205948,
            -0.214697931711999,
            -0.3873665876091277,
            -0.46004782042507303,
            1.5344818044128956,
            -0.6881462355849173,
            -0.7223473719812058,
            -0.6399420070765306,
            -0.14951557601838208,
            -0.5603820177991918,
            -1.7439441274724081,
            -0.4500825207742116,
            0.3595464591244451,
            -0.2782743693767327,
            -1.015788447713499,
            0.2215452162308002,
            0.4279267392269465,
            0.43947224745858837,
            -2.1349145665187828,
            -0.3722004871167316,
            2.0897551467802846,
            -0.9888884155511245,
            -0.5064448814205972,
            -0.4188106648156861,
            1.0933194668998227,
            -0.011291669361664673,
            1.3513739234475761,
            1.8912895171974855,
            0.13311952577359043,
            -0.3067569892927343,
            0.9061232642894228
        ],
        [
            -0.34516122627115986,
            0.3750315872188912,
            -0.9763229794780525,
            0.36352045425191487,
            -0.4772442675441355,
            0.24735018450846977,
            -0.4957880779451516,
            -0.3084636933516994,
            -1.0666520575212974,
            -0.5779121367350241,
            0.0,
            -0.380730614676384,
            2.083896656199168,
            -0.6264931431579325,
            -0.06633130545403028,
            -1.5695728916658263,
            0.7610041576249289,
            0.402563197925141,
            -0.37797057568380066,
            0.3207140510478235,
            1.137950525826557,
            -0.9859029690971173,
            -0.37149381499026507,
            -0.5960794715922667,
            0.21099838875331542,
            1.5478608199195678,
            0.6627602943206682,
            -0.5120518485658583,
            0.34087444339043405,
            0.7918123921615581,
            -0.4200203925232553,
            0.33268161385251965,
            0.7230180886418882,
            0.4022034525026379,
            0.41036756360976817,
            -1.2519446733812818,
            0.20653833287080828,
            -0.33628499403908085,
            -1.5128511262059516,
            -0.037433403557507114,
            -1.1977626352335702,
            -0.613695753610365,
            -0.6266746106756964,
            -0.8072142409105295,
            -0.5480667578876635,
            0.6157211982051433,
            2.7851571778966826,
            -0.5489646009899072,
            -0.5689833357042632,
            0.4982549503079488,
            -0.49248191002182046,
            1.1406785589609758,
            1.9315271630842772,
            1.0678031944086461,
            0.006011796652112654,
            -0.9941905272919721,
            0.8094853192072602,
            0.18360040804735606,
            0.7585250324258731,
            -0.8102229643318312,
            -1.1774753586071984,
            1.4070088996567462,
            0.68946863526541,
            -0.12020527652570709
        ],
        [
            -1.2743557713741784,
            0.1236726790708973,
            0.25914144998448013,
            -0.26698926586748933,
            -0.17526099102962622,
            -0.9497707495933865,
            0.3586699146592222,
            -1.2335541093707327,
            -1.1721727993670976,
            -2.75359416770768,
            -0.380730614676384,
            0.0,
            -1.3726107506794063,
            -1.6119765389727385,
            -0.8786123824427012,
            0.3612718291629094,
            -1.20720445377743,
            -0.601879393997895,
            -0.9450152271898227,
            1.353347243456099,
            1.760562922919503,
            -0.22357000702625168,
            -1.399672640016187,
            -1.600910079331924,
            -2.0730828935185954,
            1.1771345666711046,
            -1.5062465503214848,
            -0.4824633222534843,
            -2.888473140279002,
            -1.6943856630651117,
            -0.666361662391214,
            0.5609888002496698,
            0.5325136921637076,
            0.13386582972103694,
            -0.24013841794731622,
            -1.2931861810140592,
            0.6885595871233572,
            0.4182007128076301,
            -1.0008168519075855,
            0.04356818580715857,
            0.7501776784045774,
            0.3210306260891947,
            -2.1879755654912816,
            -2.3842863549823496,
            0.534028266942727,
            0.7369207253998297,
            0.47839453511467417,
            0.3155672006115042,
            0.13892901237502556,
            0.3819887933082879,
            0.3480694437409872,
            0.1940986291791139,
            -0.19182351102652467,
            -0.028171635641160694,
            -0.9092946674645793,
            -1.9207861807385596,
            -0.5178505181104217,
            1.7116115454808052,
            -0.15657898675412338,
            1.072996056779917,
            -0.513485989817535,
            0.2930887053675435,
            -0.05951428647242632,
            0.4918511879324384
        ],
        [
            2.3112252928792487,
            -0.8925006871217871,
            1.0236660457938753,
            1.4548117613574003,
            -2.1379342253361,
            1.4568786997180834,
            -0.03273208202989797,
            -1.014292175617651,
            0.19194086448320402,
            0.16810944628056707,
            2.083896656199168,
            -1.3726107506794063,
            0.0,
            0.6267996267820698,
            -0.7571656770023074,
            -0.09375246330811308,
            0.21463988633430495,
            -1.3785193799823399,
            -0.3140322214277357,
            -0.015938233152108114,
            0.08643237587489878,
            1.4878301158974658,
            0.09380414808230547,
            1.0301909278648884,
            -1.7421184263255798,
            2.154663575031721,
            0.31270919852694307,
            1.4729472043726477,
            -0.2615444715803446,
            2.0305370706610724,
            -1.4936597171243946,
            0.9893215190829725,
            -0.5296122656513745,
            0.30927726000167816,
            -1.309100220639913,
            -1.0149732880201685,
            0.32088752088623707,
            0.9854990201088165,
            0.18266360863786799,
            0.8043854889085568,
            0.5179782163193152,
            -0.5716834701183077,
            0.5735379671296561,
            -1.5570579743461859,
            0.28474058951461134,
            -0.2576309086341263,
            -0.8740565239664507,
            1.9986392749559685,
            1.4503955069008936,
            0.048699790550249936,
            0.8910504846952473,
            0.70078365431069,
            0.04378953491091875,
            -1.3145563952406207,
            -0.31865117561397477,
            0.1766434140569505,
            2.109842470963428,
            0.3569452451690535,
            0.8342405044912988,
            -1.5998166864382628,
            -0.36193075210203807,
            -0.37717216235479006,
            0.11262831291253811,
            -0.21843520266933464
        ],
        [
            -0.4937734940075945,
            -1.2354978855146834,
            0.055114244296055194,
            0.7213412964630832,
            -0.6393349064579071,
            1.2527334064861169,
            0.02264630340609624,
            0.07318219243223602,
            -0.6143584689620964,
            -1.1374363148455593,
            -0.6264931431579325,
            -1.6119765389727385,
            0.6267996267820698,
            0.0,
            -0.22834187084969734,
            -0.14519242101389634,
            0.00581431457511654,
            0.07951705340349681,
            0.5786556181436151,
            -0.09834380399388576,
            -0.0065435095987734,
            -0.10554982393273933,
            1.5922359751252995,
            -1.5605462653789932,
            -1.0405812396134695,
            0.6421431642216688,
            -1.3937588975454116,
            -1.2824832380659361,
            -0.35372436779358973,
            1.1366591941614894,
            0.9823013093069417,
            1.2355555895343155,
            1.6392509866840455,
            -0.9618147746382368,
            1.5117235356088268,
            0.17643743042697052,
            -2.0055431901618275,
            0.6434671401303114,
            -1.173068927496658,
            -0.2224891283624947,
            0.33462917987498714,
            1.3478280457844003,
            1.1001646308397373,
            -0.6897759439838249,
            -0.6105898902086179,
            -0.7642652307534908,
            0.05379445984333175,
            0.10355523587806072,
            1.17134354175972,
            0.18237884234057913,
            -1.4542038341732555,
            -0.11253112316147397,
            -0.16420492584003415,
            0.4360858938934734,
            -0.5292053119391853,
            -0.49396244455374083,
            -0.43226377747837685,
            -0.3310006211275825,
            -0.6394990721963884,
            -0.3863424447262553,
            -0.6926278331834045,
            -1.869725447411024,
            1.1820396999224505,
            -0.6223212803392799
        ],
        [
            0.20104495645026266,
            0.49284657229455636,
            -0.32607848280032437,
            -0.9403481769865017,
            1.4277001775557154,
            1.5406180839809187,
            0.8693555970011436,
            -0.7027638248962519,
            -0.8144869317701798,
            0.6463743867548555,
            -0.06633130545403028,
            -0.8786123824427012,
            -0.7571656770023074,
            -0.22834187084969734,
            0.0,
            -1.3095507414096952,
            -1.3133154569376235,
            1.4341105918044463,
            -1.2347173317151374,
            -0.11417265940475756,
            -0.42305060416968293,
            -0.6088098125105867,
            -0.17269261889505863,
            -1.4841197352431508,
            1.1390010728483495,
            -1.849259780054297,
            -0.666487803925201,
            0.18961684325808928,
            -1.37213621024148,
            1.3179602041277758,
            -2.185612198272976,
            0.9556265745475133,
            0.5138776884289992,
            -0.2295203943241204,
            0.48682469843561094,
            2.016464348066153,
            0.5588496321441191,
            1.903146600187709,
            1.045908365342948,
            -0.20475396194695966,
            0.36055858203068986,
            1.3821422800007412,
            -1.2688123533154614,
            0.02558271335357001,
            -0.41073748337697347,
            -1.1718933226607806,
            1.7468350721009385,
            -0.7953028124181138,
            1.137393804795947,
            -1.824636798710556,
            -0.48003486635698617,
            -0.32412537428532656,
            1.3931789519672826,
            0.30658395941681316,
            -0.8228036245182494,
            -2.498709687401659,
            -0.7261480219635963,
            -0.7140524538313319,
            -0.7493748283977026,
            -0.20709793901444853,
            -0.3415731393890729,
            -0.7831293941144066,
            1.2646763541940773,
            1.5207719650777725
        ],
        [
            -0.10248201122371858,
            -0.02819598848801592,
            -0.3211261485598583,
            0.815664748796158,
            -0.5224603524701824,
            0.4309662682578086,
            0.861491419329404,
            0.47938589940815496,
            -0.9115584571433546,
            -0.7570897777385763,
            -1.5695728916658263,
            0.3612718291629094,
            -0.09375246330811308,
            -0.14519242101389634,
            -1.3095507414096952,
            0.0,
            0.15594555314877212,
            -0.8425318122912775,
            -0.0930035593016557,
            -0.8285237519956552,
            2.0875411941260533,
            -0.10568112523603318,
            -1.290155611996137,
            1.8324905516436176,
            -0.22935732892559718,
            -0.32723999413814536,
            -0.31659414685140536,
            -1.3759133310604956,
            -1.5537672851458166,
            0.30331306771486694,
            -0.4872260131097389,
            -2.6126705972318263,
            -0.04976412527326004,
            0.7443360976884144,
            0.8342786952795784,
            -1.0437423108369135,
            -0.4952034527584174,
            0.7922752081580061,
            0.06174824532273452,
            0.58959969956618,
            0.001748451898998311,
            0.7289469440015224,
            -1.597899567348742,
            -2.267494317660669,
            -0.14132459984679885,
            -0.3799247193304415,
            0.22158770025050428,
            -1.0719973267718048,
            -0.5629557763366753,
            -1.462527300962909,
            -0.8770762624380636,
            1.7019004391501082,
            0.15692392188406068,
            -1.510537568210418,
            0.7306196724694298,
            0.27668942656019063,
            1.0646558376207562,
            -1.4818437938152296,
            -0.9864397565288203,
            0.3952874292420641,
            0.10777764691658069,
            -1.346262208124868,
            0.3490749127177447,
            1.9383179017031817
        ],
        [
            -0.33063301625587194,
            -0.10580029321266897,
            0.4800444722424621,
            0.6303987470751011,
            2.194362694220969,
            1.0242470438230276,
            0.23508417559503886,
            -0.34771101726627884,
            0.5188648301854523,
            -0.015835548549752963,
            0.7610041576249289,
            -1.20720445377743,
            0.21463988633430495,
            0.00581431457511654,
            -1.3133154569376235,
            0.15594555314877212,
            0.0,
            1.4505707577619151,
            -0.31874179587349477,
            -0.08305634677002074,
            -1.2293617552427452,
            1.4047921998384807,
            -0.035502924960511884,
            -0.5163603465489075,
            -0.5427544998468279,
            -0.2546788095729867,
            0.9389250710819766,
            0.020042067165293595,
            -1.7143632887844418,
            -0.2807866736664604,
            1.0023660865951205,
            -0.3294566619420698,
            -1.5333959229788068,
            1.5227044925452973,
            -0.1980758092718935,
            1.2789481066986528,
            0.5334191172696842,
            -1.0604614428558303,
            -1.8482484897194196,
            -0.771831365503918,
            -1.108431421540576,
            -1.0437903850666663,
            0.7814648964323058,
            0.8542005146998696,
            1.0234197144596362,
            0.2433602162776834,
            0.1366041787953457,
            -0.24153313390170386,
            0.44194850160729937,
            0.21655834305151447,
            -1.7496588189155506,
            0.28525748298107856,
            -0.19025157035118018,
            -0.04152740613763066,
            1.3219380746202225,
            1.7730213441543754,
            -0.07199773261049151,
            -0.5481567032360328,
            0.4242900285680718,
            0.1220162165205698,
            -1.8877864714186599,
            0.360607370804314,
            -0.5337644535323947,
            1.1420299065471065
        ],
        [
            -0.3492552157332906,
            -0.9920308149363094,
            1.5179267817059034,
            0.020033135027013087,
            -1.0493125221136195,
            0.783529496967511,
            0.36440121108911483,
            0.525076970768502,
            0.356582930264111,
            0.21426683381371786,
            0.402563197925141,
            -0.601879393997895,
            -1.3785193799823399,
            0.07951705340349681,
            1.4341105918044463,
            -0.8425318122912775,
            1.4505707577619151,
            0.0,
            0.7345608848257338,
            1.2084363842599484,
            1.4248157809395805,
            -1.1133060275179598,
            -0.8194027419767184,
            -0.014078505719703765,
            -1.0471628942360622,
            0.8536876554845854,
            -0.6797778627729665,
            -0.4712877077170936,
            1.3443446249646962,
            -0.48870618926175824,
            -1.5942407300362205,
            -0.033399949801646046,
            -1.2992014302773967,
            -0.3920085668136241,
            0.03121831369175922,
            -1.541342590837964,
            -0.6052930414785782,
            -1.4370005855223198,
            0.1746747814626487,
            -2.8629288126525134,
            -0.4320332466518397,
            -1.47787369281984,
            2.942937578000484,
            -0.7075812588264343,
            1.4144067153237685,
            -0.8840047150355216,
            0.0185321248457705,
            1.2043840928294858,
            0.6546709528710972,
            -1.2700937330727486,
            -0.3401211675829518,
            0.733532371053114,
            1.2181656971413635,
            0.3017677922883969,
            -0.4458778319406736,
            1.7291435414078797,
            0.9219964077216366,
            0.3210751201013647,
            -0.6787224599062767,
            0.7741592538976206,
            0.13804102140740718,
            1.9297745731995533,
            2.118592182897933,
            0.14778250194071643
        ],
        [
            1.2639306621061488,
            -0.03582365662660553,
            -1.4501338395232672,
