{
    "N": 64,
    "id": "1018bc91-bffd-42c8-9174-5e423ac68e68",
    "problem_type": "SK Spin-Glass",
    "distribution": "gaussian",
    "spins": [
        1,
        1,
        -1,
        1,
        1,
        1,
        1,
        1,
        1,
        -1,
        1,
        1,
        -1,
        -1,
        -1,
        -1,
        1,
        1,
        -1,
        -1,
        -1,
        -1,
        1,
        -1,
        -1,
        -1,
        -1,
        -1,
        -1,
        1,
        1,
        -1,
        1,
        -1,
        1,
        -1,
        -1,
        1,
        1,
        1,
        1,
        1,
        1,
        -1,
        -1,
        1,
        1,
        1,
        1,
        1,
        -1,
        -1,
        1,
        -1,
        1,
        -1,
        -1,
        1,
        -1,
        1,
        1,
        -1,
        -1,
        1
    ],
    "couplings": [
        [
            0.0,
            0.15151097538984376,
            -0.0911838430273053,
            0.024140238839254452,
            1.1363446940182178,
            -1.4895802383478396,
            -0.7306931406115577,
            -0.6689577018653718,
            0.6413468658219165,
            1.2517182836783283,
            0.03469072660033894,
            1.7756081018338439,
            -1.1040696625519681,
            1.1102959250672573,
            1.5178983710093563,
            0.2808421393891902,
            -0.5446487213960756,
            -0.06943171401608018,
            -0.4775998666735674,
            -1.177050538416206,
            -0.01102013774302084,
            0.5437162906609583,
            -1.4889683184556282,
            -0.267762919820953,
            -0.43553044178442835,
            -1.6846805700132117,
            0.7292043165498339,
            1.1191033816577936,
            0.48612141229386924,
            -1.0473222317870359,
            -0.3254047058678912,
            1.0085452522856964,
            -0.31304534375328213,
            -0.314644102447011,
            0.3966298349108129,
            -1.0775988891964687,
            1.032515107555788,
            0.09828287683110697,
            -0.46803307655349835,
            0.6732367528559169,
            0.269710381662492,
            0.6628392974966559,
            0.41068499783552453,
            -0.0658594802956857,
            0.18574079739805735,
            1.1321970219873299,
            0.25306022986882615,
            0.9907642546114126,
            0.1307279224077853,
            -0.20203307454148986,
            -0.07110446471916475,
            -0.0417810954794323,
            -0.3323482231621189,
            -1.6863411921637086,
            -0.12759189737230894,
            0.14425053304348012,
            -1.0094374650693745,
            2.152920487129593,
            0.9490657512453353,
            1.0359921353822719,
            1.2232277480607603,
            0.8549331468299535,
            0.543197239533269,
            -1.0389800057768392
        ],
        [
            0.15151097538984376,
            0.0,
            0.4855257789416479,
            0.36847839148224815,
            0.8437501389449275,
            0.4582671130113257,
            -0.5124242652175675,
            -0.4409665656624876,
            -0.7481970710777934,
            -0.6484586974985497,
            0.7294963578395367,
            2.751460343726972,
            -2.199090086375746,
            1.0845630646674613,
            -1.2924800043273856,
            -0.6910075054662996,
            0.4056923918729666,
            0.6211192766981408,
            -0.7025417914544988,
            0.46483226985511844,
            -1.610592946161895,
            -0.29865732171651976,
            0.9702454708560818,
            0.7019031497039093,
            0.13929774067309897,
            1.1921297351926743,
            -0.22945916479114523,
            -0.2491012127757563,
            -0.2724602969383793,
            -1.3080787006199333,
            3.174559679917953,
            -1.1246785820855494,
            0.41317348037304985,
            1.0350128266191314,
            -0.4261106188030753,
            0.38964659691172476,
            0.6076575000004052,
            -1.096963920652472,
            0.17709796985586826,
            0.7357222206200258,
            0.3967019722489764,
            -0.06125548957583701,
            -0.27070814686555694,
            -0.7531601508871275,
            -0.46099994586535176,
            -0.22275982932378915,
            -0.7792326946822575,
            -0.49175861334297266,
            0.7305195757371241,
            0.22508946887282916,
            -0.08056955966412124,
            0.09897447671467759,
            0.11945108902495648,
            0.2937130036558042,
            1.2254715610089422,
            -0.875173761377865,
            -0.8710567896192973,
            0.5715589025096732,
            1.4083466306542072,
            -0.6605102851324985,
            -0.7386565144930063,
            -0.037915851528400116,
            -1.3838651932705646,
            1.2953291040338017
        ],
        [
            -0.0911838430273053,
            0.4855257789416479,
            0.0,
            -0.5020697622860416,
            -0.46168260170918607,
            -2.4534748075057387,
            1.8542526816192444,
            -0.2755081580255561,
            -0.7101152766638166,
            1.1252579732726913,
            0.30358040453497215,
            -0.741783276058018,
            -0.5024763335435415,
            -2.47406617413346,
            -0.9748718810878272,
            0.3750619387881335,
            -1.0535323072520673,
            -1.898652101374584,
            0.22345111876872373,
            0.14527078596039902,
            0.3114203221622573,
            0.9739819838996862,
            -0.6801791417302554,
            -1.3462584516330591,
            0.6438568180186174,
            0.9405831779445627,
            0.6155513180426384,
            -1.1191654820641233,
            0.4498670766788785,
            0.10829882515870297,
            1.3799245435866765,
            0.35869202614590995,
            0.032975709691191415,
            -0.5608504738311725,
            -0.5695251070046914,
            -1.2066726545772346,
            -1.5360271528965341,
            1.6521247481334553,
            -1.4986397350310348,
            -1.7964278777358318,
            0.6034267833132689,
            -1.8325652491759388,
            -1.228754970945556,
            0.17191971024765684,
            -0.3570607004001266,
            -0.37992788004427774,
            1.2071556871749038,
            -0.3700360232060156,
            0.6259239538651208,
            0.819167366042935,
            1.0356801044368356,
            -0.31154625101506206,
            -0.5400104366450899,
            1.0163539562886392,
            -0.31882825109700547,
            -0.5165930622030477,
            0.7941754628180356,
            -0.34761682496413837,
            1.3068983353725327,
            1.567998248086502,
            0.9165137922799724,
            -1.163337932920298,
            0.5061567221295974,
            -0.564826599160768
        ],
        [
            0.024140238839254452,
            0.36847839148224815,
            -0.5020697622860416,
            0.0,
            -0.4023631552840298,
            -0.2188609444094063,
            1.0933299469018123,
            0.02036206681323814,
            -0.2349045598184556,
            1.641905684184029,
            -0.7161235811648786,
            -0.5459430470969426,
            1.3360937403205027,
            0.2959408012371782,
            -0.8316658063019247,
            -0.16117169550873658,
            0.1452765803136004,
            0.5667478286096455,
            -0.8083401499317444,
            -0.4596818792779554,
            0.2796009119715638,
            0.001206840910880864,
            0.02832099494581235,
            -0.5625996098248808,
            -1.800980919941832,
            0.9287798695917281,
            -0.820318034398547,
            0.09581880418956416,
            1.1776894779838065,
            0.5504277847650342,
            0.6820497171604887,
            0.3396312552908003,
            -0.17713682967569916,
            -1.2941571602776571,
            -0.8343130311878513,
            2.1359843287585547,
            -0.07056052049240409,
            1.0006492042752613,
            0.6269048408341635,
            -0.2578530000230686,
            -0.30237175952327616,
            -1.855168241103061,
            -1.1916827968613368,
            -0.5831336525781803,
            -0.8091720413035443,
            -0.30738111987568423,
            -0.5690532416504556,
            -0.4216431911312197,
            0.985422419010486,
            1.4927247661714833,
            1.6691378912459576,
            1.07334321762281,
            0.8092112211376244,
            -0.574720952620329,
            -0.46469341425668825,
            -0.5787941970492325,
            -0.7689939602047862,
            -0.74688170422067,
            1.9702037567570867,
            -0.9533405597060377,
            -0.5887793346553954,
            -1.1621682849957717,
            0.4993797833278564,
            1.2953861001602318
        ],
        [
            1.1363446940182178,
            0.8437501389449275,
            -0.46168260170918607,
            -0.4023631552840298,
            0.0,
            0.35420742458592075,
            1.1461924701292705,
            -1.8725790177067099,
            0.5834904434115683,
            0.12211276741792897,
            0.162443925002352,
            -0.2840291845955208,
            1.7362999212052377,
            -1.3910871589917688,
            -0.13838118961294363,
            -0.47362292966806135,
            -0.03873434251406114,
            0.7454955601987727,
            -0.5066659522071539,
            0.8317608747716527,
            -0.09749788086621446,
            -0.910984359073232,
            0.17431474726553536,
            -0.5240229737181253,
            -0.3896617627256379,
            0.8354597852236384,
            0.3856729410847774,
            -0.9019846562321661,
            -1.0638105002617946,
            -1.6137897293067225,
            1.7884234075982326,
            -0.16125849954978122,
            1.1099107175574063,
            -0.36763053647396915,
            0.5998529788757417,
            0.11163749962212054,
            -0.7310050318700507,
            -0.9479655114691611,
            -1.1373271212915819,
            -0.5314730763187521,
            0.36425912281736617,
            -0.3401987306691593,
            -0.35765323771057084,
            1.5938985856958157,
            0.2817161739581818,
            -0.4770096328894914,
            -2.3629213922136243,
            -0.047444314059145634,
            0.2566456934109157,
            1.3881913284766896,
            -0.9872445858910798,
            -1.0969540725913296,
            -0.9400095635633336,
            -0.2733417772728891,
            0.9224866331996924,
            -0.5634535456953911,
            -1.6625294079559296,
            -0.3353052112474165,
            2.1994443993971555,
            -1.840822368556177,
            0.6491966191872061,
            0.11546002480269281,
            0.4113597913871228,
            -0.855088896029935
        ],
        [
            -1.4895802383478396,
            0.4582671130113257,
            -2.4534748075057387,
            -0.2188609444094063,
            0.35420742458592075,
            0.0,
            1.6504657695790366,
            1.0890216073459473,
            0.30255675285635136,
            -0.7532537689355403,
            -1.3181602280306695,
            1.650414983708712,
            -0.04542247180584265,
            1.0284352354283592,
            0.8412099362195001,
            -0.6938362588076854,
            -0.27675666922830366,
            -0.9024475647966962,
            -0.8780024949112162,
            1.3528743081693508,
            -0.7774717843866529,
            0.17887629215917025,
            1.0234150647057505,
            0.26652319706975913,
            -0.3919964480837996,
            0.7057574822356041,
            -0.1232142293703886,
            -0.21601661898995073,
            -0.8745277490586076,
            -0.8209353778793481,
            2.034895717839948,
            0.3251399170021366,
            0.008126013633944197,
            0.7888820049359964,
            0.4309398235476555,
            -0.4389198900413879,
            -0.3278257276145781,
            0.008577079720048559,
            -0.9383824329952669,
            0.5614329302218144,
            0.3099978708202899,
            -1.2879738063015618,
            -0.46433781300839105,
            -0.841629914324485,
            -0.2167824151133672,
            -0.5552935278067811,
            1.0544653140566134,
            1.3863927074096216,
            -0.8790444254529428,
            -0.6547583851639088,
            -0.3910513408656126,
            0.4404006699276549,
            0.42447493697414107,
            -0.14132116950089968,
            0.7106297248214014,
            0.2939098182335748,
            -0.842342165472847,
            1.391007201714921,
            -0.42508792362399483,
            -0.7864352809715245,
            0.46776768056274537,
            0.273909759225957,
            2.7671669838461574,
            -0.45690051390016023
        ],
        [
            -0.7306931406115577,
            -0.5124242652175675,
            1.8542526816192444,
            1.0933299469018123,
            1.1461924701292705,
            1.6504657695790366,
            0.0,
            0.036168788498212215,
            -1.8783166274596659,
            -0.7755337569244932,
            -1.3880684272163708,
            1.1112444918753512,
            0.29639305789990283,
            -2.0771098442608538,
            0.3423413451688315,
            -1.4627812980988428,
            -0.2145143268884104,
            -0.02247854540456262,
            0.4447406327783063,
            0.9624579216008022,
            2.001043944778919,
            -0.9987380440704163,
            -1.0750574702149525,
            1.3737115924613892,
            0.23023448727031043,
            0.14500901533390906,
            0.38280167077358657,
            -1.9044890152076854,
            -2.048044505821201,
            -0.16786642984906427,
            -0.5297774224741694,
            1.5011882539836994,
            0.6864602220827347,
            -0.01422199624024502,
            -0.4291056451984925,
            -0.48419550040758647,
            -0.37770901386982736,
            -0.6109432419229807,
            0.3298241596408814,
            0.3913094951161371,
            -2.4114205348357243,
            1.146701581304735,
            -1.0023261235211047,
            -0.10658525933939775,
            0.7488368628668624,
            -0.269023293622223,
            -0.0819326525040878,
            -0.8683512659984026,
            -0.26624727380478164,
            1.7271633349592326,
            0.44847341356188836,
            -1.002742518603371,
            0.7570199582356589,
            -0.1404728551294369,
            -0.9236927598355974,
            0.6710169459392358,
            -0.04336368985727573,
            0.6696549026874962,
            1.12173490144251,
            -0.7243379881964239,
            -0.6341744423773322,
            -0.22559915897392382,
            0.3220037174897857,
            -0.8983688803460759
        ],
        [
            -0.6689577018653718,
            -0.4409665656624876,
            -0.2755081580255561,
            0.02036206681323814,
            -1.8725790177067099,
            1.0890216073459473,
            0.036168788498212215,
            0.0,
            -0.498036792447317,
            0.09510576210957747,
            1.2084437446274434,
            -0.0492945406474047,
            -0.38451411118730233,
            -0.12615658470585,
            0.21171443416992541,
            0.22818702541375704,
            -0.8354622944687409,
            0.7552434146221311,
            -0.12270238727101507,
            0.4314456546270031,
            1.2133877282852457,
            1.2213018245113547,
            -2.220199670559271,
            -1.3859138089577367,
            -1.4733634486657265,
            -0.9334719501084846,
            1.8953622141663538,
            1.8459890729815556,
            0.07889937127523969,
            -0.8578444847075993,
            -1.7799263966378522,
            0.06267110331754235,
            0.399195332311779,
            1.2223191636152502,
            -0.6310560293983039,
            0.5102698025750694,
            0.23591576327743816,
            0.49856831077078073,
            1.3952488541588297,
            -0.5906976807833135,
            0.29190322537574,
            -1.3850363777446797,
            -0.6227049967733393,
            -0.4260413673124303,
            0.41336074183990895,
            -0.44057507065273077,
            -0.15601003643452108,
            1.4430667406160693,
            -0.22291181520627953,
            -2.1930360394662047,
            -0.5660724143792291,
            -0.2805870643474437,
            -0.560246993179162,
            1.074508891564793,
            -0.7562443867744612,
            -0.05394264734342995,
            1.2434262724822558,
            -0.7898263557605429,
            1.8455183279336012,
            0.22905769385947541,
            -1.297806786517577,
            -0.5653888583222894,
            0.45312637882505663,
            -0.040662404725280474
        ],
        [
            0.6413468658219165,
            -0.7481970710777934,
            -0.7101152766638166,
            -0.2349045598184556,
            0.5834904434115683,
            0.30255675285635136,
            -1.8783166274596659,
            -0.498036792447317,
            0.0,
            -0.7629299385094854,
            1.3155770977009396,
            0.7536476418145429,
            -0.822604230019698,
            0.7260393662320455,
            0.25281715874250743,
            2.240135439895599,
            -0.9981340689376051,
            -0.0647348760845187,
            1.5483690654359652,
            -1.8132782530486604,
            -0.7311273074138546,
            1.5069465563078848,
            -0.815300155474628,
            -0.2324081313363194,
            -1.2597567683003899,
            -0.6804502382099856,
            -0.6085922627024121,
            -0.49307996630266315,
            0.3606033971832908,
            0.8009837404371409,
            -0.38621920079114247,
            -0.8817925689425468,
            -0.7233129580431176,
            1.4711613455484231,
            -0.39871037219025873,
            0.1065987985473356,
            0.16170629654507093,
            -1.494198226738702,
            0.9326833961599451,
            0.21455673994205576,
            -1.2970371542926793,
            1.669783873979527,
            0.9234931694016325,
            1.2581659078238043,
            -1.2702965246140723,
            1.500247547927858,
            -1.157788902573261,
            -1.9981452460470537,
            1.0125575975276844,
            0.03145316423316628,
            -1.0149267986471757,
            2.152318597935866,
            0.5167727141896243,
            0.5936084876638238,
            0.33072371890066926,
            1.9787573325538785,
            0.3442805646637277,
            0.12208817834848548,
            0.5512094044532881,
            0.7116448397111351,
            0.09895313755558958,
            0.4257903414088067,
            -1.4696877245657716,
            -0.14005400168184987
        ],
        [
            1.2517182836783283,
            -0.6484586974985497,
            1.1252579732726913,
            1.641905684184029,
            0.12211276741792897,
            -0.7532537689355403,
            -0.7755337569244932,
            0.09510576210957747,
            -0.7629299385094854,
            0.0,
            1.2781467015164656,
            0.10924877367417035,
            0.9982020582302861,
            0.9671412742309599,
            -0.06446051626664576,
            -1.7170284295725693,
            0.5359221956226052,
            0.7063502404351714,
            0.2910767730081451,
            0.256454340054843,
            -0.12609057536223914,
            -0.4358208068490377,
            -0.8732328065447442,
            -1.5056136333853458,
            0.16056089280368604,
            -0.4833726246582246,
            1.3533283256707445,
            -1.3049907264514837,
            -0.4978553801976123,
            -0.9582807295580342,
            -0.5300812976754508,
            -1.3995060285734873,
            -0.5133046892616718,
            0.9284501235507212,
            0.45605918128165696,
            -0.49054225861877626,
            -0.9278376794105472,
            1.0567632923366035,
            -0.41126177329169133,
            0.37550310748919963,
            -0.4796811188165233,
            -2.1697152735766294,
            1.266273728817841,
            -1.080651505534513,
            1.8125875940467615,
            -1.580425798149065,
            -1.0198475557750553,
            -0.6492488565876842,
            0.8789924189644727,
            -0.9301596230704272,
            0.4142929571678946,
            0.6143849551492953,
            -1.9184172178967884,
            0.13560574012866938,
            -0.20872870064777718,
            -0.7762096780023892,
            0.7558219915725563,
            -0.7434018161544707,
            2.1276007375707837,
            1.8683554069942616,
            -0.9176073061966642,
            0.011489090450381451,
            0.582327716644847,
            0.8233739106081065
        ],
        [
            0.03469072660033894,
            0.7294963578395367,
            0.30358040453497215,
            -0.7161235811648786,
            0.162443925002352,
            -1.3181602280306695,
            -1.3880684272163708,
            1.2084437446274434,
            1.3155770977009396,
            1.2781467015164656,
            0.0,
            0.14676386221634435,
            0.015072169721883867,
            -0.5203490111835082,
            0.1543598873900749,
            -0.6813874152598915,
            -1.323453767194449,
            -0.4741995714842868,
            -0.36542347234636324,
            0.2991349575313863,
            1.2581875708818457,
            -0.624260729580505,
            -0.8306459363584363,
            0.025959728577992718,
            1.133519207193159,
            0.285887409420076,
            -0.2556420524785184,
            0.8238997036285923,
            -0.10993476875408772,
            -1.038462409124482,
            -1.3709883309512443,
            -0.7272289336771047,
            -0.34059140718748604,
            -1.0370003536177679,
            0.9381321343152368,
            -0.6400884378442355,
            0.40682324171444206,
            1.022110991498317,
            1.5160840515024776,
            1.9065338577974134,
            -0.052717893209893917,
            -0.9560344587319497,
            -0.360468116322197,
            -1.0588178145301108,
            0.16934268970557848,
            1.4398928804943756,
            -0.4280750411725642,
            -0.30321697833904077,
            2.307601632792309,
            -0.37068651258289614,
            1.2780261691237933,
            0.9753391006672901,
            -0.5567492450084944,
            0.37276975705827226,
            0.22893247217301996,
            0.5960069868926932,
            0.3252358078749419,
            0.6289669830046349,
            -0.18986413278386324,
            -0.23364192176971216,
            -0.6322514306640358,
            -0.040065497323176914,
            -0.6458691773149771,
            0.06216353672827692
        ],
        [
            1.7756081018338439,
            2.751460343726972,
            -0.741783276058018,
            -0.5459430470969426,
            -0.2840291845955208,
            1.650414983708712,
            1.1112444918753512,
            -0.0492945406474047,
            0.7536476418145429,
            0.10924877367417035,
            0.14676386221634435,
            0.0,
            -0.23015164764813845,
            0.7273502199801576,
            0.06620613671731453,
            0.9882810146701653,
            0.20797882738247242,
            -1.3692502562208404,
            -1.7431463808468226,
            1.2873736815951096,
            -0.8815153880057943,
            1.1319395534874392,
            -0.4250738912967323,
            -0.658401005582977,
            0.1902013232538262,
            -0.2931253865716703,
            -1.0720448142170886,
            1.2832114694756598,
            0.24127565282379582,
            -2.0199215198641323,
            -0.7054610310388209,
            0.7379695231144917,
            1.2438678196051343,
            -0.8350888475948327,
            1.8246517549916987,
            -0.4671339077895345,
            0.6000137469282208,
            -2.8443275133805477,
            1.0899464268964947,
            0.48086972273316847,
            0.2888269032411922,
            0.9690215523078743,
            -0.9220644869381687,
            0.5621932987496191,
            0.12468396518491215,
            0.1612852937558966,
            0.971750136269313,
            0.3069864070316839,
            1.6699301147454602,
            -0.29748842240756945,
            -0.2790458468797123,
            -0.020961033277772472,
            0.3685693980886655,
            0.3086437086497185,
            -0.40050871674701916,
            -0.05076868768064094,
            -0.22873980177999184,
            -1.9284994053588176,
            1.1058007245863932,
            -0.19044890928986663,
            -0.2831493975734771,
            -0.04745072332698474,
            -1.5942886012790998,
            1.0492551897805231
        ],
        [
            -1.1040696625519681,
            -2.199090086375746,
            -0.5024763335435415,
            1.3360937403205027,
            1.7362999212052377,
            -0.04542247180584265,
            0.29639305789990283,
            -0.38451411118730233,
            -0.822604230019698,
            0.9982020582302861,
            0.015072169721883867,
            -0.23015164764813845,
            0.0,
            -0.11656720893968692,
            -1.2910226530012625,
            -1.0040240133781342,
            1.8008535014435756,
            1.17488125792231,
            1.0577397787160066,
            0.2708644576684353,
            0.07217168515969126,
            -1.0190214920444398,
            0.5343909795187587,
            0.5895007099931332,
            -0.8352894188437796,
            1.411071223829173,
            0.6846921020923882,
            0.9598446208621215,
            0.6117108889659587,
            0.2917950220297392,
            0.27064354021702247,
            -0.7434302358030563,
            -0.7298582273939512,
            -1.0948989001070633,
            0.21236380592844,
            -1.0159518811876291,
            -0.2975008159131176,
            -0.819657367067641,
            -0.1669869122406643,
            -1.697070471827749,
            0.4728310070801439,
            0.19949435687063446,
            0.15433870474225944,
            1.0760935973697114,
            -0.8195676143237602,
            -1.5371171407612512,
            1.254181471574344,
            -1.5102894993309046,
            -0.9587750920877185,
            -0.09091301423173842,
            1.4344785871893901,
            0.11639631108129142,
            -1.204821341935853,
            0.293720179424487,
            0.11044400104820148,
            -0.699664274862989,
            -0.3920058743830761,
            0.16894135301974314,
            0.4002529765646982,
            -1.0894311554272984,
            -1.1337498621820832,
            0.5112086000173856,
            -0.05900129120269305,
            -0.11723810853790023
        ],
        [
            1.1102959250672573,
            1.0845630646674613,
            -2.47406617413346,
            0.2959408012371782,
            -1.3910871589917688,
            1.0284352354283592,
            -2.0771098442608538,
            -0.12615658470585,
            0.7260393662320455,
            0.9671412742309599,
            -0.5203490111835082,
            0.7273502199801576,
            -0.11656720893968692,
            0.0,
            -1.5629217452252069,
            1.8228290511482923,
            -0.15279823190799038,
            0.6230397120260589,
            0.3753793905455939,
            -0.7815149628764783,
            -0.980665249778629,
            1.3422855032520562,
            -0.7956640462137012,
            -0.7755966099581576,
            1.1839888753777021,
            0.7224874575416185,
            -0.6692043266585375,
            -0.8154748549504764,
            0.2937750305500835,
            -1.6598390466219788,
            -0.3181246341530508,
            1.2249763559820845,
            -1.8762352372115263,
            1.2867451384003512,
            -0.8357448663542241,
            -0.621389700720641,
            2.0367535021161554,
            1.1546801585504287,
            2.4203477775755773,
            -0.33462246797475514,
            0.5528167300950856,
            -0.416090966887842,
            1.410892760474675,
            -0.4491386221046209,
            -1.3187257631147289,
            -1.7013513010751147,
            0.15311360870803528,
            -0.7090244317560572,
            0.7124297177350588,
            -1.6781004778134365,
            0.21264579532202835,
            0.393944973359722,
            -1.761944601754504,
            -0.3621960254626601,
            0.2490988006768236,
            -0.23962071952632433,
            0.714826371246237,
            -0.01752578019112484,
            -0.3035179559460945,
            -1.4864883405736944,
            -0.21194000584393133,
            -0.7715205634910931,
            -1.4850142323337323,
            -0.49912037593791103
        ],
        [
            1.5178983710093563,
            -1.2924800043273856,
            -0.9748718810878272,
            -0.8316658063019247,
            -0.13838118961294363,
            0.8412099362195001,
            0.3423413451688315,
            0.21171443416992541,
            0.25281715874250743,
            -0.06446051626664576,
            0.1543598873900749,
            0.06620613671731453,
            -1.2910226530012625,
            -1.5629217452252069,
            0.0,
            0.7113326957731677,
            -0.2794452180969634,
            -0.9418585638941221,
            -0.25503689779302524,
            0.9189978816185836,
            -2.3018106379543646,
            0.9109869373138888,
            -0.5375731180263936,
            -0.21694458773109843,
            0.8094379859672968,
            -1.0158865429301593,
            0.7863193517097954,
            0.6739732639219643,
            -0.564066461958283,
            -1.02058239100985,
            1.6997798293919313,
            -0.07067204156200714,
            0.326169022114183,
            -1.116150007697933,
            1.974774641457074,
            -0.8736750913409169,
            -0.2751857224919131,
            -1.8677327047916121,
            -0.17384278594975855,
            -1.0468298304203918,
            1.3912263867904517,
            1.0028126060368088,
            -0.7014876884900216,
            0.004235462786062266,
            -0.5008688054667488,
            -0.8636337289339592,
            2.063208043453042,
            -0.41505738064563963,
            1.0666215878283944,
            -1.9084683629721138,
            -1.0410986588545765,
            -0.17322163551201583,
            0.8611603406501162,
            -0.10210980483995315,
            -0.26602553108379334,
            -1.5494863329123278,
            2.201656597168203,
            -0.583336045030471,
            -1.1727865978587724,
            0.46067450223690815,
            0.4995127220536981,
            -0.9674218428327501,
            0.03612747118748718,
            -0.8670206358293786
        ],
        [
            0.2808421393891902,
            -0.6910075054662996,
            0.3750619387881335,
            -0.16117169550873658,
            -0.47362292966806135,
            -0.6938362588076854,
            -1.4627812980988428,
            0.22818702541375704,
            2.240135439895599,
            -1.7170284295725693,
            -0.6813874152598915,
            0.9882810146701653,
            -1.0040240133781342,
            1.8228290511482923,
            0.7113326957731677,
            0.0,
            1.91345205465316,
            0.23578688276549928,
            -0.1291140460238021,
            -0.20631175621039935,
            -0.1261506562084229,
            0.3310222148315462,
            -0.3118459508601848,
            1.4036637591674026,
            -0.42954926895953477,
            -1.815383379306972,
            -0.4166887372683815,
            0.5335047602191166,
            2.8894726160290545,
            1.6970346657605277,
            0.14235238141244905,
            -0.14371815657342202,
            2.071522108652299,
            -0.41651229372707715,
            0.52021973278402,
            -1.3637463336879956,
            -1.838572918538315,
            -1.2967874510625552,
            -0.44782344485371123,
            0.7355142245798065,
            -1.838735572607377,
            0.32951355664034626,
            0.342782542527105,
            0.8609563527604025,
            -0.4088526968530338,
            -1.4605001482459612,
            0.5511602046076627,
            1.4726293726686153,
            -1.0729245017731972,
            0.06129285405591882,
            -0.4525399558737245,
            0.6539488855321653,
            -2.313114358672128,
            0.4646479112702336,
            -0.9626833220629227,
            -0.41999378476999616,
            0.3708404588446616,
            0.5808733670592638,
            -0.26761390992605505,
            -0.6115390890483373,
            -0.6895382469064095,
            0.27606658769914433,
            0.9125181428874456,
            -2.3557391821781195
        ],
        [
            -0.5446487213960756,
            0.4056923918729666,
            -1.0535323072520673,
            0.1452765803136004,
            -0.03873434251406114,
            -0.27675666922830366,
            -0.2145143268884104,
            -0.8354622944687409,
            -0.9981340689376051,
            0.5359221956226052,
            -1.323453767194449,
            0.20797882738247242,
            1.8008535014435756,
            -0.15279823190799038,
            -0.2794452180969634,
            1.91345205465316,
            0.0,
            0.12880893635464216,
            0.18408190642435018,
            0.06749954505950716,
            0.4918042408999098,
            -0.48899297366428957,
            -0.2381093055805419,
            -0.5681121875858685,
            0.741242608417401,
            -1.072750893165966,
            0.24866034608303192,
            1.140458787652652,
            -0.34472767597757076,
            0.643462917656663,
            0.9408264035241026,
            -0.15293188108271552,
            -0.09486701603218392,
            -0.4151095979004572,
            1.677160633130674,
            1.426298420252215,
            0.7977712160196454,
            -0.6419039456961618,
            -0.49745977718884216,
            0.3308381113964437,
            -0.4699496959886827,
            1.4454876281605056,
            0.2008689818469935,
            0.8900126227167039,
            -1.2802609965023342,
            0.7779956904721828,
            -0.5796475255322012,
            -0.09460430590301026,
            -0.1506781815404615,
            -0.8611793226931728,
            -0.35336250109071055,
            -1.5617649683685169,
            1.9569770496095542,
            -0.3371039564324197,
            -1.6212068515898255,
            -1.0538798226269936,
            -0.8399919493965587,
            -1.0516434386462448,
            -1.7815258825469924,
            0.27985461388921384,
            0.8525459611483135,
            -0.29427368489021866,
            -1.6665616157786967,
            -0.2976079819563644
        ],
        [
            -0.06943171401608018,
            0.6211192766981408,
            -1.898652101374584,
            0.5667478286096455,
            0.7454955601987727,
            -0.9024475647966962,
            -0.02247854540456262,
            0.7552434146221311,
            -0.0647348760845187,
            0.7063502404351714,
            -0.4741995714842868,
            -1.3692502562208404,
            1.17488125792231,
            0.6230397120260589,
            -0.9418585638941221,
            0.23578688276549928,
            0.12880893635464216,
            0.0,
            0.8049785693412238,
            0.5554934407003195,
            -1.6494860776633473,
            -1.1101786283333936,
            1.918712470493763,
            0.732326513094028,
            -1.0988544359185277,
            1.2785135531774299,
            -1.0175824542211558,
            0.2825838615705114,
            -1.0642008528718392,
            1.3379863833524304,
            -0.09886659942813258,
            -0.350004639934497,
            1.7476493506108475,
            3.074874913873133,
            0.9632510223743109,
            0.49429900818500155,
            -0.6777112512307221,
            -1.0220539811915925,
            0.7358682627233937,
            1.3001884614218977,
            0.10606103502060615,
            1.0618107150363052,
            0.486091983807723,
            0.30260215184181655,
            -0.6292778499575025,
            0.6446553977043017,
            0.4937337869168772,
            0.2778151680183313,
            0.36195834240344477,
            0.3448118506654147,
            2.2145396680447553,
            0.16078566018467289,
            -0.024055723762285094,
            -0.03370318328892492,
            1.1603921874775054,
            -0.9090338913064313,
            0.1922860189698257,
            0.37799385625300574,
            -0.979663560253109,
            0.5836648693398426,
            -1.1831356124083066,
            -2.012334972446361,
            -1.273811465429592,
            -1.5941276991391544
        ],
        [
            -0.4775998666735674,
            -0.7025417914544988,
            0.22345111876872373,
            -0.8083401499317444,
