{
    "N": 64,
    "id": "1ec7a0dc-1abc-4504-aa7e-52c799f95365",
    "problem_type": "SK Spin-Glass",
    "distribution": "gaussian",
    "spins": [
        -1,
        -1,
        -1,
        1,
        1,
        -1,
        -1,
        1,
        -1,
        1,
        1,
        -1,
        -1,
        -1,
        -1,
        1,
        -1,
        1,
        -1,
        1,
        1,
        1,
        -1,
        -1,
        1,
        -1,
        -1,
        -1,
        -1,
        1,
        -1,
        1,
        -1,
        1,
        1,
        1,
        1,
        1,
        1,
        1,
        1,
        -1,
        -1,
        1,
        1,
        1,
        -1,
        -1,
        -1,
        -1,
        -1,
        -1,
        -1,
        -1,
        -1,
        -1,
        1,
        -1,
        1,
        -1,
        -1,
        1,
        -1,
        1
    ],
    "couplings": [
        [
            0.0,
            -0.0481705406048561,
            -0.5790138679567483,
            0.225397853332292,
            -0.7542142332495712,
            -1.2695413799227968,
            0.47169916066085227,
            -0.8849652359525435,
            -0.40908912297726135,
            0.11542341722011766,
            0.6692142737909851,
            -0.24022942344985657,
            -1.0687275752242562,
            0.0373118470857511,
            0.25761278917530306,
            0.5175824441069453,
            -1.5397056951950019,
            -1.1077084918010685,
            -0.9897567584807119,
            -0.7759516053997039,
            1.4898294934018206,
            0.7621456375302745,
            0.8108036243646114,
            1.3209585240483726,
            -0.09069607313807625,
            -0.8170404468853674,
            0.39169461473456063,
            -0.0785954049748435,
            0.03654244934617931,
            -0.385049138181281,
            -0.7046504620300794,
            0.9817198821438746,
            -1.8034780808840158,
            0.26547690358756765,
            1.8254654542269162,
            0.27549083506814276,
            -1.2594465169970246,
            0.5125140475805683,
            1.0693552629398178,
            -1.1906024523372252,
            -0.5558701611658322,
            1.3977842442635746,
            0.24078538684526052,
            0.22257209243446258,
            1.1740529206499726,
            -0.03850701835193057,
            0.8659772369185373,
            0.47089918585428414,
            0.32624988474414146,
            0.9301457031838835,
            1.6653177043415162,
            -1.1105126540830643,
            0.8059643149370187,
            0.17908383450791543,
            -1.1736647585990698,
            1.6015304577786311,
            0.4603532119306312,
            -0.3816420429718868,
            -0.7167701759995297,
            1.1651334610218027,
            0.6203169144522993,
            0.8771641819711161,
            0.14018825466719342,
            -2.3502412140874505
        ],
        [
            -0.0481705406048561,
            0.0,
            -1.554751970635941,
            -1.0415098629230968,
            -0.33286973968618183,
            0.9618806175975506,
            1.5732108425424753,
            0.7612831039718181,
            1.4908660915415386,
            0.9929379468969181,
            0.2404605606090595,
            -1.0797468937892236,
            -0.8920549988356902,
            -0.039615314856842554,
            -0.7383250534392147,
            1.1288206031658476,
            1.352608086459524,
            -0.6634930716941958,
            0.39350267933800553,
            -1.7375272649307625,
            -0.4107444750280312,
            0.06044894893956129,
            0.07564135327933902,
            1.6402931887102525,
            -1.2235185434474385,
            0.16129250578956292,
            0.4778419490383698,
            -1.9366491160157797,
            0.3061783600484191,
            -1.103916055765265,
            0.10642727499556563,
            2.134386189758479,
            -0.9325121343321087,
            1.369685098171067,
            -1.3433130865825467,
            0.21642115061438622,
            -0.12145272170685972,
            -1.4527854931935573,
            -0.753569103500905,
            -1.492537061705039,
            -0.4718044489693643,
            -1.6605350863368482,
            -0.5617399940634844,
            -1.5109674491331289,
            -0.0793054425545806,
            0.7352051801725337,
            0.6574838012878876,
            -0.2513361561236614,
            0.8238722806122472,
            -2.1054886610688754,
            1.4712930148893306,
            -1.0629374610987772,
            -0.07924948761887786,
            -0.5312701033695262,
            -1.4802894666884758,
            -0.025194158564447625,
            -0.2874912611937731,
            0.02604407818526194,
            -0.8993157348601947,
            0.03877812254660717,
            -0.4301131923640873,
            -1.1505543536800096,
            0.9752003741631686,
            0.46859095008613777
        ],
        [
            -0.5790138679567483,
            -1.554751970635941,
            0.0,
            -0.5834311647321626,
            0.2542704377201914,
            0.7738048234907937,
            -0.09291744521971029,
            -0.7085890664731193,
            0.1686526797040742,
            0.17302781620175703,
            -1.0646563971413456,
            1.6333358096292545,
            0.09695979321373216,
            1.4614222069433764,
            0.31571790474357647,
            -0.19741016924213778,
            0.3556310607016698,
            0.972485276221635,
            -0.16513634938763644,
            0.4702326201008343,
            -0.7841401180334935,
            1.453567552661871,
            0.2474356219667882,
            0.1713022682744581,
            0.24246452619813297,
            0.572997669634385,
            -1.154264177440757,
            -0.537075905577065,
            -1.5742458178095644,
            0.907661840823777,
            -1.5443429500674244,
            -1.012359014841968,
            0.034281646853875185,
            1.479841390183695,
            0.911814577448389,
            0.14442953897125949,
            -2.8108862778779673,
            -0.5568389186520528,
            -0.6658991430795632,
            -0.16426216134464727,
            0.6858825123797974,
            -0.2927918908405956,
            1.2499873898195262,
            1.1030784119267703,
            -0.14139425040216988,
            -1.0878890772627436,
            0.9544664012551995,
            0.41467494350991796,
            -1.3540266692343343,
            0.5968630214307002,
            0.2007272789474142,
            -1.132939829314983,
            -0.46517188244406704,
            1.9219365507620736,
            -1.2283437435842521,
            1.1308594612390803,
            -1.0279199372703347,
            0.23813451157725093,
            -0.6282853837091595,
            -0.8368028080682209,
            0.23603997130910406,
            -0.3459564302510934,
            -0.36851751663056487,
            1.610511042841562
        ],
        [
            0.225397853332292,
            -1.0415098629230968,
            -0.5834311647321626,
            0.0,
            0.4128384553527124,
            1.4556811113616548,
            -2.1339272919638,
            0.5351639522621108,
            0.07491810422041804,
            -0.14225752928676696,
            -1.6088925779849965,
            1.1688594331927158,
            0.9375837396354074,
            -1.7181951718565847,
            -0.9036865477482989,
            0.10278362007771474,
            3.073106857926832,
            0.2951007496656266,
            2.170304725359562,
            -0.8670257736031982,
            -1.9061097344850848,
            0.9365843577949181,
            0.6975514531578013,
            -1.9837931138024696,
            -0.9763857596158941,
            0.0005328031563566466,
            0.6832109217941446,
            1.640192613753473,
            1.567632413694644,
            0.15783521160570402,
            0.104441997164654,
            -0.9166126314134343,
            1.5601078837097158,
            0.09324002202270576,
            -1.6331097116214737,
            -0.14840067907807158,
            -0.8467149075712554,
            -0.535429858435254,
            1.1042523346198307,
            -0.5233883449930113,
            0.5666112427062825,
            -1.0385870916020103,
            -0.28095390203594606,
            -0.14710536545013933,
            0.4997945904152575,
            -0.9004967032002346,
            0.1596816625355481,
            0.21596753904989688,
            1.8829465161816417,
            1.611989165498407,
            -0.33528355687907657,
            -1.2940905403006002,
            -1.9048318735133891,
            0.5793467031829017,
            -0.5570795484029659,
            -1.5417170427340714,
            1.1104966550808701,
            0.7139378198586217,
            -1.2623656258004274,
            0.10135051518535083,
            0.6900666091850388,
            2.4910455818487587,
            -2.6371675990461094,
            1.0823393825403296
        ],
        [
            -0.7542142332495712,
            -0.33286973968618183,
            0.2542704377201914,
            0.4128384553527124,
            0.0,
            -1.1590661329234848,
            -1.1176542762635322,
            -0.7390776798594825,
            0.7062469649415349,
            0.6451019187536174,
            0.6499057465695868,
            -1.2391171996567254,
            -0.7366290026618965,
            1.406097232838045,
            0.579903346060459,
            -1.1624203953515329,
            1.1760178923931561,
            0.5459861980457777,
            0.4196891875342564,
            1.6901746277424834,
            -0.31570828760501074,
            1.6876498981557109,
            -0.002235916297861541,
            0.6234415671571472,
            0.25396673318780616,
            0.5067740583046777,
            0.18114900005535622,
            -3.222937912689362,
            0.21441851806276874,
            1.9830704755746666,
            0.6959095193331241,
            -0.4190605967470937,
            -0.701889131383241,
            -0.41666425147150016,
            1.183941902113677,
            -0.04529284882155921,
            -0.5249924134654206,
            -0.8497042343542812,
            -3.069266755161523,
            0.8538586369049629,
            -0.41044529832927523,
            0.6979580921708161,
            -0.09766121457616267,
            0.8111584306704999,
            -1.7679623453305466,
            -1.2052278894778716,
            0.20666459298641898,
            -0.10399603887318709,
            -1.1978430631895236,
            0.21888999215192365,
            2.316278131500969,
            0.4143694737306488,
            0.003903963233538454,
            -0.6879395019122223,
            0.4005450925437636,
            -0.10188519306187707,
            1.4203955472246268,
            -0.1493077524571449,
            0.034655799096063214,
            0.43864154744880407,
            -0.8140355730883436,
            0.007174433048034388,
            0.1822484429458624,
            0.2048766800490044
        ],
        [
            -1.2695413799227968,
            0.9618806175975506,
            0.7738048234907937,
            1.4556811113616548,
            -1.1590661329234848,
            0.0,
            -0.11288039215516343,
            -0.016341011065644843,
            0.1832503198779872,
            0.11586176295132242,
            -0.5055506124921727,
            -0.9631102762390803,
            -0.948181819203822,
            -1.6883981711473324,
            -1.2638726988087858,
            -0.04644374211610039,
            0.08816650854909079,
            0.8525024820073379,
            0.486122020984159,
            -0.9054034191230453,
            -0.047873033478484414,
            -0.3070967683968924,
            0.6186402834680885,
            -0.8683288835427356,
            0.10538263687495332,
            0.6551692391283171,
            -0.9559200567189946,
            -0.4728623526780322,
            -0.4218114041169815,
            0.3464273556053856,
            0.4404496203809544,
            -1.205097986646591,
            -0.1573952594449452,
            0.8999664686414717,
            -1.4290285811724686,
            0.3907718596621399,
            0.7951350562209546,
            -0.6230445550541338,
            0.01454440352088185,
            0.35356238541333374,
            -1.0652854434021082,
            -0.1975006057272999,
            0.7446307708380399,
            2.0671398125357907,
            -0.27123071655508,
            0.4457296433792524,
            -0.33744134531547626,
            1.6947929852278794,
            -1.1191033405535522,
            -0.3568870945268483,
            -0.3775159259775137,
            -1.5020583974372061,
            2.0679109721305733,
            -0.44132892414540464,
            -0.8056993493143532,
            0.6668203834349821,
            0.9255711837917793,
            0.012968038524093872,
            0.5313606546365419,
            0.2526225370650651,
            -0.1972214305934701,
            -0.3036085536543458,
            -1.3471066860226835,
            0.8509107835212238
        ],
        [
            0.47169916066085227,
            1.5732108425424753,
            -0.09291744521971029,
            -2.1339272919638,
            -1.1176542762635322,
            -0.11288039215516343,
            0.0,
            0.632491920672749,
            -1.4529164694043615,
            -0.3155159179377384,
            -0.16430864503771928,
            0.10488636260528321,
            2.1438998134341927,
            -0.17548546959187322,
            -0.4480447122713883,
            -0.7752557907956891,
            0.7199986497679999,
            -0.15543233471953508,
            -0.8588006043129524,
            -0.11272115384179686,
            -0.03206895853648762,
            0.8439925133593381,
            -0.5303632310513927,
            1.5559818699528225,
            0.060857125698223956,
            1.1319826253820127,
            0.31646623011270264,
            1.0326055513711287,
            1.0483615072919221,
            -0.38727629544875364,
            -1.5270888706826733,
            -0.08279503422617565,
            1.4845979095075934,
            0.06982152839374907,
            0.22071059132823048,
            0.4241063789742589,
            1.54143137934587,
            0.9352081955388615,
            0.3960044047222155,
            1.2365897739885359,
            -0.210402202420407,
            2.1286150454011583,
            -1.0991166393687202,
            -1.3847526008844024,
            -0.7135426143459682,
            0.5703752112328194,
            0.2719707356521375,
            0.5216348431189137,
            1.2447405851252327,
            1.344888867185634,
            0.13852914510255612,
            0.037220079981071304,
            -0.279896375829173,
            -0.07481422350883833,
            2.4496781888414834,
            -3.394592969965026,
            -1.0855849226464258,
            -0.38943277764439527,
            0.3412181354511455,
            -0.22395909091866809,
            -0.7059149634124139,
            -0.05561591511006407,
            0.30014167661729074,
            -1.215135766427101
        ],
        [
            -0.8849652359525435,
            0.7612831039718181,
            -0.7085890664731193,
            0.5351639522621108,
            -0.7390776798594825,
            -0.016341011065644843,
            0.632491920672749,
            0.0,
            0.9187011374170359,
            -0.7603548903896752,
            -0.19879331316583662,
            -0.6484655275666182,
            -1.474948138730848,
            0.28781491781428825,
            -1.5721271642613106,
            0.8010991718672239,
            -0.6513617367982026,
            -1.3015167131391567,
            -1.044784882731678,
            2.269367397609989,
            -0.9720157575846653,
            -0.5776971758968388,
            1.2796447683018568,
            0.14571677971014776,
            0.7904455928873491,
            0.13274341981287396,
            -1.3008023681886907,
            -0.8660819588034016,
            0.3905544386533224,
            1.5679183974806954,
            -0.30298688098908877,
            0.6279487259076878,
            -1.5247668789170725,
            -0.47304137796924506,
            -1.4538126870159103,
            1.4069555572754784,
            -0.3106932038655734,
            -0.8058901940563441,
            -0.6651753340851835,
            -0.7749955710869951,
            -0.02341058881707847,
            -1.1509916383891412,
            0.04377423525003797,
            -0.6287876835136729,
            -1.814021034719846,
            0.287975661759589,
            1.4028780243669892,
            0.9294547604560673,
            0.13700659618206082,
            -0.3502233114625806,
            0.8602650216624684,
            0.2774227124933549,
            0.02097159534674805,
            1.1320266344143306,
            0.8003443451570105,
            0.24686347899084798,
            -0.8076020899501744,
            -0.040373950049091424,
            -1.066430036963019,
            2.1695166877366683,
            0.43530873721166047,
            0.8257953931764908,
            0.6225096868594397,
            0.8457282755363152
        ],
        [
            -0.40908912297726135,
            1.4908660915415386,
            0.1686526797040742,
            0.07491810422041804,
            0.7062469649415349,
            0.1832503198779872,
            -1.4529164694043615,
            0.9187011374170359,
            0.0,
            -0.12198152384088243,
            0.33464864385130266,
            -0.04618464008316554,
            -0.14541997254747838,
            2.0851384126890875,
            0.02734761415253848,
            -0.6850110377545274,
            -0.5548912905115937,
            -0.8392793119380685,
            -1.430968059534912,
            -0.4511887321227236,
            -1.216703283171758,
            -0.7544780352695991,
            -1.494923517337371,
            0.5868809884562775,
            0.17969245533715847,
            -0.938641275329397,
            -0.2560402222256635,
            0.007831591626889074,
            -0.20689669212769365,
            -1.0471516172450819,
            -0.16146377988954663,
            -0.5610596065130893,
            -0.36131683191109465,
            -0.0645565176924584,
            0.14468138966994662,
            -1.1400786834132495,
            -1.1714993931561557,
            -0.5936916210092084,
            -1.4083833790955846,
            -0.5315466144007838,
            0.2460193442228912,
            -0.7508119626407592,
            0.3521623353341664,
            0.2579601532313128,
            1.436099345338992,
            -0.6109686779142287,
            -0.8776702756768466,
            -0.877848177544986,
            -0.7011342480296165,
            -0.31077376170600285,
            1.4243398430528027,
            -0.09834942675648412,
            1.1883737917829544,
            -2.89795489741597,
            0.45711201173234856,
            0.5970805059571841,
            0.5606331159416716,
            -1.8191214556447861,
            -1.1327943144842498,
            0.1340762469869291,
            -0.5832818095356996,
            -2.2538038723290783,
            1.8780887261106967,
            0.13747695426428216
        ],
        [
            0.11542341722011766,
            0.9929379468969181,
            0.17302781620175703,
            -0.14225752928676696,
            0.6451019187536174,
            0.11586176295132242,
            -0.3155159179377384,
            -0.7603548903896752,
            -0.12198152384088243,
            0.0,
            0.9877725154761771,
            -1.755611015754274,
            -1.0287394469741693,
            0.7873308247067627,
            -0.4951211005488373,
            -0.23248949933179042,
            0.5865242055636215,
            0.12758996279169,
            -2.4854125884192584,
            -0.04717287082919225,
            1.7096796359963922,
            0.05759320083462926,
            0.9933766870292868,
            0.8225701924651553,
            1.4562016296896576,
            -0.63544402134516,
            -0.687172161312617,
            -1.161194332253068,
            0.2055196228837226,
            -0.7201681077403312,
            0.31254891322482903,
            0.18170965200949055,
            1.8411994070307136,
            2.285410178904363,
            1.2229728417249148,
            -0.43723990350925535,
            -0.1302862347142867,
            -2.032927808205641,
            -1.9211405021436978,
            0.6438395839557459,
            -0.11044966617632511,
            -1.2339602647560375,
            0.7273094153529808,
            1.7739861060027242,
            -0.9169593722507402,
            -0.18043763595124712,
            -0.9988111688443595,
            0.5253932011408464,
            1.7601314544551896,
            -1.2580073008339,
            0.4417397276689583,
            1.6392642238581914,
            -0.07624396401097329,
            0.4332562271128202,
            -0.11788462021070946,
            0.463778834584142,
            0.6805409728611833,
            -0.03826520598440593,
            0.32339796930899534,
            -0.4203926957137727,
            -0.4367191055851582,
            -0.7615964176797175,
            -0.8550156731777603,
            -1.2361188880836647
        ],
        [
            0.6692142737909851,
            0.2404605606090595,
            -1.0646563971413456,
            -1.6088925779849965,
            0.6499057465695868,
            -0.5055506124921727,
            -0.16430864503771928,
            -0.19879331316583662,
            0.33464864385130266,
            0.9877725154761771,
            0.0,
            0.5887249237649202,
            0.5090692124793064,
            -1.3380453713854477,
            -0.01083965608190973,
            -2.011734388781149,
            -0.7681234554539789,
            0.6514970443182825,
            -0.18866619408992794,
            -0.46360592458342104,
            -0.07867943400431482,
            1.2117071035335512,
            -1.1456793834879722,
            0.0012664292118437276,
            -0.6012383352130076,
            -0.1778306391502134,
            -0.29225941671458006,
            -0.7545982072660692,
            0.777146541913661,
            -1.285893629086787,
            -0.9385182239181689,
            0.7274044088982808,
            -1.0136175297808523,
            0.6593225370129023,
            1.2749651235202635,
            0.19948728938622745,
            3.002654971569637,
            -2.0102456616435207,
            -0.9692527276222124,
            -0.285658549054864,
            -0.28319321148175486,
            -0.6770417427276375,
            1.8072782382890409,
            -1.0729184588597986,
            0.3647422121011566,
            -0.17404228583044828,
            -0.8847870694963631,
            0.5379002115757867,
            -0.9747809959553407,
            1.8440000571027844,
            -1.2379645121997476,
            0.30970233575521616,
            -1.131699408763537,
            1.1217875134551982,
            0.39047521145411584,
            -0.49761822735546946,
            0.9508412899337086,
            -1.1957759847141909,
            -0.11551033339430444,
            -0.5575534497645495,
            -0.78683322550682,
            2.1920355430128438,
            0.6161762008237859,
            -1.1043113582025756
        ],
        [
            -0.24022942344985657,
            -1.0797468937892236,
            1.6333358096292545,
            1.1688594331927158,
            -1.2391171996567254,
            -0.9631102762390803,
            0.10488636260528321,
            -0.6484655275666182,
            -0.04618464008316554,
            -1.755611015754274,
            0.5887249237649202,
            0.0,
            1.1051175550396701,
            -1.8649291900915335,
            -0.3008764807254052,
            0.11549983694665521,
            -0.6905250080899121,
            1.003587018182328,
            1.2359388992147111,
            -0.2706831274884201,
            0.1549763321853896,
            1.8084097187560932,
            0.4973194599769764,
            -0.005217019420913207,
            -1.4670978555355227,
            1.245532350359003,
            0.6186218054584581,
            0.6824311611974551,
            -0.9267018715032637,
            0.4949672259226787,
            -0.8091322817015526,
            -1.5076134738820792,
            -0.9076224806727571,
            0.27140389741877646,
            -3.614625393961073,
            1.4858493602548883,
            1.0864644731789286,
            -0.7200726981806875,
            -0.8630233045322946,
            0.33003870941709545,
            -0.26908254035554036,
            0.12147600798943509,
            2.215419342618399,
            0.651579088281662,
            -0.6304800077431634,
            -0.2409436365384418,
            0.05420192560144465,
            0.01697869694159725,
            -2.1048928852511133,
            -0.3990481995771934,
            1.71147275532632,
            -0.6129285538151434,
            -0.6248060781390408,
            0.585280592616244,
            -0.1827653061029274,
            0.1427862449654914,
            0.1113493513328116,
            -1.0224763191184874,
            1.3237870863076364,
            0.6633200697952795,
            0.059207304084228175,
            -0.3674842510095929,
            0.5566344218767915,
            -0.8861628644417076
        ],
        [
            -1.0687275752242562,
            -0.8920549988356902,
            0.09695979321373216,
            0.9375837396354074,
            -0.7366290026618965,
            -0.948181819203822,
            2.1438998134341927,
            -1.474948138730848,
            -0.14541997254747838,
            -1.0287394469741693,
            0.5090692124793064,
            1.1051175550396701,
            0.0,
            -0.4594799847690635,
            0.3224359820421056,
            -0.24599182780659729,
            -0.7192147327264924,
            -1.3177153848045478,
            1.095584097424538,
            0.1571856262464332,
            1.381637227324996,
            0.14132879891493902,
            1.485897120817614,
            1.1766824197727443,
            0.08155013986952886,
            1.1665414489299877,
            -0.16207643180302983,
            -1.7111341204777006,
            -0.8755280662282366,
            1.7585451003903436,
            0.8975137146290417,
            0.3888153730373417,
            -0.8846292462164428,
            0.9177306325493009,
            -0.6425342499563887,
            -1.1711490253379726,
            0.2103251087992241,
            0.9742727614962378,
            -0.18906236693011488,
            -0.015529118509341579,
            0.5146146088123735,
            -0.22841614911054148,
            -0.43489426555731303,
            0.16954643662806956,
            -0.22497100680690624,
            0.9627900992670952,
            0.3313436171997809,
            0.055488871387320476,
            0.10338083957282233,
            0.05929108674138411,
            0.8222398466915252,
            -0.04762029317707757,
            0.25968897799262547,
            -0.23381992436217916,
            0.9691534308359219,
            0.7713132593194999,
            -3.3720865255607912,
            0.4006133780880506,
            -1.7255483969049752,
            0.896179330023465,
            0.24946692522894542,
            0.04902296842922474,
            1.9349920967542875,
            0.9278413097923538
        ],
        [
            0.0373118470857511,
            -0.039615314856842554,
            1.4614222069433764,
            -1.7181951718565847,
            1.406097232838045,
            -1.6883981711473324,
            -0.17548546959187322,
            0.28781491781428825,
            2.0851384126890875,
            0.7873308247067627,
            -1.3380453713854477,
            -1.8649291900915335,
            -0.4594799847690635,
            0.0,
            1.502431926464831,
            -0.9901974894101653,
            -0.6666394942163391,
            0.8432146220407373,
            -0.4104045058265844,
            -0.27780442105539616,
            -0.4377313011335619,
            -0.8871995600126287,
            0.39271416747087123,
            -0.012087350618871463,
            0.7651462442785989,
            0.6736912010441858,
            -1.029218427991499,
            -1.854857988600363,
            -2.4531691497962558,
            1.656256888013222,
            1.3222937572689242,
            0.2962773115337835,
            0.03158948549061739,
            1.8219969949232837,
            -0.4121583432242676,
            3.7090429333627464,
            -1.215102119328911,
            1.0002965092819496,
            1.1410473163295065,
            1.3207406471467262,
            0.4642603115413671,
            1.5195179360058866,
            1.026746621768274,
            0.3531114976092584,
            -1.6049356731509286,
            0.45370405089579385,
            0.8946126528585935,
            -1.8062747147957572,
            1.87802828504573,
            0.6171562336795214,
            0.3056533523302486,
            2.1445345088655214,
            -0.12604168091831658,
            -0.7781361239951864,
            -0.6762759446380608,
            1.0746934426339563,
            0.4682205664725097,
            1.8437447621349718,
            1.6688141259835876,
            -0.06268783781855838,
            -1.4701432501783749,
            -0.646204683834697,
            -0.38109272053680665,
            -0.1986930724123238
        ],
        [
            0.25761278917530306,
            -0.7383250534392147,
            0.31571790474357647,
            -0.9036865477482989,
            0.579903346060459,
            -1.2638726988087858,
            -0.4480447122713883,
            -1.5721271642613106,
            0.02734761415253848,
            -0.4951211005488373,
            -0.01083965608190973,
            -0.3008764807254052,
            0.3224359820421056,
            1.502431926464831,
            0.0,
            -1.8314452431824944,
            0.6561028020112281,
            0.0927938180907718,
            -2.0138192152463708,
            -1.7534277394021245,
            0.5993965596682637,
            -0.3379435723628796,
            -1.6623232811797055,
            0.02113103349444206,
            -0.30850292053741857,
            -1.3767717799699346,
            0.9355034212620048,
            -2.0248894856050543,
            0.5377437623538134,
            0.4602056421577674,
            -1.5175931328490966,
            -1.5993879216244904,
            -0.02626267269997175,
            0.8570621574493226,
            0.7419918019306279,
            -0.7526778385256869,
            -0.15097851753191577,
            1.2725262478474113,
            -1.466929332204971,
            -1.4705819958398567,
            -0.11897217240937245,
            0.8571216114410742,
            -0.22042338829843094,
            0.2192978332496466,
            0.9779800207926995,
            -0.429074192110053,
            0.005117259938860364,
            -1.205479746443781,
            1.7373956270220705,
            1.302167864853094,
            1.4515478973321037,
            -1.876868536869951,
            0.7496085804926718,
            1.5499710941193263,
            -2.9087659691151204,
            -1.8310561506006386,
            -0.3028653618812901,
            0.9097978576565128,
            -3.1511295219437567,
            -1.3281955652444215,
            -1.4862944547462977,
            -0.45760737692697345,
            -1.291433515833748,
            1.094838743570595
        ],
        [
            0.5175824441069453,
            1.1288206031658476,
            -0.19741016924213778,
            0.10278362007771474,
            -1.1624203953515329,
            -0.04644374211610039,
            -0.7752557907956891,
            0.8010991718672239,
            -0.6850110377545274,
            -0.23248949933179042,
            -2.011734388781149,
            0.11549983694665521,
            -0.24599182780659729,
            -0.9901974894101653,
            -1.8314452431824944,
            0.0,
            -0.3790605238534297,
            -1.0947445207766062,
            1.4502759527035944,
            2.1033883143079857,
            0.16405035891449904,
            1.8719211621470808,
            -0.14595494434042555,
            -1.523670266805221,
            -0.37868119197363576,
            -2.0891104973506605,
            -0.8596387594874882,
            0.31131750915800216,
            1.1465956203714578,
            1.157323258049687,
            -2.663543351798301,
            -0.18906542795841455,
            0.5946179408764701,
            0.8364455030947899,
            -0.43572878116630354,
            -1.216878978723361,
            0.8353890866919542,
            -0.874496863758371,
            0.750614087668224,
            1.8566213947040804,
            -1.9274726621256288,
            0.1857503741495879,
            1.5722924061943573,
            -1.014214872309,
            -0.5349309382719476,
            0.9149848091734053,
            -0.7861212083336978,
            -0.9453092264915962,
            -1.8680036882514661,
            0.778559672580997,
            0.21551178217231504,
            0.9678857210705606,
            0.5290150571658907,
            -0.21501386741206127,
            -1.5459213036986028,
            0.22791112664267496,
            -1.1555508843352837,
            0.05092084752281481,
            2.076838704537289,
            -0.0386565860016827,
            -0.337894535715712,
            -0.5272670867094934,
            -0.2799819940172931,
            0.4561889591573582
        ],
        [
            -1.5397056951950019,
            1.352608086459524,
            0.3556310607016698,
            3.073106857926832,
            1.1760178923931561,
            0.08816650854909079,
            0.7199986497679999,
            -0.6513617367982026,
            -0.5548912905115937,
            0.5865242055636215,
            -0.7681234554539789,
            -0.6905250080899121,
            -0.7192147327264924,
            -0.6666394942163391,
            0.6561028020112281,
            -0.3790605238534297,
            0.0,
            0.1832581734080118,
            -0.4102082510012703,
            0.6999783517927753,
            -0.6640956685094461,
            0.5315868289666185,
            -0.4670216240162237,
            0.11552161433078668,
            1.7688095473916854,
            -0.12336847975808753,
            -1.7224157202914945,
            0.6303171164450042,
            -0.4206089589681967,
            -1.033279528442361,
            0.16545328516015984,
            1.8156464901067406,
            -0.5800488100882575,
            -1.6695731505301146,
            0.41691586062348135,
            -0.832807670068519,
            -0.07529516730258767,
            -0.10929976214666538,
            -0.027778806114391295,
            0.1866910847571755,
            0.3837228778774364,
            0.2305690502064075,
            -0.3862124732826735,
            -0.21800982293568524,
            1.012064423500833,
            -1.416255613267328,
            -1.7669159684966587,
            -0.20789260019122724,
            -0.25963734164870306,
            -1.090160936503084,
            -0.7751766996816342,
            -1.0456488182109762,
            -0.7851816221090381,
            -2.1869560973757802,
            0.2813149983645575,
            -1.2804140085536881,
            1.1367670247505113,
            -0.7834563923596292,
            -0.26478204947107103,
            -1.7567820366763955,
            -0.14226114409523485,
            0.10479968195442929,
            0.5741687686782488,
            -1.3580774254921575
        ],
        [
            -1.1077084918010685,
            -0.6634930716941958,
            0.972485276221635,
            0.2951007496656266,
            0.5459861980457777,
            0.8525024820073379,
            -0.15543233471953508,
            -1.3015167131391567,
            -0.8392793119380685,
            0.12758996279169,
            0.6514970443182825,
            1.003587018182328,
            -1.3177153848045478,
            0.8432146220407373,
            0.0927938180907718,
            -1.0947445207766062,
            0.1832581734080118,
            0.0,
            -0.25149555582490885,
            -1.4842001811985819,
            -0.6548667992020406,
            -1.478317489233421,
            0.1320810471692879,
            -1.3849471013223624,
            0.5304673770514183,
            -1.6987647970139796,
            0.04939510373051595,
            2.926204860543377,
            2.1110312979835633,
            -0.9993859145477477,
            0.4018418449834486,
            -0.04233925565836848,
            0.06862732298221207,
            -0.128467936729952,
            0.027987565720306296,
            -1.140341816497522,
            1.0189607766966573,
            1.801777735410505,
            0.28518796557429243,
            -1.4172136746707957,
            0.15755966067469446,
            1.4445304186818715,
            -1.3362026679708652,
            1.4191607755182516,
            -1.1740234189589607,
            0.785388943747988,
            0.0455827275483297,
            0.9538654609661734,
            1.5804944082482644,
            -0.6593269957220655,
            -0.14058741221521787,
            1.4690268200456507,
            -0.6651013925385677,
            -1.16360171265649,
            0.42348852578406165,
            -1.374877793252775,
            -0.43996549405862295,
            1.8662355070558316,
            -0.5166094443604149,
            -0.4058730152365941,
            1.0493516992877383,
            -0.21134661871731938,
            -0.281112746157655,
            1.1464364326655403
        ],
        [
            -0.9897567584807119,
            0.39350267933800553,
            -0.16513634938763644,
            2.170304725359562,
