{
    "N": 64,
    "id": "cbc7b0a4-efa7-4173-a0ba-8fb8058df94f",
    "problem_type": "SK Spin-Glass",
    "distribution": "gaussian",
    "spins": [
        -1,
        -1,
        1,
        1,
        1,
        -1,
        1,
        1,
        -1,
        -1,
        -1,
        -1,
        1,
        -1,
        -1,
        1,
        -1,
        1,
        1,
        -1,
        -1,
        1,
        1,
        -1,
        -1,
        1,
        1,
        -1,
        -1,
        -1,
        1,
        1,
        1,
        1,
        -1,
        1,
        1,
        1,
        1,
        -1,
        -1,
        -1,
        -1,
        1,
        1,
        -1,
        1,
        -1,
        -1,
        -1,
        1,
        -1,
        1,
        1,
        -1,
        1,
        1,
        1,
        -1,
        1,
        1,
        -1,
        1,
        -1
    ],
    "couplings": [
        [
            0.0,
            0.6324413503608693,
            1.3951080948729804,
            0.901340033099192,
            0.29210539630359517,
            -0.14456011170860517,
            -1.6881229168087568,
            -0.8235323859822901,
            1.3392178441948193,
            -0.48897890133759536,
            0.4020624676329353,
            -1.3629234116851565,
            -0.27121561106772357,
            1.256522940847042,
            0.020561327215268786,
            -0.6258194061713573,
            -0.467566113343869,
            0.8395221237267969,
            -0.7799034376832292,
            2.5743175817408237,
            -0.20355775788268451,
            -0.3613736879001743,
            -0.8958893190654367,
            0.9518456993771767,
            1.678878105447494,
            -1.0811436250949957,
            -0.7566779223543606,
            0.20729607526964144,
            0.01991880620444281,
            -1.0732882992197406,
            -0.7675645449867551,
            0.6085875794441153,
            -0.626213606855428,
            -0.5007614581089932,
            0.8042081577847173,
            0.850374051745271,
            2.404870863264837,
            -0.8448132295461495,
            0.42105902668546735,
            0.8634127617310788,
            -1.3872692887215337,
            -0.6105665910813953,
            0.1756721568933548,
            1.7469599700910372,
            -1.1171678422768518,
            -0.4241963386592066,
            1.667896155247036,
            -0.7488408372851652,
            0.6903672389894622,
            0.05530275526305946,
            -0.48131436531355093,
            2.1177666622381155,
            -1.5113609355991,
            1.042148345269491,
            0.02440807657467496,
            0.2961337989176343,
            0.1888763158294239,
            -0.15691149108125668,
            0.2843182378031589,
            1.8119341870702723,
            0.7388764956952522,
            0.49365797182494825,
            0.14923917101253198,
            1.9269874019073674
        ],
        [
            0.6324413503608693,
            0.0,
            0.5232178866453331,
            -0.08884364353849256,
            -0.155722033492355,
            1.6088190029004226,
            0.531493118130661,
            0.4308027527402607,
            -1.2412877532755546,
            -0.008098173895795403,
            0.15799811379285889,
            -0.6760450201913719,
            -1.1438816998212435,
            0.4348851055239243,
            -0.4158908623798634,
            0.17425065380552215,
            0.44057730466931366,
            -0.607804916649215,
            -1.5186892473169373,
            0.6219732265119685,
            -0.7787296411460428,
            -0.7162580253628267,
            0.30272359856506204,
            -0.2216894434948484,
            -0.09711219568662256,
            0.23719329986012153,
            0.055925432061642764,
            0.5071163640852818,
            -0.15027154398774148,
            0.5210306082502998,
            -0.40907414754929367,
            -1.0915548614018158,
            0.4875273481476797,
            -0.8166992468364307,
            -1.0591872410671883,
            -0.051221985798031604,
            -0.8181783468955461,
            -0.39795363987984433,
            -0.8163596340402127,
            0.3183164004217777,
            -0.8955662142160916,
            -0.6400845171348301,
            -0.9361173065498443,
            1.4180302482845264,
            1.8337947886308181,
            -0.5131484377815252,
            0.22236395072743675,
            1.6716945044738543,
            3.037532322686269,
            -0.7329288849339493,
            -2.2175644251008055,
            -0.655829446480829,
            -1.0360613177376155,
            -0.5028349497424444,
            -1.4844346318448125,
            0.4162658214609711,
            -1.4899168902855644,
            1.7131175016651932,
            -2.3087941359319726,
            -1.0551069447613637,
            0.17461678829423613,
            -0.5344271845609693,
            1.1042405039732262,
            0.8862342885146424
        ],
        [
            1.3951080948729804,
            0.5232178866453331,
            0.0,
            0.004578424550340195,
            0.2878674896546445,
            0.11153019105286434,
            1.192038213811656,
            -2.0801503386325693,
            1.024379230319019,
            0.437761116938415,
            0.039666109030211054,
            0.44698872343790075,
            -0.09949837906866145,
            -0.05591153678742057,
            -1.0442324443301807,
            0.43432368083656575,
            -0.16257290217264617,
            -0.2007769656662306,
            1.0182007087342002,
            1.1355038606165802,
            1.115470890166082,
            1.0397660670094422,
            -0.7617491041064465,
            1.0028801707942276,
            -0.2518559821789741,
            -1.7106980396185676,
            0.6800825137143439,
            1.7347512177846565,
            0.35287510363843483,
            -0.7134880576982282,
            -0.7796703450515748,
            -0.9543027444784227,
            -0.24087114692950878,
            -0.8034894019822323,
            -3.1729469562136834,
            -0.5943346176457223,
            -1.2810765735608471,
            0.10562312762007149,
            0.7525305199363347,
            0.7676997181690837,
            -0.1638723795610348,
            1.985651095445131,
            0.27319940969551265,
            0.5760252476777308,
            -1.5031798722453293,
            -1.7353909744589457,
            2.387654155173345,
            0.4297940805415138,
            0.039238054157534945,
            -0.0024882296301581533,
            1.690835574685554,
            0.3777174467424606,
            0.23988365662434114,
            -1.0999842548647507,
            0.2754826155014717,
            0.9506642814153942,
            -1.086638304352934,
            -0.3930544856183238,
            -0.38599464359020796,
            -0.13073070004793294,
            -0.8449196421395337,
            0.7183678042055737,
            -0.6582030295899168,
            1.1402302920499536
        ],
        [
            0.901340033099192,
            -0.08884364353849256,
            0.004578424550340195,
            0.0,
            -0.578618384563152,
            0.3233174801303716,
            -0.017689776128645456,
            1.473694039270875,
            1.638821053420561,
            -1.09673022032539,
            1.32829040939958,
            0.5874337144089086,
            0.7042131397027289,
            1.0618140462815324,
            -0.04276444153864623,
            -0.6198786654784715,
            1.3396819767207622,
            0.6697136220583012,
            -0.04535899748709825,
            -0.2351738801855382,
            0.6513866186360538,
            -1.1954988408861484,
            -1.4312267402437548,
            -1.4388078481381261,
            -0.3449637523473866,
            0.4878122649988131,
            -0.30706797690692833,
            -1.0633490084988846,
            0.07601076669820273,
            -0.5264994002919734,
            -0.6406612414710839,
            -0.9828543989725008,
            -1.0943824801432167,
            -0.6680486742205588,
            -0.01739935750049002,
            -0.10279012748390425,
            -0.23926306678884318,
            -0.1959525325975906,
            -0.7664299437310877,
            -1.1113928372522195,
            1.4607610823015402,
            -0.3101518641931377,
            0.2724075922107206,
            1.0703619912186357,
            2.1570665058975407,
            0.2735410739160422,
            -0.8919433458293238,
            -0.3359611085869396,
            2.610034922336241,
            1.4201328216104934,
            0.41194813500016003,
            1.185898350014009,
            -0.6555666946825959,
            -0.08257972592462472,
            -0.20549925734421878,
            -0.40417702775155406,
            -0.4130187606199544,
            -1.2554152437408035,
            -0.7983851008550725,
            -1.0045910145565538,
            0.5456244197407327,
            0.11065403013156669,
            -0.42876775643776505,
            -0.019216222302712183
        ],
        [
            0.29210539630359517,
            -0.155722033492355,
            0.2878674896546445,
            -0.578618384563152,
            0.0,
            -2.0768704380416283,
            0.5385528711396131,
            0.27395816318648214,
            -0.7961682743227598,
            -4.023752597716931,
            2.2632412267958513,
            -0.7292219673641646,
            0.37112275674399653,
            0.6342529512661971,
            -1.578019854233967,
            0.26122407976091117,
            -1.3267494238250146,
            -0.06596301128786357,
            0.9119291798451813,
            -1.1895541640030454,
            1.3991762202143687,
            -1.0076329894118954,
            -0.4077404544862434,
            0.32256215868102284,
            0.7695439197799817,
            1.5691415515728504,
            0.7953935908630555,
            -1.5657427776030313,
            -0.8619811662705875,
            0.7345927913075183,
            -1.5261531813530151,
            0.9632196597098891,
            -0.7169935016053797,
            -0.29039704453876497,
            -0.42829277215175804,
            -0.3222231604175652,
            0.16662659264684193,
            -2.081500505143171,
            0.5131839589138094,
            -0.41961398694505936,
            0.47869829103790107,
            0.5629320547754478,
            -1.105204182721041,
            1.409460595849424,
            -0.22142584495079648,
            0.04124469392678475,
            -0.07656590600487298,
            -0.34502739087004947,
            -0.7514743251770795,
            0.021536503624725176,
            -0.19332562589256583,
            -2.019404019645512,
            -0.35824422008300577,
            0.652427144905559,
            1.4929488254937198,
            -0.6262192060389341,
            0.5145108588410268,
            1.2539384078092113,
            -1.273942951865364,
            0.38895091199643617,
            0.3761522029414549,
            0.5417113225999143,
            -0.36565277367555765,
            -0.9191482460036271
        ],
        [
            -0.14456011170860517,
            1.6088190029004226,
            0.11153019105286434,
            0.3233174801303716,
            -2.0768704380416283,
            0.0,
            1.175822930877482,
            -0.7343574539592022,
            0.116361445003664,
            -1.3094966227234939,
            -0.5784212168355874,
            1.4736238615654884,
            -0.2218367586991852,
            -0.23558859203178872,
            1.6094387891895567,
            0.8156120067394674,
            -0.091017013594546,
            -0.6018034760473439,
            -0.4105729829719703,
            -0.9065762518860666,
            -0.29758943569520324,
            -1.4529066143282243,
            0.13637747816970267,
            0.9477173174649098,
            1.517659837193311,
            -0.7885313239335774,
            0.09098973576900463,
            -0.39642408764349296,
            -0.8135707282402931,
            -0.837616224599538,
            1.229116284598221,
            2.643929762691346,
            -0.44503608857869903,
            1.2071663534411066,
            0.021565678366680944,
            -1.2639400181493723,
            -1.9964358938644213,
            -0.14217748246841783,
            -1.126798522027503,
            0.6761634168359366,
            1.2834446449074046,
            -0.05996237981075556,
            1.8407572362260658,
            1.5985977529285345,
            2.3091698637384233,
            -1.2246490692884977,
            0.31878580874952883,
            -1.8105130772082518,
            1.7224250235578817,
            2.590578973180883,
            -0.38512819737465076,
            0.33538918235562676,
            -0.0035474277532120983,
            0.8102864407962473,
            1.20665940282425,
            -0.11989489979216807,
            0.199153408891077,
            -0.5228303239660694,
            -0.041834410517900496,
            -0.14620901573061415,
            -1.2830201957559533,
            0.3834790937334101,
            -0.07803474197605596,
            -0.3962951330527717
        ],
        [
            -1.6881229168087568,
            0.531493118130661,
            1.192038213811656,
            -0.017689776128645456,
            0.5385528711396131,
            1.175822930877482,
            0.0,
            0.8523982060577724,
            0.2411063866740034,
            -1.893781145417451,
            -0.7605467319374826,
            -0.39396396345396356,
            -0.46554049921942775,
            0.3651892052742316,
            -0.6749196664171299,
            2.3297018091691006,
            0.09347335278414376,
            1.104975960095697,
            0.18708885782403045,
            0.05538629738408706,
            0.794454924264568,
            0.4331079003177458,
            0.6130714119723436,
            -0.29363335248306843,
            1.2173783203206348,
            -0.6769621679106357,
            1.3978388408517786,
            1.1337189821260643,
            -1.662718066832941,
            -1.01899403098244,
            -0.8241011363560428,
            -2.1113643615797475,
            0.36593575924258903,
            -0.5991966100771966,
            -0.8952463774031764,
            -1.0602819458016912,
            0.6611669788908743,
            0.22676393578256643,
            -0.53421680772244,
            -1.1112252280570245,
            -0.22996334444049288,
            -0.5609815494207228,
            -0.2720056722955909,
            -0.23540265133630184,
            -0.9256299237443644,
            -1.6804832443758604,
            -1.3011351367200366,
            -1.3254950283683566,
            -0.33520114544347357,
            -1.1204022865583663,
            -0.5891243812905539,
            -1.3862374161251834,
            -0.15753431521911515,
            1.5027173091877968,
            -0.295643168063126,
            0.8088886527548549,
            1.8663071788677223,
            -0.14863144464624192,
            -1.3394420428285574,
            0.6261536798198015,
            0.8782502769598204,
            0.3603700634000791,
            -0.3785361704911985,
            -1.3250461486310825
        ],
        [
            -0.8235323859822901,
            0.4308027527402607,
            -2.0801503386325693,
            1.473694039270875,
            0.27395816318648214,
            -0.7343574539592022,
            0.8523982060577724,
            0.0,
            -0.7609628967041292,
            -0.9993174016998815,
            -0.29396979553013874,
            0.4552552869351541,
            2.2013801608590384,
            1.2357741571196266,
            -0.08321103859697696,
            -0.5400297161166878,
            0.34865837777822367,
            1.1364281108339884,
            2.1173788845590953,
            0.55680539472539,
            -1.490854969927279,
            -0.33169854862080445,
            0.9626492063771116,
            0.43934229990257534,
            -1.0572959116776957,
            -0.07446010730321456,
            -0.1743786105469687,
            0.2514846235546126,
            -0.017648195213551075,
            -0.9182329840971489,
            -1.8395590924202267,
            -0.7613681171359167,
            0.3436528360868225,
            -0.765929481524511,
            0.45802064157669803,
            0.88854258045336,
            -1.1977568030203802,
            0.7523344919649951,
            -0.1571058604482235,
            -0.6583699989223338,
            -0.8592670120602358,
            -0.5865295693968804,
            -0.9206475917103836,
            0.6992608786360474,
            0.9379618728399658,
            -0.7040924618136463,
            1.1356741281749663,
            0.15954383104967348,
            1.8905220289720814,
            1.1621865811888876,
            2.2263550925763558,
            0.9216410824412623,
            0.5580230636938014,
            0.8916791350400056,
            -0.40426307545083184,
            0.5523854171743665,
            0.758321201020295,
            -0.7053848329753941,
            -1.0230088797164403,
            1.0994375441112254,
            -1.5410447724938336,
            1.7143552090320076,
            -1.7051274849155345,
            -0.974160104350876
        ],
        [
            1.3392178441948193,
            -1.2412877532755546,
            1.024379230319019,
            1.638821053420561,
            -0.7961682743227598,
            0.116361445003664,
            0.2411063866740034,
            -0.7609628967041292,
            0.0,
            0.6339983523626962,
            -0.45066625408304056,
            0.2480124475892847,
            -0.8097523807427158,
            -1.1429039608814908,
            0.13665730514088523,
            0.3893347527315713,
            -1.0949538664346286,
            -0.07959895787641168,
            -0.9448712123363622,
            0.4693173112272574,
            0.4438850959180729,
            -0.6458920262772649,
            0.4740184363672362,
            -0.9932807590500339,
            0.8441570347775321,
            -0.6505495457992024,
            -0.6189939658807171,
            0.6945298149316861,
            1.3144741121113348,
            -0.39412950768310223,
            -2.046725935482844,
            1.0936059377057619,
            0.4772439617407463,
            1.4216306618162031,
            -0.002671603289081,
            -0.2966701444780618,
            -0.2583055391042607,
            0.7142112871865797,
            -1.2304700501789247,
            0.988588152988999,
            -2.083054667732972,
            -0.1430223722072809,
            -0.1319718908376965,
            -1.0535020118052763,
            1.4507248934757209,
            0.02785032564547199,
            -1.109539936030452,
            -0.03807468559145683,
            0.22108485776288592,
            1.9312697435310742,
            -1.611516150475295,
            0.6501608743855789,
            -0.8936925710506364,
            0.08545334499571793,
            -0.061461425262922746,
            -0.8251706770536074,
            0.30450785504177963,
            -0.7115500950728546,
            0.3392420364645056,
            -0.7286059718793745,
            -1.629850619388131,
            0.9571507081807233,
            -2.133868597015874,
            -0.1730425929664532
        ],
        [
            -0.48897890133759536,
            -0.008098173895795403,
            0.437761116938415,
            -1.09673022032539,
            -4.023752597716931,
            -1.3094966227234939,
            -1.893781145417451,
            -0.9993174016998815,
            0.6339983523626962,
            0.0,
            -0.7818764555949317,
            0.5260337909492441,
            0.6639289153119607,
            -0.9013489427974705,
            0.21866484012555143,
            1.98414899836215,
            -0.06429968195448886,
            -0.05312969927011355,
            0.12325874480936184,
            -0.42035684451607097,
            0.325879875598822,
            -1.2817161670866004,
            1.1643244216051922,
            1.462631723446528,
            0.1904626028082061,
            1.0214765544207642,
            0.5654387278544561,
            -0.2795862686151337,
            0.42407133510349865,
            -0.614838036905362,
            -0.31927722716967655,
            -1.1837009286700721,
            0.9529426875900262,
            -0.9090479788362658,
            -0.17473583995789224,
            1.0110612921072357,
            -0.6230430650688333,
            -0.23013889717776592,
            0.4513613509296458,
            1.1053759697409935,
            -0.09552884456132311,
            -0.6800567493828179,
            -0.4014402101131588,
            -2.739438096008653,
            -0.8622889258380724,
            -0.9186869123242402,
            -0.07035628374794112,
            -0.42181639132308774,
            -0.6473268941150772,
            -0.6121574271523686,
            -1.1391414163888447,
            0.43819989356214867,
            0.5089535266538829,
            -0.6544462086722819,
            0.9022831396252232,
            1.444063705354252,
            0.36040025670505826,
            -0.059583142086035296,
            -0.1233284037033611,
            0.9345973148900489,
            -0.17868434943853,
            -0.19493707068267774,
            -0.8834280259719983,
            0.3389243020067848
        ],
        [
            0.4020624676329353,
            0.15799811379285889,
            0.039666109030211054,
            1.32829040939958,
            2.2632412267958513,
            -0.5784212168355874,
            -0.7605467319374826,
            -0.29396979553013874,
            -0.45066625408304056,
            -0.7818764555949317,
            0.0,
            0.5746064143898658,
            -1.7096137963781652,
            0.03527092809706314,
            0.616307173865532,
            0.3818878926541536,
            -0.708217771591019,
            -1.0926311381661848,
            1.8528231517086047,
            -0.12252203954238067,
            0.6213049767673251,
            0.7194592996444128,
            -0.15705399560894504,
            0.2014763116255893,
            -0.9362699331070291,
            1.3724188952585354,
            0.6785762656599659,
            -1.06359542030498,
            0.542312557063513,
            0.7119505654178921,
            -1.118677015735088,
            -0.06451614111780878,
            -0.39035889024138903,
            1.1638837745019022,
            0.26704197211608843,
            0.22735351066983245,
            -0.17425100973275684,
            0.2067555691734587,
            1.1991800888071271,
            1.6102448729536147,
            -1.185843548682706,
            0.9431983166512627,
            1.410760028986961,
            0.7104654668730137,
            -1.3959968349131642,
            -0.35263958855247274,
            0.7708881243380599,
            0.7041292654292359,
            -0.16626872627069395,
            0.2918373625437546,
            1.8896246484251285,
            0.9659850811873893,
            0.8181276042808682,
            0.9128410466098137,
            -0.8951584511356847,
            1.0876803037988303,
            -0.6762313435138044,
            -1.0186747348953218,
            0.9705655679043128,
            -0.007657825157620921,
            -1.3221308114968704,
            0.7486794628615256,
            1.0524001940234629,
            0.13214541478057257
        ],
        [
            -1.3629234116851565,
            -0.6760450201913719,
            0.44698872343790075,
            0.5874337144089086,
            -0.7292219673641646,
            1.4736238615654884,
            -0.39396396345396356,
            0.4552552869351541,
            0.2480124475892847,
            0.5260337909492441,
            0.5746064143898658,
            0.0,
            -1.7022613596951512,
            0.610420180026118,
            -1.3192902529575934,
            0.4325349276400392,
            -0.8295865117080201,
            -0.16733579551702063,
            -0.2617881183645028,
            0.431351447473807,
            0.2247757674640745,
            0.5179277441000192,
            1.4559303447402108,
            -0.27566746192300884,
            0.26291318574265754,
            -0.12689646465150198,
            -0.3091285280478176,
            0.9235056573152696,
            0.3804189971625667,
            0.9067809347086294,
            -0.07543321474694388,
            -0.35584895673950245,
            0.05148390871991024,
            -1.4623049580921872,
            -0.246742039842209,
            -1.1719975674457122,
            1.0057618703134488,
            -1.2566572353021472,
            -2.1522642183436895,
            0.8713296956884994,
            -0.3196607106770792,
            0.7297344664878634,
            0.07354034444156432,
            -0.8509208645754006,
            -1.7382696618277818,
            -0.9443037194648525,
            -0.39170938707962744,
            -0.8989176437894267,
            1.4796535589687057,
            1.6750995201687615,
            -2.2127023450770498,
            -0.6937060998754713,
            0.002103057815316538,
            -1.9446781115973653,
            0.8072505261468241,
            -0.5811682651871449,
            -0.20944930452075264,
            1.2299885912312167,
            0.968067414799979,
            0.8171674733421318,
            0.6971485220581393,
            -1.6983332222995078,
            0.1265176541134171,
            -0.15349129556973018
        ],
        [
            -0.27121561106772357,
            -1.1438816998212435,
            -0.09949837906866145,
            0.7042131397027289,
            0.37112275674399653,
            -0.2218367586991852,
            -0.46554049921942775,
            2.2013801608590384,
            -0.8097523807427158,
            0.6639289153119607,
            -1.7096137963781652,
            -1.7022613596951512,
            0.0,
            -0.24331634918620507,
            2.006454619318945,
            0.9464362028990065,
            -0.12774454966362833,
            0.9622944323639229,
            0.12194075485912813,
            0.9351290759450406,
            2.015882029419885,
            -0.8239809091971658,
            -0.2376967297559871,
            0.2641365831120261,
            1.3833361241044293,
            1.44801421759494,
            -0.05666096407941151,
            -0.9262550687863266,
            -0.2569447763561717,
            -1.4256000049146669,
            0.8181646354007679,
            -0.4408720476427269,
            0.6669564701376964,
            1.411601705572939,
            -0.7240440059505507,
            -0.290581192230343,
            -0.5836605167817523,
            0.34806619585002907,
            -1.1472417242282007,
            0.6075092822487621,
            -0.3522455228520023,
            0.2514556187047464,
            -1.0133641936742228,
            0.7856780451462574,
            -0.31274852824990146,
            -1.090124991685935,
            0.21889447318576785,
            -1.149745175075124,
            0.2308689986459881,
            0.8386213356055983,
            -0.4429314873741224,
            1.749143336372931,
            -2.2612698243958826,
            0.5943644069229834,
            0.6462987812277827,
            1.6153749457218087,
            0.24426488498925175,
            -0.9710547255372644,
            0.4224711568593228,
            0.5162801914350685,
            -0.9038977882861583,
            0.7646074596651589,
            -1.5166215788121251,
            0.6535022240840719
        ],
        [
            1.256522940847042,
            0.4348851055239243,
            -0.05591153678742057,
            1.0618140462815324,
            0.6342529512661971,
            -0.23558859203178872,
            0.3651892052742316,
            1.2357741571196266,
            -1.1429039608814908,
            -0.9013489427974705,
            0.03527092809706314,
            0.610420180026118,
            -0.24331634918620507,
            0.0,
            -0.08952009993300711,
            0.713255145697341,
            -0.13175963838726984,
            0.08098434458960935,
            -0.909383398083172,
            -1.4810103384796338,
            -0.2662111142794087,
            -0.19104008441380288,
            1.8963472418623872,
            -0.4083272751363679,
            0.6584825722628178,
            -2.3832764177693035,
            -0.03352055302095435,
            0.5551980044725319,
            0.44297858833829984,
            -1.7234179929217088,
            -0.6327510659979118,
            0.9047380086257729,
            0.2399311579892306,
            0.892882040769013,
            0.2332439523522405,
            -0.49947238794874665,
            1.6987938372814664,
            1.1384046976341897,
            -0.12838179406212116,
            0.11195882112286283,
            1.4259173187619794,
            -0.3945992774483847,
            -0.6052989345320473,
            1.3228499702479155,
            -0.9599291994674287,
            0.35194045602654855,
            1.2285536243334227,
            -0.5045084520717099,
            0.9554126507326064,
            -0.4625655872913039,
            -0.842838159279599,
            0.641122582831065,
            1.1008505471687637,
            0.3459411100819817,
            1.5661005724667134,
            -1.9494225995704877,
            -0.021791530668572458,
            -0.8977971204130502,
            0.17048618879586963,
            -2.089437419390974,
            -0.37913424080311126,
            -1.130078577454425,
            -1.276644807353675,
            -0.15420552928484782
        ],
        [
            0.020561327215268786,
            -0.4158908623798634,
            -1.0442324443301807,
            -0.04276444153864623,
            -1.578019854233967,
            1.6094387891895567,
            -0.6749196664171299,
            -0.08321103859697696,
            0.13665730514088523,
            0.21866484012555143,
            0.616307173865532,
            -1.3192902529575934,
            2.006454619318945,
            -0.08952009993300711,
            0.0,
            1.6792043054114603,
            -0.3186566462282472,
            -1.7164783005069537,
            -0.7446592797995002,
            -1.1230813654464862,
            -0.06466899481410324,
            -0.2966009654911633,
            -1.1387051886039468,
            0.05656901921191035,
            -0.09184444454651637,
            0.10992892783615486,
            1.2735529953882936,
            0.4936749281139794,
            -1.0248472074415826,
            -0.19058519097668902,
            -0.9135481760928982,
            0.8878376441132239,
            0.8997945520596463,
            -0.3320707255788355,
            -0.6218835547521746,
            -1.9394031961743254,
            1.0203322650047935,
            0.7656461376482638,
            -0.9572567306660549,
            0.1548026908869911,
            -0.7553727203250945,
            1.3726594929803473,
            -1.3332010984800615,
            -0.22201953249431972,
            0.7107904877804339,
            1.3437066042724808,
            1.1291361201514805,
            -0.46298532404785214,
            1.8120351496304576,
            -0.33480753929590756,
            0.010527258861566854,
            1.0393688206288845,
            -0.6423423350597368,
            0.7723576376283757,
            0.10372135979141303,
            0.3018032106481437,
            0.47710546071628057,
            0.31438755277904845,
            1.3578640873652497,
            1.37822875816584,
            -1.5414023041315321,
            -0.07908707543466482,
            1.8139872950522704,
            1.3490568972626975
        ],
        [
            -0.6258194061713573,
            0.17425065380552215,
            0.43432368083656575,
            -0.6198786654784715,
            0.26122407976091117,
            0.8156120067394674,
            2.3297018091691006,
            -0.5400297161166878,
            0.3893347527315713,
            1.98414899836215,
            0.3818878926541536,
            0.4325349276400392,
            0.9464362028990065,
            0.713255145697341,
            1.6792043054114603,
            0.0,
            -0.12265804690471072,
            0.21128779835027758,
            1.1180324324883224,
            0.7297781790699049,
            0.6068916089833077,
            -0.008966905094144271,
            0.7884631384223165,
            0.688854406207043,
            0.9357117425958832,
            -0.12986920778074407,
            -0.1979018110203618,
            0.3159310445170636,
            1.1269920349290068,
            0.6555950572247042,
            0.06115655018991034,
            -1.0069614508112672,
            0.07600893063902378,
            0.5051009452841655,
            -0.6459741593876163,
            1.0344999309060892,
            0.6662740564176162,
            0.3678910882042868,
            0.6305474348656434,
            2.237634702341942,
            -0.4189584293098718,
            -0.4481333903358246,
            1.340048374351074,
            1.0863684458876814,
            -1.0308070656161514,
            -0.041678205224170005,
            1.676008915918979,
            0.10062312576996608,
            0.18986473486957323,
            -0.033215337892615854,
            -0.1366018361189563,
            -0.27443797775953177,
            1.161360396141326,
            1.0724880560641818,
            0.5478856624222218,
            0.623383415240383,
            0.9034627743921717,
            0.033676192842280094,
            1.0206499673367964,
            0.3810584436631034,
            -1.141610969271838,
            0.4424362066618106,
            1.8520408132840223,
            -0.5009129502631676
        ],
        [
            -0.467566113343869,
            0.44057730466931366,
            -0.16257290217264617,
            1.3396819767207622,
            -1.3267494238250146,
            -0.091017013594546,
            0.09347335278414376,
            0.34865837777822367,
            -1.0949538664346286,
            -0.06429968195448886,
            -0.708217771591019,
            -0.8295865117080201,
            -0.12774454966362833,
            -0.13175963838726984,
            -0.3186566462282472,
            -0.12265804690471072,
            0.0,
            -0.6937178841847599,
            -1.4388359577030723,
            0.17406228376524382,
            1.5597631926910909,
            0.942323081138131,
            -0.4844911831111635,
            -1.6981135123787916,
            0.5062025406765853,
            -1.1130001519977157,
            0.45665396553217263,
            0.01379968037102654,
            0.44395908045904653,
            1.941328816415917,
            -0.4096475993181157,
            1.0394517492437105,
            -1.3819367228874506,
            -1.1314308404564053,
            -0.31402168173091705,
            -1.4508218751616195,
            0.5266386547823413,
            1.5956597224043314,
            -0.6292239211413263,
            1.7596891860161976,
            -1.0047220323287933,
            -0.2510003329876695,
            -1.3216499040743934,
            -0.1880122934130279,
            0.3008512508842715,
            1.9898740078544748,
            1.1596585306197722,
            -0.4626242888759995,
            0.20205269194837805,
            -0.4236342949261189,
            1.3583949590678157,
            -0.757392700660423,
            -1.3224683166885989,
            0.5573317740532928,
            -0.024619307572900852,
            -1.0164388452294053,
            0.6412557516619719,
            -0.06659608447607006,
            -0.408888133562944,
            -0.8943137330618818,
            0.12021255486599963,
            -0.5082213222776998,
            -2.3201213629070674,
            -0.1251849129010005
        ],
        [
            0.8395221237267969,
            -0.607804916649215,
            -0.2007769656662306,
            0.6697136220583012,
            -0.06596301128786357,
            -0.6018034760473439,
            1.104975960095697,
            1.1364281108339884,
            -0.07959895787641168,
            -0.05312969927011355,
            -1.0926311381661848,
            -0.16733579551702063,
            0.9622944323639229,
            0.08098434458960935,
            -1.7164783005069537,
            0.21128779835027758,
            -0.6937178841847599,
            0.0,
            0.3891018400750792,
            -2.077915816288445,
            0.4534701194771926,
            -0.3175681924173951,
            1.346439256483391,
            -1.467800283848005,
            -0.674353948363368,
            0.36102133071620024,
            0.27373972126398144,
            0.6523694754773589,
            -1.8005353841020406,
            -0.20406422912982425,
            -0.9769657111691589,
            -1.0816971851279202,
            0.5132172195403945,
            0.36646931923802406,
            -0.4585330375408677,
            -1.714508606135622,
            -1.1097873542708654,
            -2.9399729428380965,
            -0.3228255479893933,
            0.16267089284503078,
            -0.018656936199776968,
            1.262951225475585,
            0.21164630966758954,
            0.8478389670739132,
            0.6380432055348033,
            -0.6848066683688869,
            1.0663749077753146,
            0.20453502521815775,
            -1.0050292381397303,
            -0.2651477981698051,
            0.832271020247257,
            0.10755771216050204,
            -0.5629198156683359,
            0.5854333674970066,
            1.2055531865792437,
            -0.5172752458848322,
            -0.6513813054629958,
            -0.2718109367051439,
            -0.34308412816203254,
            -0.28539959650305613,
            -1.5516041679332195,
            1.8886928809675316,
            1.1071961453482093,
            2.25281117856278
        ],
        [
            -0.7799034376832292,
            -1.5186892473169373,
            1.0182007087342002,
            -0.04535899748709825,
