{
    "N": 64,
    "id": "be2afc76-6e2d-4857-878f-bac151cac6ed",
    "problem_type": "SK Spin-Glass",
    "distribution": "gaussian",
    "spins": [
        1,
        -1,
        1,
        1,
        -1,
        -1,
        -1,
        1,
        1,
        1,
        -1,
        1,
        1,
        1,
        1,
        -1,
        -1,
        1,
        -1,
        1,
        -1,
        -1,
        1,
        1,
        -1,
        -1,
        1,
        1,
        1,
        -1,
        1,
        -1,
        1,
        -1,
        -1,
        1,
        1,
        1,
        -1,
        1,
        1,
        -1,
        -1,
        1,
        -1,
        1,
        -1,
        -1,
        1,
        1,
        1,
        1,
        1,
        1,
        -1,
        -1,
        -1,
        1,
        -1,
        -1,
        -1,
        -1,
        -1,
        -1
    ],
    "couplings": [
        [
            0.0,
            -0.623017694336297,
            -0.16525920563648624,
            0.02421197264869284,
            -1.1088528999041902,
            0.9608226624651822,
            0.2507871725743157,
            0.6555620978407701,
            -0.42512267269996956,
            -3.0682641855315027,
            -0.3134581256020705,
            -0.6487513793554363,
            0.0008666140770320064,
            -0.48834580771898006,
            1.6921614364598692,
            1.302152253178143,
            -0.45991005453272077,
            1.4642260129834628,
            -0.11577552729415973,
            -1.158291201697193,
            -0.20991266209885423,
            -0.7152987173483478,
            0.151118198569073,
            0.450149528929182,
            -0.5719873008375908,
            -0.05998325679970822,
            0.6614939411836789,
            -0.12935366069682547,
            0.35407958195638584,
            -0.9211165637658,
            -0.4606304354962104,
            0.3580340241727001,
            1.4145535374144513,
            0.37756876324926075,
            2.401278285354764,
            -0.4027414900567485,
            -1.3338068022894876,
            1.056404548431985,
            1.5718240293394066,
            1.2892407438415976,
            0.7571540803094126,
            -1.2305136796869092,
            0.41571277022438,
            -0.9774460725985719,
            0.02028551963077989,
            -0.6696352014582571,
            0.1190812393243137,
            -1.889509388771439,
            1.9706836545515112,
            0.4172316949526049,
            -0.2813999847567609,
            0.635626924582987,
            1.4332252380088042,
            0.0163746757533493,
            -0.10850192098351069,
            -0.8253925346293304,
            0.5923964705149081,
            1.064734757258642,
            1.1760956279679107,
            1.0266269075048866,
            -1.0915398175872635,
            -0.264133106589826,
            -0.9432690936713958,
            -1.351772916619211
        ],
        [
            -0.623017694336297,
            0.0,
            0.9135251866206038,
            0.6146877925314845,
            -0.025789648218737953,
            -0.7644473538177438,
            -0.5996571481086966,
            -1.146520258432071,
            0.9912532568452738,
            0.07575965893883332,
            -0.3066492009371821,
            0.4874196740811265,
            0.9342662385980192,
            1.5873574720079933,
            0.6699806328909639,
            0.5132218882746196,
            -1.3367981334020325,
            -0.7266907831981918,
            -0.0300208833829575,
            0.5208705917412737,
            0.3730583331355557,
            -2.1791604960664257,
            0.14146108220961365,
            -0.3761644541935536,
            -0.5770463426598813,
            -0.2059959018724553,
            -0.6961174081574668,
            -0.2066056298203687,
            -1.919241462926102,
            2.121461604362984,
            -0.3717423207641646,
            0.08215883485933756,
            1.3214364911720256,
            0.2481033024283382,
            0.7550781925607887,
            0.8668502067168934,
            -0.3002823225710737,
            -0.06372524623228118,
            1.1515084065467642,
            -1.0852116759583765,
            0.014354286937714327,
            -2.1643133970196136,
            0.25246775881335987,
            -1.0720483551877718,
            1.0710124346537064,
            -0.814861592805739,
            -0.7674284972833229,
            -0.1798049394166863,
            -0.25769409148298406,
            0.5619742900582024,
            0.4544081026708663,
            -1.4864176388049255,
            0.7393438844894138,
            0.8223505912365643,
            -0.1478083996811303,
            1.1822295157271516,
            -0.8701038009672034,
            -0.1055865421180892,
            -0.17464595757083629,
            -1.340603160428098,
            2.347870913430633,
            -0.6554284484433992,
            -2.2437868043583697,
            1.2627792149355832
        ],
        [
            -0.16525920563648624,
            0.9135251866206038,
            0.0,
            -0.012283763050590231,
            0.6524403170593341,
            -2.2645219921606943,
            -0.5377096997649301,
            1.3007907984896565,
            -0.39528239835290196,
            0.19282725461491995,
            -0.27326804166371027,
            -0.9939962152539722,
            0.8247242710288979,
            -0.2221241112593961,
            -2.0782508699794118,
            0.08237591371534837,
            1.058642428255747,
            1.2557140438814571,
            0.062206492676029936,
            -0.3094965954280215,
            1.1005362076010823,
            -0.775048106814123,
            -0.36888819615397495,
            1.4749840829313325,
            1.5640444419963377,
            -0.26971259629182726,
            0.5888249909218718,
            0.38756402368693177,
            -0.9574481107706138,
            -0.4916973316861246,
            -0.43300670173478906,
            -0.8643293892008606,
            -0.028521845429030288,
            -0.19388846503253387,
            -0.7476505429893614,
            -1.4812511496644216,
            -0.7023159259547056,
            0.23935181716077666,
            -0.029186533379460852,
            -2.5527348359202042,
            0.3173827046733918,
            0.3448487572876709,
            0.6996019953653513,
            0.5204033255282239,
            -0.2282676861369544,
            -1.4907181488142403,
            -1.0260575095137803,
            1.9501228954199719,
            0.27400584911549647,
            1.0204405086120254,
            -1.0971516771795486,
            0.5255701100979763,
            -0.5123941563538911,
            0.7652232810228238,
            0.0619778865709293,
            -1.1241929925599472,
            0.7062926682585041,
            -0.22277044577605606,
            -0.789785305885694,
            -1.3949228699926515,
            0.7752937010154171,
            -0.1600340110345416,
            -0.07705943199788352,
            -0.5995524873932552
        ],
        [
            0.02421197264869284,
            0.6146877925314845,
            -0.012283763050590231,
            0.0,
            0.3462904347866398,
            0.37167076365566926,
            -0.7107205303897745,
            0.9014738431560736,
            0.7634790967675251,
            2.539774450560232,
            -1.3985348275756084,
            -0.6986121844057451,
            1.1502689412794438,
            -1.5696479987998662,
            -0.5052422084505314,
            0.4034484596115127,
            -0.4844042760343542,
            -0.06595639823604901,
            -0.15770230203448973,
            0.9103772102219879,
            0.1226084616033445,
            -0.6013052842370923,
            -0.26214008073495515,
            0.006491969065187071,
            -0.8304205335177631,
            0.6117233106929953,
            1.6588561416930885,
            -2.2401030002681503,
            1.1289266653946146,
            -0.5087349188962561,
            3.073963417265909,
            0.07974844265454216,
            -0.28845811200473453,
            0.14963366218978436,
            0.009979003966674335,
            -0.16912625436788295,
            -0.4486213656884915,
            0.4931654249218597,
            -1.8314273263816383,
            -0.48093314718768954,
            -0.27270042461649846,
            -1.1107506091650263,
            -0.05590686442053636,
            1.2511201140135753,
            0.2834151924771052,
            0.7494199010095915,
            0.25280651425214756,
            0.5944254157203217,
            1.355567839436698,
            -0.1661434104949104,
            0.4365835773465135,
            0.5604457224137755,
            0.7245514928847947,
            0.8388410464519923,
            -0.20832930357907803,
            -0.37510648248149653,
            1.263360846822051,
            0.6514059299190678,
            0.7697575902652949,
            0.9331936774206302,
            0.377040457385239,
            -0.5460392122595807,
            -1.211423609491207,
            -1.086667438312123
        ],
        [
            -1.1088528999041902,
            -0.025789648218737953,
            0.6524403170593341,
            0.3462904347866398,
            0.0,
            -0.3001076193551156,
            -1.1918248274263687,
            1.0978526909674564,
            0.11467099716161502,
            0.18722646269729168,
            0.3752585238466026,
            -0.1476093955287946,
            -0.7010461568667289,
            1.8693675117508375,
            -0.31107579652651546,
            -0.8612329846236146,
            -1.3267922716071754,
            -0.7618423218856522,
            0.5745372186832811,
            -0.21529785648556007,
            1.2329994253489724,
            0.014024995894232157,
            1.6548647827166354,
            -1.598178526844791,
            -1.4673970070760274,
            -1.3171630298579096,
            -0.5006837874017444,
            1.0093541953516547,
            0.026903149811201395,
            -1.449896116557189,
            -0.9098114389131651,
            0.5399644318014861,
            -0.01706472223908376,
            -0.038078895713717385,
            -0.036636853560853375,
            -0.5546504425689984,
            0.7495720838915643,
            -1.4308647196572049,
            -0.4491301305627182,
            -0.4745017193530545,
            0.08835016189535702,
            -0.8919820307920054,
            0.2571132131152982,
            -0.32436510192075885,
            -0.4973978888892444,
            0.3787838052161175,
            -0.5613793794860711,
            1.5371344722942897,
            1.6160894101801475,
            -0.775557440059981,
            -2.0613040402320197,
            -0.2816247075654842,
            0.7570855812159506,
            1.7869534592360343,
            0.08152611174855766,
            -1.2841398109420996,
            1.4266476200498521,
            0.6681924215911688,
            1.5427352801641165,
            -0.7590334297849912,
            -0.3013668688279153,
            0.6700753016786591,
            1.5897719603980556,
            -0.8875477615875685
        ],
        [
            0.9608226624651822,
            -0.7644473538177438,
            -2.2645219921606943,
            0.37167076365566926,
            -0.3001076193551156,
            0.0,
            0.7522137531205181,
            0.3588799094302398,
            0.27454734066325204,
            2.7346334337696114,
            0.1468092604656142,
            -0.08473462952328797,
            -0.8169932968007697,
            0.17240317672749234,
            1.22203365326763,
            1.9752497122195907,
            1.598691164905715,
            1.0107163219069073,
            1.4828700273774944,
            -0.9910429956406615,
            -0.8708686916445842,
            0.3318475709025806,
            1.0417582127451153,
            -1.1222000389332745,
            -0.8236857742796164,
            -0.02761631164450625,
            -0.3716906636444871,
            -0.2678221196122657,
            -0.569712506782307,
            1.8928850872755623,
            -0.41298964390752607,
            -0.9195713640197117,
            0.9626515357642326,
            -0.7929782602070949,
            1.4103157184555066,
            -0.47616624535470203,
            0.5502599059483088,
            -1.7222431492722636,
            0.8654663673771217,
            1.034704343117003,
            0.042605506543302606,
            -0.7031217192348886,
            0.8406156826843328,
            0.5945767887100982,
            0.20979445738914565,
            0.9189675730772249,
            -0.6221260982631315,
            -0.7280969018463738,
            0.6988878970196984,
            -0.16319859211792268,
            0.8323135799334214,
            -1.05865910662542,
            0.2295222497465324,
            -0.7080866480261888,
            0.26683907023250325,
            -1.3799196229501205,
            0.7819830351771174,
            1.1272646687549044,
            0.7702839613820586,
            -2.0483053227658723,
            -1.461651478381511,
            -0.4376381503357713,
            -1.1420823861229068,
            1.1704772041411171
        ],
        [
            0.2507871725743157,
            -0.5996571481086966,
            -0.5377096997649301,
            -0.7107205303897745,
            -1.1918248274263687,
            0.7522137531205181,
            0.0,
            -0.09077688969827936,
            -1.7931703502731198,
            -1.0542433664258868,
            -0.3422828024603728,
            -0.2988906156537092,
            1.1011794732614657,
            1.3362036090256386,
            -0.16487968376976572,
            0.47996814678267075,
            -0.4990199418765166,
            -1.0257398808236886,
            -0.7781576282869215,
            0.6390922222911717,
            0.14283000288192577,
            -0.8581222083172366,
            -1.434357688694179,
            0.35156437730446366,
            -1.1352247678728824,
            -1.1219197493523805,
            0.9784307554934889,
            0.6592334569258399,
            -1.8691930166956476,
            -1.3603009583466377,
            -0.9455197549628922,
            -0.22445728179717359,
            -1.4724266840021216,
            -0.046637214184207965,
            -1.7428750642902948,
            0.11199133842105659,
            -0.25957298333566087,
            -1.308721800952455,
            1.0607407514908862,
            0.3756659690761144,
            -1.8773823758582142,
            1.2503101080385686,
            0.11364020780457751,
            0.5305274743554329,
            0.5558943173364043,
            -0.5535077430937897,
            1.6899387261113334,
            2.033663851423477,
            -1.4205242675526106,
            0.4747528839462557,
            -1.7462109601625888,
            0.25550232544998236,
            -1.091407215275401,
            1.0115397545376035,
            1.3478160865512239,
            -1.8413915836335544,
            0.017883812678122373,
            0.6554065010315723,
            -1.341162755570579,
            -1.7095745131144815,
            2.3572887976406394,
            0.24014225069968853,
            0.8404968808258859,
            1.9321897393634784
        ],
        [
            0.6555620978407701,
            -1.146520258432071,
            1.3007907984896565,
            0.9014738431560736,
            1.0978526909674564,
            0.3588799094302398,
            -0.09077688969827936,
            0.0,
            1.9163024217438929,
            -1.9308052945231922,
            0.4534987126895213,
            -0.7519988797665181,
            1.3073591701720413,
            -1.1636545921982486,
            -0.44224885952480797,
            -0.6700399307305338,
            -0.5791782546963505,
            0.39503168098012,
            0.9251114591215469,
            1.208664467489007,
            0.34404522809844656,
            -0.026741942347470866,
            -0.3758354404668271,
            0.25544433984773585,
            0.8261415809011873,
            0.12613990985295515,
            0.32376314906861425,
            0.24769662010801785,
            -0.9676053827372864,
            0.3092667105910716,
            0.003221263343231349,
            0.6131894469609765,
            -1.209978614064252,
            0.23484479784865642,
            2.0950269298011395,
            -1.48822879088549,
            -0.323671829992976,
            -1.028219080043574,
            1.6925004277142268,
            -0.03794548574089615,
            -0.16364719265269007,
            1.6287735163327584,
            1.9195062217561083,
            -0.6236217897106322,
            -2.529437559002379,
            -0.8114186196225068,
            0.9226068856545626,
            0.29462031978444886,
            -1.1622107279310916,
            -1.0375431412656209,
            0.1217798649879334,
            -0.24603189853739713,
            -1.7720932422681221,
            -0.6110401393865217,
            -0.6330095218155842,
            0.4915959578337706,
            0.5587487704473736,
            -0.10387613689207051,
            -0.21770524570426902,
            0.6823846428636967,
            1.144012104534924,
            0.7661802014930355,
            1.338129483719744,
            1.6126226139541722
        ],
        [
            -0.42512267269996956,
            0.9912532568452738,
            -0.39528239835290196,
            0.7634790967675251,
            0.11467099716161502,
            0.27454734066325204,
            -1.7931703502731198,
            1.9163024217438929,
            0.0,
            -0.834540190637575,
            -0.1977759059956692,
            -0.36904988821307544,
            0.5479536764839,
            -0.8997111306825325,
            0.15841795790922195,
            -1.1264013293867103,
            0.7585814807284871,
            0.6967026789556495,
            1.544997720163075,
            1.1341279401675444,
            0.9417473564727489,
            0.5267311690759502,
            0.5681848086382915,
            -0.9210418190316713,
            -0.7997586726491036,
            -0.16438382963971804,
            0.8660443133370008,
            -1.5540969589541984,
            0.033378354547897095,
            -1.9668810405224633,
            1.8725191838564772,
            1.0139606835817048,
            -1.7098287467408453,
            2.026184608485327,
            -0.14027855629302954,
            -0.027334134279803707,
            -0.9939496478697777,
            0.8423885483078665,
            1.7670847365064728,
            0.16902191737149916,
            -1.603119714587441,
            -0.9878829046420051,
            -0.6447979655651742,
            0.09660661382278145,
            0.6425139623032858,
            -0.22144191690617382,
            -1.331543025928375,
            0.9662757597049006,
            -0.09526599745956589,
            -0.8151882345533339,
            -2.9162183081900808,
            0.07007845357232625,
            -0.08491037245918867,
            -1.3399378949357927,
            0.09167389832552131,
            0.3675112447130263,
            -0.34273007773209574,
            1.4110757334534088,
            -0.8034887596505526,
            1.446974888922108,
            1.0100211135229757,
            -1.5381582810858168,
            -0.5197305726451978,
            0.3539982747325879
        ],
        [
            -3.0682641855315027,
            0.07575965893883332,
            0.19282725461491995,
            2.539774450560232,
            0.18722646269729168,
            2.7346334337696114,
            -1.0542433664258868,
            -1.9308052945231922,
            -0.834540190637575,
            0.0,
            1.497778762660087,
            0.2795341911610058,
            1.5039488107778947,
            -0.8131312706786988,
            -1.4204358357742484,
            -0.512810680202015,
            -1.0617984354983143,
            -0.4287982976747339,
            0.22974400776789347,
            -1.13407771879082,
            -0.8500772251566906,
            -0.7712541587142543,
            -0.05841473660963791,
            -1.6263663113317024,
            -0.4877501066926969,
            -0.9561495403579952,
            -1.1663952044161134,
            -0.0871050397980417,
            -0.9489681627623413,
            0.14173590213926868,
            1.1763211288510411,
            -0.41073386754861596,
            -0.1447447841522843,
            0.43452123183742636,
            1.2985541734292123,
            -0.09834443262112809,
            -1.0993400847641353,
            1.8955162913614634,
            -0.3186517784893047,
            -0.46062616448302607,
            2.709475174469338,
            0.7813106067522224,
            -1.120532276702852,
            -0.37766975912373113,
            -0.9754212222255141,
            1.0474773851928825,
            1.0296840347747862,
            -0.7882486940488592,
            -0.8036794631111209,
            -0.47214337335627926,
            -0.32976039133928925,
            -0.405175428029484,
            -0.4007813407425621,
            -0.5284026432250523,
            -0.5501374304720709,
            0.3684276204380272,
            -0.1436240807607306,
            -1.6940748551628737,
            -0.5835193236894026,
            2.181172811163521,
            -0.14623684416090404,
            -0.09155461409522572,
            1.7021446076566822,
            -0.3673052422270694
        ],
        [
            -0.3134581256020705,
            -0.3066492009371821,
            -0.27326804166371027,
            -1.3985348275756084,
            0.3752585238466026,
            0.1468092604656142,
            -0.3422828024603728,
            0.4534987126895213,
            -0.1977759059956692,
            1.497778762660087,
            0.0,
            -0.3557331945476013,
            0.2678079129353462,
            -1.8039377889592925,
            -0.8872023657080943,
            -1.332871218423488,
            -0.3187759929521081,
            0.7670237705510738,
            1.320450689142892,
            -1.9047547183362243,
            0.9258528345516537,
            0.9017360318616461,
            0.8631149916150826,
            0.7369761015188538,
            2.0351081498434582,
            -1.1789063959674317,
            0.03754843663974282,
            -0.3214716244398546,
            -1.4026190579576563,
            2.0590143525068454,
            -0.3986485027378574,
            0.114473208693753,
            -1.2080815073900497,
            -0.005115198845867765,
            0.5805714588087598,
            -0.5525836648389062,
            0.6290640367889555,
            0.3707014268459676,
            0.07936385170053091,
            -0.14979358705998017,
            -1.3134622676435586,
            -2.112069043208612,
            0.25301377311307655,
            -0.32086547445516544,
            -1.4272998148282414,
            1.1140986547308382,
            1.776821180405493,
            -0.42871870747395785,
            0.04180277338777474,
            1.3990614877805814,
            0.7737478398691406,
            -0.39515829420116494,
            -0.2997969383273558,
            0.2372557247667234,
            -0.30494993826361505,
            0.08917554188653055,
            -1.2511486386470192,
            1.8499260365451888,
            0.8464441239828093,
            0.17473070584059305,
            -2.1606597110801764,
            0.5287712189416436,
            -1.2441181190279442,
            -0.24033789931932031
        ],
        [
            -0.6487513793554363,
            0.4874196740811265,
            -0.9939962152539722,
            -0.6986121844057451,
            -0.1476093955287946,
            -0.08473462952328797,
            -0.2988906156537092,
            -0.7519988797665181,
            -0.36904988821307544,
            0.2795341911610058,
            -0.3557331945476013,
            0.0,
            -0.8209073520745124,
            0.031480359830708717,
            -0.617055737768279,
            -0.2337634566299183,
            -0.9322354340120997,
            -1.714382084259414,
            -2.0814766174061137,
            0.42608166825617405,
            -0.04691632187242761,
            0.9890408599724282,
            0.8051655751713355,
            0.8800142455417865,
            -0.8978288992945943,
            0.36689186697164616,
            -1.414678374718274,
            -0.3958873460974771,
            -0.14951694317093864,
            -0.24354512446776114,
            1.2623098507726207,
            -0.8567071098017673,
            0.16139370759002636,
            -0.9659962196221283,
            2.9734243722236537,
            0.45268900696466174,
            0.8311272635567959,
            -0.13650149538391013,
            0.5113330058425648,
            -0.35954202956913356,
            -0.599614657319802,
            -0.9635369483298917,
            -0.3182611737554148,
            -0.4222857543185237,
            -2.248084701253842,
            0.05618374760025139,
            0.7382976618348799,
            1.2484303368622016,
            -0.11562499468042543,
            -0.2766716040856795,
            0.4608622259402525,
            -1.635983828793184,
            0.8824800298015968,
            -0.49217511158320604,
            1.1489971299147592,
            0.7144340410064237,
            2.8456215844285544,
            -0.24751930513798256,
            -0.384994346762711,
            -0.6059957951788517,
            0.6513913209228459,
            0.641439578957833,
            1.325325721243178,
            0.5935949276757647
        ],
        [
            0.0008666140770320064,
            0.9342662385980192,
            0.8247242710288979,
            1.1502689412794438,
            -0.7010461568667289,
            -0.8169932968007697,
            1.1011794732614657,
            1.3073591701720413,
            0.5479536764839,
            1.5039488107778947,
            0.2678079129353462,
            -0.8209073520745124,
            0.0,
            0.12481120579546176,
            -1.4165816234514366,
            0.6066228218566649,
            -0.2484537492284939,
            -1.2003852520497156,
            -0.21909269905719372,
            -1.540637680490821,
            -0.08485349305881174,
            0.3420810348501261,
            -1.3270345770666658,
            0.553681386374824,
            -3.0105202798474417,
            0.7093175676573912,
            0.00023634170970395974,
            0.5477447792578695,
            0.01141415857096211,
            -0.6217683657232924,
            -0.5019010562346307,
            -0.8480837352942209,
            -0.6695196459059325,
            0.5403179074358392,
            0.5482493343995117,
            0.5986469276944268,
            0.8635800195500628,
            0.9791164405879255,
            0.6028983124313577,
            0.9003846596597396,
            0.22608243488454433,
            0.4748675000200446,
            -2.0017669914840432,
            -1.6075133421076728,
            -0.26602375162294445,
            0.5118990298979075,
            -0.9365468033842967,
            -0.4277280819005233,
            1.3258742145406603,
            0.4423516902193795,
            -0.4559094324392074,
            0.8269076234545781,
            -1.0359070007791156,
            0.6850041719008865,
            0.018724464482851245,
            -0.17272823532973602,
            -0.47170808845781226,
            0.43676249896349245,
            -1.1701279966642382,
            -0.3437328731062889,
            -1.062001908738619,
            0.19541945674793687,
            -0.7155082699976616,
            -0.7149304232491025
        ],
        [
            -0.48834580771898006,
            1.5873574720079933,
            -0.2221241112593961,
            -1.5696479987998662,
            1.8693675117508375,
            0.17240317672749234,
            1.3362036090256386,
            -1.1636545921982486,
            -0.8997111306825325,
            -0.8131312706786988,
            -1.8039377889592925,
            0.031480359830708717,
            0.12481120579546176,
            0.0,
            1.9346749643208783,
            0.5561831724244594,
            -0.24699937018604715,
            0.46581685397618033,
            2.73890296566577,
            -1.0324555038926675,
            0.6792744787280186,
            0.7482722965603773,
            -0.1323055351702093,
            -2.2099635396749027,
            0.30213972365401753,
            1.307758856031858,
            -1.1569556695089906,
            -0.4009847697143683,
            0.2466028023210182,
            0.7539523570941786,
            -0.4000509841819272,
            1.6243307141373693,
            -2.7799900273242812,
            1.409908951202076,
            -0.06054211829544361,
            0.7464250268959981,
            0.6643102208591465,
            -0.3621160554366598,
            -0.34931872221659,
            -0.25070216905873666,
            1.0885264165910185,
            1.351981824713785,
            -0.8561709882004988,
            0.9021640794033827,
            0.6741078294161573,
            -2.093874317365552,
            1.2091954919735153,
            -1.0879335128446201,
            1.1798364585572536,
            0.5372891692870889,
            -2.8278366186397,
            -1.3609460038602352,
            -1.3561585539674519,
            0.6092836695906465,
            -0.17299749486163982,
            -0.6338216014340432,
            0.6927748967954379,
            1.6845504952831474,
            0.15211703782636937,
            -0.4003602611628389,
            -1.5524163292717066,
            0.15511179230941832,
            -0.17747897293474127,
            0.661937088469621
        ],
        [
            1.6921614364598692,
            0.6699806328909639,
            -2.0782508699794118,
            -0.5052422084505314,
            -0.31107579652651546,
            1.22203365326763,
            -0.16487968376976572,
            -0.44224885952480797,
            0.15841795790922195,
            -1.4204358357742484,
            -0.8872023657080943,
            -0.617055737768279,
            -1.4165816234514366,
            1.9346749643208783,
            0.0,
            -1.6873527363473042,
            -0.24464691550942996,
            0.4937630561715001,
            0.1798605050800029,
            -1.0304651831064102,
            1.8284085914151955,
            -1.820614382685481,
            -0.205497280954576,
            0.2209440416759273,
            -1.622142659845165,
            0.7996004348124806,
            0.1655307745481358,
            -0.030077530212635945,
            0.6274633745376117,
            1.7499362363950006,
            -1.088020665425857,
            0.7196978386696223,
            1.8417739929222152,
            -0.33798538740206086,
            -1.3352577395691554,
            0.6894711586525156,
            0.5700090043314772,
            0.38783395175044283,
            -0.005807736815718419,
            -0.191446441994828,
            0.535074542045322,
            -1.3567825909450606,
            -0.6777139499729663,
            -0.7557681931073243,
            -0.5124241927981655,
            -0.25813004145978125,
            0.1202500458861512,
            -1.2232212848312691,
            0.9219590012578621,
            -0.8084014418493015,
            0.44014995237497423,
            1.7548920538066213,
            -0.5914354199594059,
            -0.06753539951532656,
            -0.7571870100124284,
            -1.9855450138367132,
            0.33124155032851993,
            0.41818575420710413,
            -0.804316970043334,
            -0.6498049369876918,
            0.48693301963073177,
            -0.7259053376536291,
            0.30835270356999595,
            -1.476239180829062
        ],
        [
            1.302152253178143,
            0.5132218882746196,
            0.08237591371534837,
            0.4034484596115127,
            -0.8612329846236146,
            1.9752497122195907,
            0.47996814678267075,
            -0.6700399307305338,
            -1.1264013293867103,
            -0.512810680202015,
            -1.332871218423488,
            -0.2337634566299183,
            0.6066228218566649,
            0.5561831724244594,
            -1.6873527363473042,
            0.0,
            0.8579678506583873,
            -0.7921587283874896,
            0.6002513006679377,
            0.6671370429417336,
            1.97794985339067,
            0.6823413079860512,
            -0.7263907045275684,
            0.6809107144297958,
            0.325637799525556,
            -1.1746775976712012,
            1.3310537799739133,
            -2.2569020171967806,
            0.4188372413959929,
            -0.14296152911680907,
            0.5772533240505909,
            -0.31672522727857094,
            0.18723218177064857,
            -0.3653390598682425,
            0.4701759956740081,
            -0.22896327504791936,
            -0.9531430310410712,
            -0.9098271525689147,
            1.0321044702368332,
            1.4736982090799937,
            1.5963429318742144,
            0.17591185043879695,
            -0.6670717273937189,
            0.6580374028505874,
            0.6761090612742042,
            -0.7111042662325479,
            -0.13965056535814532,
            0.41885490353002486,
            1.3002301065443702,
            1.46598344692933,
            -0.18540380028401848,
            0.10845061720561505,
            0.3839011687573402,
            -1.3429423032239942,
            -0.0672503910013444,
            -0.9209504350911435,
            0.032172622469168424,
            0.38464316813699323,
            0.7228738047787819,
            0.8672127585821322,
            0.35917422981998853,
            -1.3630616980589108,
            -0.631601088449197,
            0.30847463114444196
        ],
        [
            -0.45991005453272077,
            -1.3367981334020325,
            1.058642428255747,
            -0.4844042760343542,
            -1.3267922716071754,
            1.598691164905715,
            -0.4990199418765166,
            -0.5791782546963505,
            0.7585814807284871,
            -1.0617984354983143,
            -0.3187759929521081,
            -0.9322354340120997,
            -0.2484537492284939,
            -0.24699937018604715,
            -0.24464691550942996,
            0.8579678506583873,
            0.0,
            0.7553956444588311,
            0.9096343324892302,
            -0.7090753900600886,
            0.7067736448656874,
            0.7717825303562739,
            -0.7601917908289487,
            -0.637812795027175,
            0.13721967954011607,
            2.1773863167755905,
            0.631171235311994,
            1.3858024317219668,
            -0.861971742620544,
            -0.17167353059590618,
            0.03863486784242426,
            -0.6818530713442761,
            0.6957130846475194,
            0.5395894173687686,
            -0.09256647056004805,
            0.5805904026257279,
            1.2435326079682463,
            -0.066550367614041,
            -1.7356067416685148,
            -0.29811765875421736,
            -0.36061716492548057,
            1.1970923524648711,
            0.2459443045680871,
            -2.79971407597868,
            0.0937464140294323,
            3.1822800799735305,
            1.5059269830429811,
            -0.27767234165664245,
            0.6991639775142365,
            -0.16665071716219435,
            0.2758668718113425,
            -0.37413144432026324,
            0.9935945851267416,
            1.4603793163126773,
            0.7439672457876986,
            0.60585054283503,
            -0.9967049276894318,
            -1.5206967232983557,
            -0.2281383222709358,
            -0.5471985735386168,
            -1.1374121018358683,
            -1.3221682498784781,
            -0.06038249699042018,
            -0.1974149864237713
        ],
        [
            1.4642260129834628,
            -0.7266907831981918,
            1.2557140438814571,
            -0.06595639823604901,
            -0.7618423218856522,
            1.0107163219069073,
            -1.0257398808236886,
            0.39503168098012,
            0.6967026789556495,
            -0.4287982976747339,
            0.7670237705510738,
            -1.714382084259414,
            -1.2003852520497156,
            0.46581685397618033,
            0.4937630561715001,
            -0.7921587283874896,
            0.7553956444588311,
            0.0,
            -0.3791006244484771,
            1.5407620541980558,
            -1.3158335932024965,
            -0.782318965815329,
            0.363647530527628,
            0.44906720447171666,
            2.790870726502907,
            -0.05411223872060734,
            0.6518518612608003,
            0.9615847782674896,
            0.45837987713652445,
            -0.9924246870780565,
            -1.3093032328920418,
            0.696950760914844,
            0.3589111173638269,
            1.0618777224982217,
            1.0649589154818409,
            -2.341423035775287,
            2.1205494496804334,
            0.4860220962754016,
            0.47166672996301356,
            -0.7992793308367382,
            0.07490527196298839,
            0.6559170343987105,
            -0.12984205542709015,
            -0.34896189009002593,
            1.0342131270141532,
            1.4272123382439585,
            -0.9441769130646583,
            -0.025080997062100787,
            -0.4555233242227605,
            0.15686488811518373,
            -0.4889846910714951,
            0.8041306899635536,
            -0.21695979809240312,
            -2.182756540358449,
            1.1630396140870674,
            0.5745581751288812,
            0.2991815643695374,
            0.6579946519144467,
            -1.8784827643015956,
            2.0043848734525676,
            0.09651785417749668,
            2.364753153849758,
            -0.7004943772595384,
            0.7187726062457204
        ],
        [
            -0.11577552729415973,
            -0.0300208833829575,
            0.062206492676029936,
            -0.15770230203448973,
