{
    "N": 64,
    "id": "0155bc40-eee2-47cd-886a-8c5f5ed1a212",
    "problem_type": "SK Spin-Glass",
    "distribution": "gaussian",
    "spins": [
        -1,
        -1,
        -1,
        1,
        -1,
        -1,
        -1,
        1,
        -1,
        1,
        -1,
        1,
        1,
        1,
        -1,
        -1,
        1,
        1,
        1,
        1,
        1,
        -1,
        1,
        -1,
        -1,
        1,
        1,
        1,
        1,
        -1,
        1,
        -1,
        -1,
        1,
        1,
        1,
        -1,
        1,
        -1,
        -1,
        -1,
        1,
        -1,
        1,
        1,
        -1,
        1,
        1,
        -1,
        1,
        -1,
        -1,
        1,
        -1,
        -1,
        1,
        1,
        1,
        1,
        -1,
        -1,
        -1,
        1,
        -1
    ],
    "couplings": [
        [
            0.0,
            1.5862415271468167,
            1.167895305558934,
            2.001011686989419,
            0.8278431919569376,
            -0.9800277475040449,
            2.1434602967436196,
            1.9812312166276784,
            0.4320205306255322,
            1.0066524109690753,
            -1.3435477897208004,
            0.5283218174313397,
            -0.3283049399514104,
            -1.9939941415429616,
            -1.694763544078386,
            -0.4550654118034029,
            0.10630882053347429,
            -0.2744161941582671,
            0.717417480392649,
            0.708667175700258,
            -2.697707693924741,
            0.17765508627189128,
            0.6597069271480599,
            0.8161396594255508,
            -0.5951366441368591,
            -1.4817732184038919,
            0.9446687642796485,
            0.12164977536623536,
            0.027993875660907257,
            2.097749215980159,
            -1.094355858839486,
            0.6641237605843971,
            0.172625266921891,
            -0.20861063839762192,
            -1.043920609350648,
            0.5700088035005306,
            -0.8262713073679523,
            0.6296507567309586,
            -0.19344475179708262,
            0.08323352865086706,
            0.28714362499580115,
            -0.223880005757153,
            -0.11005651231636694,
            -0.3331127242681202,
            1.3089348726772583,
            -0.5669682372780465,
            0.11281197815065862,
            -0.07839063930607211,
            1.7417499723337035,
            -0.020748650107220466,
            1.5359539046277844,
            0.6574552032628092,
            0.6956563198092276,
            -0.45830853660399007,
            -1.0419897048504698,
            -0.298097048961473,
            0.4539445493267603,
            0.8648132139249146,
            1.488655419664548,
            1.3887482065472778,
            0.6356986855517445,
            -0.19467263679005803,
            -0.1982536392355596,
            1.2592350468614626
        ],
        [
            1.5862415271468167,
            0.0,
            1.0639860213108339,
            0.6202079173293776,
            -0.9715193130741325,
            0.5488607276126259,
            0.3287314528470659,
            0.3298644521488398,
            -0.10720071067759274,
            0.38763730336174235,
            -1.0296167022250335,
            0.5439394531254668,
            -1.1420756924446818,
            0.6593958147649113,
            -1.3459430073916918,
            0.006847350989181134,
            0.10054912416772623,
            1.4485870132483811,
            -0.4278786310563297,
            -1.519296276726509,
            0.4384355935025108,
            -0.6033321583055792,
            0.08767135051376881,
            -1.3246769898361566,
            -1.4181730989935664,
            1.586063468705565,
            -0.3190834837727144,
            -0.31368389003929154,
            1.1024757343018061,
            -1.6837999883977013,
            -0.11059438184627496,
            -0.9485473281561559,
            0.6291850557923228,
            -0.4045132309131227,
            0.9279152445220551,
            -0.8737120801864435,
            -0.18003078308853102,
            -1.5227738264871693,
            -0.40160353075167454,
            -0.07323912564981966,
            -0.3207408880216595,
            -1.0398177647530007,
            1.5509002796181182,
            0.04186169381434536,
            0.1492540793859287,
            -0.9611112572738303,
            -0.36978979523894656,
            0.3307886984851022,
            1.061234540149373,
            0.7666017985243962,
            -0.3459044940446545,
            -0.39141179669480075,
            1.0259246946341645,
            0.45326658932018327,
            1.252300898377512,
            0.9023004661743208,
            0.11858890214317146,
            -0.0983513084705425,
            1.4908978798821526,
            0.005672716174402339,
            0.7278947053230242,
            -0.16452871302967398,
            0.38774449631142965,
            1.3187721910327286
        ],
        [
            1.167895305558934,
            1.0639860213108339,
            0.0,
            0.18181152216627808,
            -0.5500216386869665,
            0.38739184366825063,
            1.9234932441657542,
            0.6066373024622733,
            -0.05152851273825655,
            -0.12656010364113487,
            -1.0393674865637574,
            -0.3512462599856457,
            -1.2600727358459844,
            1.0922686859095714,
            -1.5692260912873641,
            -1.085880773430753,
            0.4705904149008163,
            -0.05212506704853802,
            0.07426302220059597,
            -0.9242760660703717,
            0.2663592194230346,
            -0.24937293423662513,
            -0.26200311398328424,
            0.8521466442514612,
            1.3013248826003714,
            0.2975371862736134,
            0.743077907166731,
            -1.2346890235005357,
            1.0290176120197492,
            -2.008263066481494,
            1.9287450218093238,
            -0.07828314000340421,
            -1.7105556431504734,
            -1.142851231572565,
            0.20761775074890992,
            0.5418423219529843,
            -0.4108635537345611,
            0.8423098924345508,
            -1.0683561047805843,
            0.5798284327975886,
            -1.6453670701035297,
            0.05736072141881492,
            -0.08262153014397197,
            1.621644230680524,
            -0.4750650236916103,
            -0.15881826844689262,
            1.0124481101337497,
            1.1709584943721594,
            3.583903411177595,
            -0.7934475307253673,
            -0.11078717623624483,
            1.4394535166944344,
            -0.7369583375755525,
            0.16724106312542764,
            -0.25634221928211065,
            0.23129119061050435,
            -0.9677554139689795,
            -0.3485259616098151,
            -0.5440127011468939,
            -0.4191779120736824,
            0.42734224825584444,
            -2.000272127963522,
            -0.70011026310851,
            -1.1791049644147733
        ],
        [
            2.001011686989419,
            0.6202079173293776,
            0.18181152216627808,
            0.0,
            0.3187294836716918,
            -0.11689132666639832,
            0.025511419774492377,
            0.4766927965209415,
            1.8199909024266618,
            -0.17541284299316778,
            -1.0489746582649682,
            0.864023070342597,
            -0.8243698967868037,
            1.6205123577467606,
            -0.2724829354918661,
            0.6930914366606541,
            -0.5384214655719708,
            0.23420389465231262,
            -0.061616797410864795,
            0.8387755277913157,
            0.49010451508606817,
            0.13122521470206688,
            -1.7993943856201027,
            -0.610018840604554,
            1.983223858004983,
            1.1848683012856323,
            -0.2527148081453204,
            0.8410142087407575,
            0.984109225185439,
            -1.0563570829309343,
            -0.9271449017004693,
            -0.28926624939650636,
            -0.40890028697210684,
            -1.2739843963340798,
            0.6848348388250256,
            1.7347574309664229,
            1.0850581443509717,
            -2.4013639530367814,
            0.4415259897152724,
            -0.6388215134797702,
            0.9591881681025054,
            -1.3708187078137524,
            -0.9232617681000906,
            0.5614222256559006,
            -0.5540856320597699,
            1.2206768361106886,
            0.6533131794007454,
            -0.3181635428261923,
            -0.5569221734694876,
            0.6124791454991116,
            0.6024383360415025,
            -0.8261819647772114,
            1.0575952183554693,
            1.6623495953754814,
            -0.38945427307153535,
            -0.8243380937234478,
            0.9494966860624847,
            0.04082831245348393,
            -1.2492809649442773,
            -0.34618886780800834,
            2.0567969666322226,
            0.8955249794881711,
            -1.163207152183772,
            -0.4395434613281055
        ],
        [
            0.8278431919569376,
            -0.9715193130741325,
            -0.5500216386869665,
            0.3187294836716918,
            0.0,
            1.6477989795143277,
            -1.188511065118754,
            -0.7813667827204094,
            -0.017571814512820614,
            0.8197024302728141,
            0.9035279357742346,
            1.292474976739435,
            -0.16829380934135943,
            -0.22552452604746268,
            1.0542481586728039,
            0.0316807939832944,
            0.23075818138009868,
            -0.8427176752113115,
            -0.8317962442966332,
            -0.24344839450942507,
            0.13320804234174707,
            0.6027470207642537,
            0.21059728892944213,
            2.262141626974018,
            1.3410839002530623,
            0.0958552721985156,
            0.4935538282325343,
            -0.208701971220091,
            0.9267693925674481,
            -0.6047197643004385,
            0.8443422899993364,
            -0.711525480911883,
            -0.5244466729961896,
            0.7454535106764102,
            -1.0601639318639289,
            -1.567282517742461,
            -0.5590837296101931,
            0.11576603807455414,
            -0.7561207081910659,
            0.16317431609421573,
            1.0394966341730676,
            -0.999866041155433,
            -0.8570967713396994,
            -0.9931964840710225,
            -0.636828955271729,
            0.20310699848854913,
            1.071592259420958,
            -0.5827510495608378,
            0.23826572292475065,
            0.288800354186044,
            0.5089694631554933,
            -0.4640409245237224,
            -0.5104683538097435,
            0.3802848352789203,
            -1.071632139644522,
            0.46450609550626265,
            -0.23860976046143145,
            -1.6283807877702128,
            0.717775422788085,
            0.28611810907172264,
            0.37959598461217425,
            0.8882996704765455,
            -0.4689253020855888,
            -0.15086179257945642
        ],
        [
            -0.9800277475040449,
            0.5488607276126259,
            0.38739184366825063,
            -0.11689132666639832,
            1.6477989795143277,
            0.0,
            1.5519842339764298,
            -0.826530915082583,
            -0.23980827522262654,
            0.7757557721143563,
            -0.8787925720618353,
            -0.14723471024387752,
            -2.1927326121006674,
            0.3611635222413787,
            -0.25329767335003733,
            1.269282827135688,
            -1.5703734641241143,
            1.1621325052459395,
            -0.253782567259298,
            -1.170905242998137,
            0.758266893132782,
            -0.7749605385731586,
            -0.13891958530034867,
            0.9269497173575761,
            -0.332497093563331,
            1.6363401815489946,
            -0.6523293861610002,
            0.6456084086629661,
            -0.9822474034009502,
            -0.4615850876437947,
            0.2918880279866765,
            1.1546577217056273,
            0.5725705547575415,
            0.10948056844990674,
            0.7581751217043537,
            -0.750321850994333,
            0.4602558115285483,
            -1.8370506123751666,
            0.6689663334024879,
            0.9734763136130783,
            1.651690283256615,
            0.984013027584948,
            -2.518980310009098,
            -1.5845395355817324,
            -0.04859162490589101,
            -0.02282961393613886,
            -0.6367189646111631,
            0.29277164191752847,
            -0.49325631801046826,
            -0.015077155790695974,
            -0.6530715189798604,
            -1.8868196777761994,
            -0.127594398362367,
            0.5021172867602839,
            0.1027432298255233,
            -0.7233959949630938,
            -0.07624375605668107,
            -0.989454085387843,
            -1.0750627306464409,
            -0.319792237320675,
            -1.5848517863461922,
            -0.24195130089973688,
            2.471089587363259,
            -0.21837530375671307
        ],
        [
            2.1434602967436196,
            0.3287314528470659,
            1.9234932441657542,
            0.025511419774492377,
            -1.188511065118754,
            1.5519842339764298,
            0.0,
            0.0076445154787008335,
            2.0302800356404767,
            1.2531953601022707,
            -0.4959340392595646,
            0.0007533596507518543,
            -0.08912916831733006,
            0.43300307959356493,
            -2.2379376456218525,
            2.4078312839600393,
            -0.17458103061363503,
            1.4395031490437051,
            -0.6184610222650034,
            -1.0165570689992325,
            0.42814695148829607,
            -0.47510547822073296,
            0.3342358543495518,
            -0.647761635681031,
            -1.5722822979721058,
            1.6025586703656167,
            0.8907721240810933,
            0.6113886804753854,
            1.7832622992116782,
            -0.11114128041633975,
            1.2012589066097197,
            -1.6728852206203393,
            -1.7670728297527887,
            0.09215485089302215,
            0.017796583754863534,
            -0.05499007065820386,
            -0.9271861172606171,
            -0.04259298946554334,
            -0.4965524058865421,
            1.288857661406689,
            0.45799921898884727,
            0.9484060966424035,
            1.0977092315889214,
            0.6382905146190081,
            -0.7503695294428394,
            0.20163040014835978,
            -0.48127356397723325,
            -0.636309449053374,
            -0.3898102703318724,
            -0.8215911592028848,
            0.49156088974329415,
            0.3249746538658024,
            -2.5638703937440463,
            0.8468481129803255,
            -0.09837245079451296,
            -1.0631089081445404,
            -0.8214988902906021,
            0.8580257295598435,
            0.2734204770637225,
            -0.9325686093774813,
            -1.2843614337033582,
            0.21117721556447686,
            0.13943394521956862,
            1.407586926734985
        ],
        [
            1.9812312166276784,
            0.3298644521488398,
            0.6066373024622733,
            0.4766927965209415,
            -0.7813667827204094,
            -0.826530915082583,
            0.0076445154787008335,
            0.0,
            1.083308751319445,
            -0.3177205552147957,
            0.0036928729031431985,
            -0.12812162321315476,
            -0.4432273462951349,
            0.4474063422617271,
            -1.039916589686967,
            -0.1512681714518613,
            -1.3125465220930717,
            0.24033212098503545,
            1.5058218512538744,
            -0.348260072121916,
            1.1099884978067323,
            -1.1632082361201799,
            1.92996462652485,
            -0.92055918721905,
            0.36921898308639894,
            1.0194056139358438,
            0.5144203866702716,
            -0.8614094696723684,
            -0.21355988750827395,
            0.7791095449208648,
            -0.8880557585081272,
            -0.6645422626841614,
            -1.176984845132666,
            1.957560781083903,
            -0.5525625801896408,
            0.7387849265221462,
            -0.7465986702609055,
            -0.3077634701872448,
            -0.0435864420514724,
            -0.5724168373531602,
            -0.9244901211761564,
            0.7570956561624967,
            1.5543787470605297,
            0.3448982768754104,
            1.007366182619113,
            -0.23821620328495816,
            -1.4153784296251535,
            -2.813779594831802,
            -0.7116774482430817,
            2.527536391766478,
            0.1915792644095745,
            1.0412682049041195,
            0.44267356871777963,
            -0.7729817432896364,
            0.6084489848475731,
            0.4905086745567152,
            -0.5266667938451072,
            1.7742606561883971,
            -0.02288564145474789,
            -0.21705031493908816,
            0.42086332179337504,
            -0.7215622225072523,
            0.4893386948069883,
            0.15991319563723705
        ],
        [
            0.4320205306255322,
            -0.10720071067759274,
            -0.05152851273825655,
            1.8199909024266618,
            -0.017571814512820614,
            -0.23980827522262654,
            2.0302800356404767,
            1.083308751319445,
            0.0,
            -0.6058382611827842,
            -0.16273510324362453,
            -0.5594140303956255,
            0.45716249026309774,
            -0.13865814174017946,
            0.25294968832229325,
            -0.3343324018046223,
            -0.31025126414954923,
            0.3208180296677658,
            0.786221275328871,
            0.09017830581227151,
            -0.9431535514295295,
            -0.29428967687163643,
            0.7826256381908631,
            0.305769794918785,
            1.438974325763686,
            0.7870758757114548,
            -0.6432991228120607,
            1.1288564290632628,
            -0.3928024231616841,
            0.7458503792654261,
            0.9828890529059459,
            1.1280993548172598,
            -0.6586985889504643,
            -1.2739650364220207,
            -0.62778242087757,
            -0.4190764734216891,
            -1.1134526521940276,
            -1.301286068652056,
            -1.5411155394620657,
            1.1931318070911288,
            -0.2690948531243556,
            1.1377354520598828,
            -0.21952832798810396,
            -1.651753219470531,
            0.12533789601509898,
            0.2605303899176379,
            -2.3031260840749774,
            -1.7362917909499922,
            -0.9608083643186258,
            1.4446859975964472,
            -0.43094597746900604,
            0.6626589302439362,
            -1.19999764405174,
            -0.13940709407247948,
            -1.716803029263359,
            0.2327325539888642,
            0.21195838733992653,
            0.36349128559141547,
            -1.3677518809792717,
            0.4826268729315933,
            -0.6757103203232242,
            -0.6680376466284461,
            0.17736096595759948,
            -0.9084152014683154
        ],
        [
            1.0066524109690753,
            0.38763730336174235,
            -0.12656010364113487,
            -0.17541284299316778,
            0.8197024302728141,
            0.7757557721143563,
            1.2531953601022707,
            -0.3177205552147957,
            -0.6058382611827842,
            0.0,
            0.460796504618357,
            0.08138907690122314,
            0.9473897660946068,
            -0.5730385283816606,
            0.1442010605140292,
            -0.9015909647041883,
            -0.8219744245245424,
            1.2566204069117701,
            0.09760166479564626,
            -1.1523030017297513,
            0.18255111057668094,
            0.33139763703864455,
            -0.025837798325892853,
            0.5616504156208415,
            0.9053946445339127,
            -1.3051530978070245,
            0.625863413313384,
            0.04787395939826189,
            0.6369133450858976,
            0.5051991292399868,
            0.8600822657899293,
            0.04421508990784196,
            -0.5839459530665657,
            -0.10876307631794947,
            0.9137727195327148,
            -1.22261881766341,
            -0.6911712195698863,
            0.48653956496280604,
            2.07492799713781,
            -1.261497892436111,
            1.2288623160683463,
            0.609565120882067,
            0.6855778500397749,
            -0.7147219977179945,
            -0.49417856371932606,
            -0.1467460888657222,
            1.4027674065138733,
            -0.5650985178439794,
            2.015801782938949,
            1.2935187640523307,
            1.1318139094498754,
            -0.09092061337110431,
            1.498284030525932,
            -0.8790721768419959,
            0.527518203602243,
            -0.8867062309357702,
            0.9144944227730215,
            0.20537694597203357,
            0.15399651432306324,
            -0.2940409902985715,
            -0.7112024948871635,
            -0.4874826755310929,
            -2.5138770437156897,
            1.1417659891034424
        ],
        [
            -1.3435477897208004,
            -1.0296167022250335,
            -1.0393674865637574,
            -1.0489746582649682,
            0.9035279357742346,
            -0.8787925720618353,
            -0.4959340392595646,
            0.0036928729031431985,
            -0.16273510324362453,
            0.460796504618357,
            0.0,
            0.6361011392207949,
            0.4266844734317252,
            0.0011360053625387738,
            1.3253746713767371,
            -0.764248230221929,
            0.5368398174559685,
            0.6747884342731212,
            0.39680463062943117,
            1.7766096081798493,
            0.5138392020810145,
            -1.067350232123321,
            -1.4680599496695443,
            -0.036294758477550614,
            0.3814402476480038,
            0.7532584805768646,
            -0.9096002349956757,
            -1.746656649632635,
            -0.872690053892833,
            0.02592492417165572,
            -0.6493936413378418,
            2.1396586234093746,
            0.912332600537542,
            1.0185011650656517,
            -0.729293606562054,
            1.133874594349885,
            0.2669985018674109,
            0.7568767102040048,
            -0.4403470457169268,
            -0.5884577231253554,
            2.0752837692021937,
            1.0689308468151204,
            0.008259040863548964,
            -0.2809087922434228,
            1.1531604866221958,
            1.0776339167401894,
            -1.0192131629691437,
            -1.4445372944742456,
            -0.5355803221854074,
            -0.43522876446270203,
            0.4638641043024747,
            1.7864011825648596,
            -0.9901162606063032,
            0.3492413557319323,
            0.7452556168821324,
            -0.34755394864379036,
            0.14109593702209522,
            0.6858308766212424,
            0.41069317103318836,
            -1.5494938630809953,
            -1.1857950293448127,
            1.028640386801371,
            0.003931814688803624,
            -0.7140964919588384
        ],
        [
            0.5283218174313397,
            0.5439394531254668,
            -0.3512462599856457,
            0.864023070342597,
            1.292474976739435,
            -0.14723471024387752,
            0.0007533596507518543,
            -0.12812162321315476,
            -0.5594140303956255,
            0.08138907690122314,
            0.6361011392207949,
            0.0,
            -0.0328913067741647,
            -0.4450981365611029,
            1.3730598777041605,
            -1.0197858767011527,
            0.21756177022841014,
            -1.2731326791957422,
            -0.530057877318255,
            0.4660908628431977,
            0.778905400948401,
            0.9698460618102814,
            -0.07780442005599791,
            0.4741256916979816,
            -0.4125102814531951,
            0.9448175789564236,
            0.7543933959648023,
            0.01344835061419461,
            2.760815113728118,
            -0.4905655733791459,
            0.008252937713612445,
            -1.1923103678948148,
            -0.40244852763203137,
            -0.7148474194417157,
            -0.5751944413541057,
            0.19239648580376392,
            0.10560230015303423,
            0.3389927427018825,
            -0.43473901357195843,
            0.7286544530905169,
            1.3219707531455107,
            0.3340073130985108,
            0.8125187232283737,
            1.3031968718888114,
            -0.9877311165532614,
            -0.24941572550185528,
            1.8572632527473294,
            1.4193419888876362,
            1.3472596700832622,
            1.3916461403684552,
            -1.052179654515389,
            0.08775064296937005,
            -1.187162914082114,
            -0.07710519592683433,
            1.1826273563195742,
            0.13214696212753035,
            -0.6394148349442873,
            -0.33616897699470777,
            0.32057901974093733,
            -0.42648198483122485,
            -0.3682469955851152,
            -0.12963537241067147,
            -0.40216978754170607,
            0.04297079087103545
        ],
        [
            -0.3283049399514104,
            -1.1420756924446818,
            -1.2600727358459844,
            -0.8243698967868037,
            -0.16829380934135943,
            -2.1927326121006674,
            -0.08912916831733006,
            -0.4432273462951349,
            0.45716249026309774,
            0.9473897660946068,
            0.4266844734317252,
            -0.0328913067741647,
            0.0,
            -0.3876453405316043,
            1.3688145397044722,
            -1.8768523040380445,
            -0.8194273971370921,
            0.7867077083460613,
            -0.15594133959176315,
            0.599928212297556,
            -0.8197347876164148,
            -0.8993795978271029,
            0.4746957558469209,
            -0.7516251614674658,
            1.0551900225226751,
            0.5266817113378063,
            0.7058544550786837,
            1.8383726520290042,
            0.01944369928584084,
            0.762409031264536,
            0.07299097660862716,
            -0.007270065235867132,
            2.733710098382453,
            -1.5213160141662379,
            -1.364099048389654,
            1.252842944994052,
            -1.7450780918924187,
            -0.5348511950093817,
            -0.6037119851969364,
            2.1540222650819145,
            0.3173518219871612,
            0.5222937352799651,
            -0.13924808758453197,
            0.8789077440612525,
            1.2417356121022407,
            -2.0296284886761637,
            -1.6500195111588867,
            0.4269247794524457,
            -0.23631106419564177,
            2.2013597297407204,
            0.41224330268206144,
            -0.17144735382108306,
            0.40497946500245735,
            -1.064487530505534,
            -0.17468565894813487,
            -0.6789720075381706,
            0.46504171746321393,
            0.7369249827502782,
            -0.616429669645414,
            0.963949975496875,
            0.7307778315699222,
            0.5331351700314251,
            0.15646929078201452,
            0.9275449348144131
        ],
        [
            -1.9939941415429616,
            0.6593958147649113,
            1.0922686859095714,
            1.6205123577467606,
            -0.22552452604746268,
            0.3611635222413787,
            0.43300307959356493,
            0.4474063422617271,
            -0.13865814174017946,
            -0.5730385283816606,
            0.0011360053625387738,
            -0.4450981365611029,
            -0.3876453405316043,
            0.0,
            -1.036698519199405,
            -0.5376314031685556,
            -1.8833863902680799,
            -0.5705073402764804,
            1.6133850484956223,
            -0.4812790764450017,
            0.15784729925608482,
            -0.6490148050402458,
            -0.09023552236179326,
            0.9740464637054277,
            -0.3541781885873702,
            0.05422807789086542,
            -1.9416311983675572,
            0.5014919744283546,
            -0.6213066651415986,
            -2.242253168095003,
            -0.03912654054192234,
            -0.680500297749992,
            -0.03220314080707626,
            0.9675635194007288,
            -0.031882157577947864,
            -0.14805518238465212,
            -1.121714725441106,
            -0.33179765428472296,
            0.33079138249829343,
            -0.11687925728787242,
            0.09969512177316961,
            0.806347661746119,
            0.47697127365102693,
            1.5553896768986586,
            -0.31576008988845344,
            0.4228988376753495,
            0.19344183828230677,
            0.2855453770057536,
            1.2632273506665308,
            -0.43459403920065953,
            2.0894924737438245,
            -0.6463225551177034,
            0.27221883625614757,
            -0.32854231438868625,
            -0.03920357627958352,
            0.21042098024976066,
            -0.5971853402829599,
            -0.016809522296436816,
            0.6071359304033902,
            -1.629311039794836,
            0.36076771345807446,
            0.64073152159956,
            2.425421608705367,
            -2.756353281150703
        ],
        [
            -1.694763544078386,
            -1.3459430073916918,
            -1.5692260912873641,
            -0.2724829354918661,
            1.0542481586728039,
            -0.25329767335003733,
            -2.2379376456218525,
            -1.039916589686967,
            0.25294968832229325,
            0.1442010605140292,
            1.3253746713767371,
            1.3730598777041605,
            1.3688145397044722,
            -1.036698519199405,
            0.0,
            -1.4082972663185669,
            -2.0336037598750116,
            0.8842831838097897,
            -1.0995238121216717,
            -0.22750165594728466,
            0.6254733385033006,
            2.1590937883993604,
            0.4923621885116133,
            0.09454573051319856,
            0.024978480690499308,
            0.2777525750707376,
            -0.2451320715801779,
            0.6420581179779091,
            -0.12036244005875446,
            0.04370053484647384,
            -1.5290152922198352,
            0.9507646729712802,
            -0.05527772615259208,
            -0.11246572766486992,
            -0.4547479175175877,
            1.0402061239740394,
            -0.2457441302194067,
            1.7433820743592905,
            -0.07199043176371225,
            0.20753049040184396,
            1.3799314862683856,
            -1.1522593556104719,
            1.1666661048748117,
            -0.41894863444628844,
            -0.8509643633033249,
            -0.2126335760583546,
            -0.3020375008679642,
            0.07253543314528227,
            -1.169172064409416,
            0.15222558191239716,
            1.0543150272101303,
            -0.3544835524425981,
            -0.7192256645383891,
            -0.23882194209685392,
            -1.639821544088111,
            -2.1767681549846807,
            -0.14960911972262153,
            2.6689756159967226,
            -0.12145308220150809,
            -0.4385153399571589,
            0.24075876096363047,
            -0.24436348175697645,
            -0.5347212241448989,
            0.15059958721172548
        ],
        [
            -0.4550654118034029,
            0.006847350989181134,
            -1.085880773430753,
            0.6930914366606541,
            0.0316807939832944,
            1.269282827135688,
            2.4078312839600393,
            -0.1512681714518613,
            -0.3343324018046223,
            -0.9015909647041883,
            -0.764248230221929,
            -1.0197858767011527,
            -1.8768523040380445,
            -0.5376314031685556,
            -1.4082972663185669,
            0.0,
            1.511167913944816,
            -0.24396886589426858,
            0.2906698095804248,
            -1.7889837088050113,
            0.8326487228381929,
            0.9050717812550035,
            -0.0001318897591450425,
            0.1489035064475955,
            0.9472850501068246,
            1.377910134342355,
            0.3755816104016737,
            -0.25149622115762205,
            0.5625699116132519,
            0.012127859907944162,
            0.8287854314156906,
            -0.2550662191693865,
            0.38559604606713854,
            -1.328406218334919,
            2.197200395688704,
            -0.9085764625393592,
            -0.4541338952283521,
            -1.5679006445678423,
            2.039458221429261,
            0.8454201043456918,
            0.6845680167065374,
            0.3823209040645271,
            0.7327718570714173,
            -0.41548132184357583,
            0.08456178230128575,
            1.2610975124483874,
            -1.8712145657773334,
            1.2726012936969902,
            0.3675200526948208,
            -0.43650244360258017,
            0.4184556106833089,
            1.5942987868600336,
            0.8736265994472115,
            1.8920214477884854,
            -0.7466460934266841,
            0.10377110589868713,
            -0.46922545526518405,
            -0.9555215705706507,
            0.34215272418523357,
            0.4298914007575305,
            -0.43378646673085824,
            -0.547263664764795,
            -0.8620387243901514,
            -0.2341554219708438
        ],
        [
            0.10630882053347429,
            0.10054912416772623,
            0.4705904149008163,
            -0.5384214655719708,
            0.23075818138009868,
            -1.5703734641241143,
            -0.17458103061363503,
            -1.3125465220930717,
            -0.31025126414954923,
            -0.8219744245245424,
            0.5368398174559685,
            0.21756177022841014,
            -0.8194273971370921,
            -1.8833863902680799,
            -2.0336037598750116,
            1.511167913944816,
            0.0,
            1.743192598029607,
            1.2877928991273326,
            0.19569734743270442,
            -0.629217258549982,
            -0.7314423664906609,
            -0.8018992214737786,
            0.8894538029729894,
            -1.1979359796242517,
            0.29249411094019906,
            0.3886750325144295,
            -0.5216916112090912,
            -1.014881231423245,
            0.28916504575153473,
            -0.014044926933655397,
            -0.7638590947003682,
            2.0958423363376864,
            1.6357279164262448,
            -1.3213545663334147,
            -0.7979309550110013,
            -0.050541812087993084,
            1.379496170209914,
            0.8594322920422065,
            -0.9180785819445401,
            -1.8063260520515831,
            0.896277606372881,
            -0.16097514825759737,
            0.2220007324334892,
            -0.23105916747895847,
            0.27896069404038015,
            0.8176264693373629,
            -0.37113311135914046,
            0.4924266163982946,
            0.11457990654552781,
            -0.8380955846299499,
            0.15296481076466117,
            -0.3024253500360219,
            -0.5136627752601098,
            0.5628188117236055,
            0.7611930834634978,
            1.1228289123848196,
            -1.4959884942858659,
            -0.3680797330350184,
            -1.2201487140238578,
            0.2594204259750246,
            -0.20870657574358026,
            -0.24223419881310984,
            -1.8845517011587583
        ],
        [
            -0.2744161941582671,
            1.4485870132483811,
            -0.05212506704853802,
            0.23420389465231262,
            -0.8427176752113115,
            1.1621325052459395,
            1.4395031490437051,
            0.24033212098503545,
            0.3208180296677658,
            1.2566204069117701,
            0.6747884342731212,
            -1.2731326791957422,
            0.7867077083460613,
            -0.5705073402764804,
            0.8842831838097897,
            -0.24396886589426858,
            1.743192598029607,
            0.0,
            1.03464795244027,
            -0.4630866534918883,
            -0.7619070927560054,
            -0.5521392998399048,
            -0.016852372079980905,
            0.06783354154147495,
            1.7818735798513132,
            -0.3706092236872962,
            -0.4022877803958144,
            0.4516835098033201,
            -1.731084674116584,
            -2.0535684307475264,
            0.8154576964749269,
            -1.5358626443646644,
            -0.17402230822352985,
            0.4516900273527285,
            0.7160448815737613,
            -0.2308997854662116,
            0.34019914586548683,
            -1.7816811897283729,
            -2.343896292002833,
            1.3275568846354677,
            0.673974115667676,
            0.22440871507241855,
            0.7700286305787287,
            -0.9374889538914071,
            0.22692233847608595,
            1.2140522031149887,
            0.657985180259216,
            -0.28787382408778034,
            -1.628457469938946,
            0.7457177548352588,
            1.67246137798497,
            1.1031550978057807,
            -0.0021490583934903515,
            0.09959097395268099,
            0.5666226420135113,
            -0.04716728245343011,
            1.271476822825406,
            -0.10272262035340589,
            0.6555125277323139,
            0.35709936962550765,
            -1.9003199091225322,
            -0.4665945742973037,
            -1.6716359688127471,
            -0.1962317905079775
        ],
        [
            0.717417480392649,
            -0.4278786310563297,
            0.07426302220059597,
