{
    "N": 64,
    "id": "8a2c611e-948a-40b0-8d77-8a4e4b97136b",
    "problem_type": "SK Spin-Glass",
    "distribution": "gaussian",
    "spins": [
        1,
        1,
        -1,
        1,
        -1,
        1,
        1,
        -1,
        1,
        1,
        -1,
        1,
        -1,
        -1,
        1,
        -1,
        -1,
        -1,
        1,
        -1,
        1,
        1,
        -1,
        1,
        -1,
        1,
        -1,
        -1,
        1,
        1,
        -1,
        -1,
        1,
        1,
        1,
        1,
        1,
        1,
        1,
        -1,
        -1,
        -1,
        -1,
        1,
        1,
        -1,
        1,
        1,
        -1,
        -1,
        1,
        1,
        -1,
        -1,
        1,
        -1,
        1,
        -1,
        -1,
        1,
        1,
        -1,
        -1,
        1
    ],
    "couplings": [
        [
            0.0,
            -1.7856785300127467,
            -0.3660725866826954,
            -1.162049689100857,
            2.4480541330965693,
            2.10167489829006,
            1.0847304611792679,
            -0.6832595474198098,
            0.47844642149223293,
            1.0193288354711112,
            0.8204121705970387,
            0.41799144221351614,
            0.8621008386908324,
            1.1145908687586008,
            0.11783110639698652,
            -0.005317654853494963,
            0.391461994318587,
            1.1633988437167353,
            -0.1195601005102234,
            2.2486714690354055,
            0.5682747661775983,
            -0.8384329774233723,
            -1.7433621618413517,
            0.9917129647116448,
            -1.8471741629041138,
            0.8256860481339199,
            0.549967163310845,
            2.371421544019079,
            1.1630060823646293,
            0.5158601337558417,
            -0.6452384103547371,
            -0.9703261830650096,
            0.8510712986302221,
            1.8499282807249187,
            -1.9081770351976477,
            -0.6183317670437899,
            0.6894492637038512,
            -0.19112627332788715,
            -0.7898809885336701,
            0.7691410227194692,
            0.18500780311966686,
            0.06792460597978897,
            0.7932187843653095,
            0.07019801245633454,
            -0.10209230652244346,
            -1.0676123974186607,
            0.20842817593501214,
            -0.3694810465981322,
            0.08592993023947851,
            -0.5954066760434665,
            0.31118078429364704,
            -3.357607786172748,
            -0.51701301275253,
            0.32859032185845855,
            -0.40830457956141425,
            -0.7272054598569533,
            -0.5962146578070361,
            1.5786444599456078,
            -0.5951310991545574,
            0.3085838205390571,
            -1.1172938710114884,
            1.5646423729926946,
            0.9160802402341113,
            0.6249174499974758
        ],
        [
            -1.7856785300127467,
            0.0,
            1.3410944550121628,
            -0.08154110936319815,
            0.7644828312879723,
            0.8322428445447212,
            0.2605996844738781,
            -0.2249115601507439,
            0.014009916520240624,
            -1.20980411953592,
            -0.9591308885504155,
            -2.204705449903508,
            0.9310029789097192,
            -0.6379848577995866,
            0.7293556748745991,
            0.17123250419344216,
            -0.7651875188731155,
            -0.6672136664793504,
            -0.029963082110670895,
            -1.019425558763103,
            -0.993297918766495,
            -2.088052310568585,
            -0.5674809647557069,
            1.6916627322555966,
            -1.2105412011770147,
            -0.7583700794770926,
            -1.3114957301793653,
            -1.2566275124884094,
            -0.3631702974539123,
            -0.6389571351394938,
            2.8974887131732108,
            0.8585502469203046,
            0.5169327285379183,
            -0.42652321261806714,
            -0.24717786734145258,
            -0.011844346209746701,
            -0.8231532984570431,
            -1.058621355090653,
            -2.1054736737773494,
            -0.12196712600223758,
            0.48584967501194887,
            -0.11264638294552196,
            -0.06140107481260645,
            -0.8366936595497099,
            0.30360518305674206,
            -0.1795109607722691,
            0.6284941018209471,
            1.7276787726119356,
            -1.558211615082756,
            -0.20631384887093404,
            0.8172307017684564,
            -1.9829926801748636,
            1.1813288918897915,
            -2.056095873984163,
            -0.7946575875489339,
            -1.121807119747937,
            -0.25658323682159634,
            -0.9016274161045466,
            0.04154133087587769,
            0.6017797100778008,
            -0.6165644717846941,
            -0.6247644750055807,
            0.02735828606700743,
            0.9123033855732213
        ],
        [
            -0.3660725866826954,
            1.3410944550121628,
            0.0,
            -1.4503272635654014,
            -0.5844709201718291,
            1.028638926600471,
            -1.1467250775125177,
            0.5098468711040626,
            -1.7293283634421384,
            -1.1559880511239786,
            -0.29290832463239264,
            0.2562681096993184,
            1.5764977753089016,
            -0.0009225411357916428,
            0.8143305981429219,
            -1.4817319536757407,
            0.48753119540278367,
            -0.985726967613166,
            0.6288688225587848,
            0.7494117659840673,
            -0.18417264003725958,
            -1.0398190682236155,
            -1.9508471872199562,
            2.0585738869370194,
            -0.1973311594975868,
            0.7838861293480928,
            0.27882160377152376,
            -2.023703138856734,
            -0.37761284313797383,
            -0.3921305571628677,
            1.0586827200836977,
            0.3121818241711446,
            -0.5569194257464732,
            -2.0967062815547677,
            0.8508505709120804,
            -0.2267769095351296,
            0.6386949512234286,
            -0.24300981607368835,
            1.5449312461339282,
            -0.5675012431958779,
            2.153868533896473,
            -0.6643988126230915,
            -1.0781816510985545,
            0.26556892493500317,
            -0.8074141459424181,
            -0.858190670175452,
            1.3068821864040023,
            0.3305384806943527,
            -0.06507060635563831,
            -0.4264071395877117,
            1.241146880479621,
            0.6330572249933755,
            0.8189003624630954,
            0.1984457705000731,
            -1.1769372670084235,
            0.5418709776557418,
            -0.43239457400814973,
            1.9661075001267823,
            -1.1006633741112999,
            0.568433848989425,
            -1.0913237791889958,
            1.2667780260809924,
            -0.10617453001037222,
            -0.6013937241816274
        ],
        [
            -1.162049689100857,
            -0.08154110936319815,
            -1.4503272635654014,
            0.0,
            -1.439085265060863,
            -0.15248351831928889,
            -0.11372350506543455,
            -1.284425256262927,
            0.7510803604498879,
            -0.30535074703000553,
            -0.3350195602091335,
            -0.8813369755045048,
            -0.29383460380577725,
            0.4692640768985869,
            -1.4559855328852127,
            0.0162770834771536,
            0.5725704304903145,
            2.3628435408189357,
            -0.33181558259513605,
            -1.805671317236263,
            0.30824425545890777,
            0.19319801902829578,
            -0.09060911012428749,
            -0.5621039468807779,
            1.1908995605009156,
            -0.7804093612350484,
            0.7700292297770853,
            -0.5689976812580555,
            -0.5153226582797396,
            1.2336203399671772,
            0.5258167581446612,
            -1.2160341392281775,
            -1.8731636514225949,
            -0.9568460508789155,
            0.4412912443544847,
            -0.7435528165145875,
            -1.2033149423085578,
            1.544723939740225,
            1.2376404751577674,
            -0.8795753984675214,
            -0.49958634396999196,
            0.48135513949855024,
            0.8340849803759585,
            -0.3246840657125864,
            0.5810985290955115,
            -0.31120787729825355,
            -1.5156314782915636,
            -0.7499899107697765,
            0.17839008099445397,
            -0.6181693834063476,
            -0.5462292282685656,
            -0.1721979860523163,
            -0.7501342987588291,
            -0.5959143533048623,
            1.7199520787906413,
            0.10368571866194094,
            -0.2730185618449573,
            -0.837709843814441,
            0.30236717487171394,
            -1.1246249494887735,
            2.5033304546705986,
            -0.11512319855581137,
            0.4532744603575569,
            -0.5943256538312105
        ],
        [
            2.4480541330965693,
            0.7644828312879723,
            -0.5844709201718291,
            -1.439085265060863,
            0.0,
            -1.6409256670731505,
            -0.880202985570931,
            -0.4774281640783817,
            0.557544808504906,
            -1.7128506932941696,
            -0.6450511390749881,
            -0.5040777267570317,
            2.328120361334475,
            0.3599584499246937,
            1.0321198456044036,
            -0.7072359974753318,
            -1.0112155767423328,
            0.5823333582925749,
            -1.5036308731276817,
            1.4769634817070882,
            0.06259571850116721,
            0.6426521133301916,
            -0.7847088066946054,
            -0.3484014878464139,
            -2.0354131438851093,
            -1.3159758000029604,
            -2.833615658772175,
            -0.5356567735428216,
            0.9941946744181568,
            1.2503386689868934,
            2.042480756197216,
            -0.9691339225242621,
            0.2313093092443951,
            -0.5600705779514344,
            -0.05911780076313072,
            0.704116239676852,
            0.6228804920900359,
            0.40642263346399565,
            0.31940441803524827,
            -1.602550115098858,
            0.5853987483751241,
            1.0751341573586986,
            1.3423084841936943,
            0.5388117273177344,
            -0.6129120686857643,
            -0.48132622574516637,
            -1.644347738289595,
            0.010605217777198852,
            -0.9144766046270352,
            1.7169483335642783,
            1.875568865174201,
            -1.4024219126268465,
            -1.5770301053171218,
            -1.255797680595719,
            0.5495846265845807,
            0.10907025409299158,
            0.45081015677981207,
            0.20037307155600037,
            0.9839929332882943,
            0.4884610884274764,
            1.296510320858185,
            -1.0790487640079478,
            0.5817595952412437,
            -1.211430611991917
        ],
        [
            2.10167489829006,
            0.8322428445447212,
            1.028638926600471,
            -0.15248351831928889,
            -1.6409256670731505,
            0.0,
            0.5588353387375175,
            1.981823281118279,
            1.174762579033535,
            -0.5808728092081713,
            1.1916145925949753,
            0.4240919476735059,
            -0.4454635925260323,
            1.0275753200787032,
            -0.35614839963934436,
            -1.878267914283668,
            1.773856951658488,
            -0.18693598348628154,
            0.016328600925677648,
            -0.5112987241619072,
            0.2515901684072429,
            -0.043027179655519485,
            -0.7305921102219868,
            -1.1101561375995006,
            0.49796914873183584,
            1.7798727717943246,
            2.5163988572910836,
            0.5038687035796375,
            0.5086213535753773,
            -0.851398852292727,
            0.5970892184384917,
            -0.8131107389758354,
            0.948239162488364,
            0.3971095721114178,
            0.46876146527913914,
            1.0238287687544143,
            -0.7980826061781864,
            0.28364502865237,
            -1.1676393976136255,
            0.22415190347439254,
            0.08984849537004545,
            -0.17778935246687144,
            -1.1508634144252168,
            0.4853027958219566,
            -0.9697585832241639,
            -0.16883917533634815,
            0.6863636321797414,
            -0.08836872132675387,
            -0.23621165984497572,
            1.9282249708679204,
            1.7736428141447893,
            0.4128160811885079,
            0.7552362136012833,
            0.9500660884664841,
            -1.8439868539193838,
            -1.1096001977850152,
            -1.6809709177335999,
            1.722082119429848,
            0.4841720003457807,
            -0.5629076346660464,
            -0.19828128048924043,
            0.15735443116363362,
            0.1172021915687421,
            -0.2879450310887016
        ],
        [
            1.0847304611792679,
            0.2605996844738781,
            -1.1467250775125177,
            -0.11372350506543455,
            -0.880202985570931,
            0.5588353387375175,
            0.0,
            0.9540665927644694,
            -0.743932113338706,
            0.4535331174500526,
            -0.5653893549699238,
            -0.7018634049808983,
            -2.046458564781296,
            0.47372489797364975,
            1.2936897587145517,
            0.8846134769362523,
            0.27597736551498886,
            1.246988593326332,
            1.0158365993413134,
            0.3733531797559537,
            1.2478317254124376,
            -0.40463235372307893,
            1.6417514813204717,
            -1.4380050756985523,
            0.4318315150023474,
            0.2333067760459511,
            0.7642544549786081,
            2.3108112525841675,
            0.15272656291207412,
            0.7138765305977846,
            -0.9771936770075512,
            -0.6547057933592549,
            -0.7750943847758505,
            0.7869592454160116,
            0.595723760884949,
            0.620514298169504,
            0.7863781058042218,
            -1.330379074887289,
            -0.7445145909861774,
            -1.1797018534923485,
            1.3879745448045018,
            -0.9140224998785453,
            0.07464100756942782,
            0.5589350241932286,
            -2.1947210420556633,
            0.34478934790833515,
            0.033253787230337534,
            1.0669522135695944,
            -0.8983558821600663,
            -0.2439590914163798,
            1.5913482068274096,
            -1.8992454466243722,
            0.6131395173466216,
            0.7789842336730126,
            -0.4991232328959195,
            1.0423054984079516,
            -0.39420504985334326,
            -0.9605694311711246,
            -0.8312991750503494,
            0.37757450101649565,
            -0.9747103504696376,
            0.5511908065864358,
            -0.9106523145911712,
            -1.1761964544952666
        ],
        [
            -0.6832595474198098,
            -0.2249115601507439,
            0.5098468711040626,
            -1.284425256262927,
            -0.4774281640783817,
            1.981823281118279,
            0.9540665927644694,
            0.0,
            -0.5577032569837798,
            -0.0887387181324901,
            0.40523487838820843,
            1.8564864345248062,
            -0.8574599758892472,
            1.15711234438336,
            2.006051116767587,
            0.43880006535162486,
            0.5413992787103963,
            0.43138616951201597,
            0.22610792215651684,
            1.1320934714737367,
            -1.9054507242570375,
            -0.2867569410525643,
            -1.1316340223273522,
            -0.14914449482435066,
            -0.29838907006188553,
            1.7265690884303548,
            -0.8094474849846696,
            -1.121332806196978,
            0.5922531343155051,
            0.6046538916559195,
            1.7400140784787048,
            -0.6011021506492708,
            0.08762323259481095,
            -0.28515932745640593,
            -2.8421142128488173,
            0.6837546518212755,
            2.0601357836498577,
            -0.40687394998171417,
            -0.18102261109706821,
            0.5942153445388096,
            1.8617791608178043,
            -1.625366198526572,
            1.539839446477087,
            1.4825474985327203,
            0.38874193899772014,
            0.22145850509123252,
            1.410046102239586,
            -0.025631989338516743,
            -0.6795130863466468,
            -0.4703620092446745,
            -0.5422425363747237,
            -0.19787436158169142,
            -0.5775157313782464,
            -0.7654926614345287,
            -2.5126292130651713,
            -0.7165051539871148,
            -1.2996238977658283,
            -1.3373823335541342,
            0.31387753345100927,
            -0.3639198675698781,
            1.2822167994785376,
            -0.8727884574414912,
            1.1373125034208116,
            1.2847396997080258
        ],
        [
            0.47844642149223293,
            0.014009916520240624,
            -1.7293283634421384,
            0.7510803604498879,
            0.557544808504906,
            1.174762579033535,
            -0.743932113338706,
            -0.5577032569837798,
            0.0,
            -1.1289500427728814,
            0.22153481106514641,
            1.6123237790322165,
            -0.097470973209645,
            -0.8084607811837419,
            0.03930913481867224,
            -0.23177563504093238,
            -2.219502967968327,
            1.4875427625074664,
            0.5903240196313466,
            0.38483407848615814,
            0.3066272000290474,
            -0.716511195167231,
            0.06894142911640191,
            -0.3866917373875205,
            -1.8222751660099539,
            -0.5587552103009026,
            -0.225243941443704,
            0.4146111409826924,
            2.157577340745034,
            -0.10717379131148129,
            0.3208604603484132,
            1.4993813472123299,
            -0.39928752559960534,
            -0.5438568984165877,
            0.24100775487662127,
            0.05035074148311134,
            1.2721603865221318,
            0.16647435294608312,
            -1.0297953543184173,
            1.8974663184585647,
            0.40626309805358873,
            -0.16759718658151557,
            1.236365982989578,
            -0.3399901897338241,
            1.0333653052183587,
            -0.39826455484855094,
            0.2496116952276158,
            0.31135254574299015,
            0.7480097909627325,
            1.4952400988230687,
            -0.6848915432046314,
            0.9859742809984444,
            -0.29161593132277486,
            0.9440131175700267,
            0.14579116976745543,
            0.15573762863299837,
            0.17821671419474674,
            1.3575968878680575,
            0.0008337666195524191,
            0.3957783582213273,
            1.1465443617569981,
            0.6372796583068552,
            0.5638638507936343,
            -0.4544045793227448
        ],
        [
            1.0193288354711112,
            -1.20980411953592,
            -1.1559880511239786,
            -0.30535074703000553,
            -1.7128506932941696,
            -0.5808728092081713,
            0.4535331174500526,
            -0.0887387181324901,
            -1.1289500427728814,
            0.0,
            0.580463857468534,
            0.8267439395184627,
            -0.369058463570234,
            -0.1219572418781737,
            0.9074136157885242,
            0.3094645960148362,
            0.16615762658847905,
            0.6021806394682016,
            0.6473276486689117,
            -1.7282896101309773,
            -0.2710240870400586,
            0.0942906881760246,
            0.9492899557403666,
            0.2349299581978999,
            3.0774478127812257,
            -0.6355794013338227,
            0.6779089486134836,
            -0.04632523880526382,
            0.6624557930651376,
            1.0921605743688076,
            -0.9707194438230198,
            -0.8691645418887433,
            -1.6386739773468246,
            0.44983027263875225,
            1.5746944494556583,
            -0.03593968301374667,
            0.5767917609967025,
            1.2361461150108148,
            1.3894984535582295,
            0.9483552798429149,
            -0.5944023775807706,
            -1.1035527104574054,
            -0.15923460459921207,
            0.6382731087139468,
            0.5702617658099197,
            -0.4648298554651015,
            0.07468321785616454,
            -1.2422656118752278,
            -0.7503710453465132,
            0.45187213858950476,
            -0.07715848237462386,
            -0.4010361437613286,
            0.8157140713705562,
            -1.1075225614536,
            -0.05111772593187264,
            -0.48259964742543593,
            -0.2342631093175154,
            0.970315172348899,
            0.37070902501695124,
            0.6670669257638103,
            -0.15278872176661215,
            -0.305299517138306,
            -0.4796795628671234,
            -2.487690378225417
        ],
        [
            0.8204121705970387,
            -0.9591308885504155,
            -0.29290832463239264,
            -0.3350195602091335,
            -0.6450511390749881,
            1.1916145925949753,
            -0.5653893549699238,
            0.40523487838820843,
            0.22153481106514641,
            0.580463857468534,
            0.0,
            -2.0307154642928875,
            -1.5490051920584476,
            -0.7123630082051674,
            -0.08544472252526018,
            -0.09256592142493802,
            0.4454667190098132,
            2.5760087404482284,
            1.2652079838690096,
            2.1063566803218783,
            0.5018826974155542,
            0.5104326257447572,
            1.356900285287616,
            0.7247691482182134,
            -0.2198632024632541,
            -0.3426432747385344,
            -1.032792881192084,
            -0.7521249668553794,
            0.7455925391879545,
            0.6465451018916636,
            -1.8186960020232614,
            -0.025430569266141838,
            1.0551932502344874,
            0.9970449459224706,
            0.1130457919584731,
            -0.22527112542676292,
            0.7505201637580255,
            -0.6616879206879678,
            -1.681095527850393,
            -0.2715372218671907,
            0.3357892671423424,
            1.3062191570528179,
            0.9582172366731011,
            -1.5837420886167584,
            -0.047985402046582415,
            -0.3269584781127494,
            0.9429368429159526,
            0.25810021474262784,
            0.4417626448297639,
            -0.7821741799436984,
            -1.3312386398530602,
            -1.2156803817601594,
            0.7043364230961078,
            -1.6862625186024967,
            1.9604324193551919,
            -1.1113820441637885,
            0.36655337039625807,
            0.08743400634981076,
            1.2709581130826466,
            -0.0714662788269099,
            -0.7699073833400505,
            0.5035932595757914,
            1.8510231078582047,
            -1.049754549415917
        ],
        [
            0.41799144221351614,
            -2.204705449903508,
            0.2562681096993184,
            -0.8813369755045048,
            -0.5040777267570317,
            0.4240919476735059,
            -0.7018634049808983,
            1.8564864345248062,
            1.6123237790322165,
            0.8267439395184627,
            -2.0307154642928875,
            0.0,
            0.8976491650047514,
            1.5610095626531164,
            0.9967526505004388,
            -2.2776681460117656,
            -1.8178091859188241,
            -0.2623717919766628,
            -0.28518490987994083,
            0.47988403295215615,
            -2.1381675984087085,
            0.17173889206984175,
            -0.09314389624141475,
            -0.2653751371763639,
            -1.1568524467867314,
            0.9364719267173293,
            1.4027685680418194,
            -0.982236213219614,
            -0.15035746471896716,
            1.6001933909997577,
            -0.019316991841921947,
            0.9888126953620581,
            1.1798368891990376,
            2.2809709595887315,
            -0.8432710176163492,
            -1.579620274807493,
            -1.6248204801281951,
            -0.9971914861421634,
            -1.242384916164234,
            1.748728618386075,
            -0.13023234234097375,
            0.9175568314686872,
            -0.6766125849007782,
            -0.06806935697055636,
            -0.2601917023247852,
            -1.6993212878787942,
            -1.2092910559142094,
            -1.254926907170335,
            -0.7212585982166319,
            0.6997159570033741,
            1.7286837834973252,
            -0.1565201264545917,
            -0.5139446626326856,
            -1.3636718225741151,
            -0.43464203024558856,
            -0.12307381959860682,
            0.6655615177747014,
            -0.16011865009605825,
            -0.178766211398086,
            0.8494563967774175,
            -0.8371826999686158,
            0.6858893438627067,
            0.44587023862644537,
            -2.002768776453595
        ],
        [
            0.8621008386908324,
            0.9310029789097192,
            1.5764977753089016,
            -0.29383460380577725,
            2.328120361334475,
            -0.4454635925260323,
            -2.046458564781296,
            -0.8574599758892472,
            -0.097470973209645,
            -0.369058463570234,
            -1.5490051920584476,
            0.8976491650047514,
            0.0,
            0.5331710109800568,
            0.1762205419172102,
            1.4084565525098747,
            1.0312888760908905,
            1.0695622187004912,
            -2.0553644838480016,
            -0.5025962510678419,
            3.0005563978333916,
            -1.1932472825105143,
            0.6400676414919556,
            0.21334327093244065,
            0.6611918525608705,
            0.5890005938575787,
            0.42438345965083196,
            -0.7274101219937564,
            -0.22005859771034175,
            0.34592545233602334,
            -0.3710114704927152,
            0.7124388441407726,
            0.04392436728359284,
            -1.3021410749613676,
            -0.411823305763972,
            0.7629030341547508,
            1.1102602857457415,
            -0.6266768625784649,
            2.1416188504249525,
            0.29260688099373705,
            -1.5290885956759517,
            0.9040146537245521,
            -0.27737392894125984,
            -1.3390418241122388,
            0.46331008595364676,
            0.5382982979645816,
            0.13743161433903206,
            0.22536650780970843,
            -1.1690598267788124,
            -0.5652850517028741,
            -0.8948388639179791,
            -0.5245985310800808,
            0.3355074916862119,
            -0.7200248321400838,
            0.19089753330034512,
            0.4190677090575513,
            1.0856400056449542,
            -0.6399645470246529,
            0.08100882134150418,
            -0.616971589387511,
            -0.7921238502715239,
            -0.2279927904744648,
            -1.6070819912981729,
            1.259874744916177
        ],
        [
            1.1145908687586008,
            -0.6379848577995866,
            -0.0009225411357916428,
            0.4692640768985869,
            0.3599584499246937,
            1.0275753200787032,
            0.47372489797364975,
            1.15711234438336,
            -0.8084607811837419,
            -0.1219572418781737,
            -0.7123630082051674,
            1.5610095626531164,
            0.5331710109800568,
            0.0,
            1.7058249069129598,
            -0.8395410893692268,
            0.32501995859668253,
            1.975423758990644,
            0.1693912989823653,
            1.3487787240410383,
            0.7057762282197857,
            0.6742637236807001,
            0.10593340880780268,
            0.5824125901842538,
            1.3759045921364703,
            -0.3362986817986773,
            0.2255836201583444,
            0.20885952734091795,
            -0.36636983201032874,
            -0.0168901194666647,
            0.32094211092598834,
            -2.1059094151585724,
            0.030130756087125427,
            0.1435749593551358,
            -0.6666298647301371,
            -0.87192886579329,
            -1.2187380993001535,
            2.1671549714553375,
            1.0206869926063087,
            -0.6725121806081444,
            -1.0006645457096397,
            -0.4684686327693738,
            -1.268911380539215,
            0.08943230980515203,
            2.061202053566769,
            1.003997200913892,
            0.04348665072899745,
            -0.8001234417402829,
            -0.016939928899324573,
            -0.1051817342101226,
            -2.4138848232616565,
            0.926114315614389,
            1.0006671711981805,
            0.6069632778764381,
            -0.7789742707698144,
            0.6931074191453703,
            0.7345933728958018,
            0.7301938874149527,
            -0.6633445469916928,
            -0.6542250569861237,
            -0.8052038824706806,
            0.3857460303704992,
            0.8417098621733662,
            -0.401686426785597
        ],
        [
            0.11783110639698652,
            0.7293556748745991,
            0.8143305981429219,
            -1.4559855328852127,
            1.0321198456044036,
            -0.35614839963934436,
            1.2936897587145517,
            2.006051116767587,
            0.03930913481867224,
            0.9074136157885242,
            -0.08544472252526018,
            0.9967526505004388,
            0.1762205419172102,
            1.7058249069129598,
            0.0,
            -1.1058148014082567,
            -0.14222278155074805,
            -1.2086785589728355,
            -1.4815082985588166,
            -0.1397201286766514,
            -0.42085710986154035,
            0.2807262490977994,
            -1.0958826822049585,
            2.3758322266188867,
            -0.7606261380384369,
            1.1444693952027827,
            -1.9024803762183236,
            0.08987894837997078,
            1.1192940519856271,
            -2.1811666758108577,
            -1.9985093477054674,
            0.29533340164227123,
            1.8337057016781204,
            -1.9224316903365173,
            -1.0472489724257614,
            1.9005163421550606,
            0.22120940481328694,
            -0.8784150469654483,
            -2.4645488807535245,
            0.32985525550197353,
            2.1837176882819103,
            0.8631856545338704,
            -0.10096496060706035,
            0.967655730406471,
            -0.5923367027910189,
            1.964922359829772,
            -0.5083277545039306,
            0.6073578863879051,
            1.0291689906593653,
            -0.7056936603419199,
            -1.1306140388527488,
            0.10493292490941773,
            -0.3996020790476365,
            0.9660272222770386,
            0.8525078754584413,
            -0.45501312398460203,
            -1.4210635423969213,
            -2.2244282986440678,
            -0.7471972423438464,
            0.3768815023207623,
            0.6521054429957576,
            -0.1152491675180425,
            0.9047679640031411,
            1.7254674051698917
        ],
        [
            -0.005317654853494963,
            0.17123250419344216,
            -1.4817319536757407,
            0.0162770834771536,
            -0.7072359974753318,
            -1.878267914283668,
            0.8846134769362523,
            0.43880006535162486,
            -0.23177563504093238,
            0.3094645960148362,
            -0.09256592142493802,
            -2.2776681460117656,
            1.4084565525098747,
            -0.8395410893692268,
            -1.1058148014082567,
            0.0,
            -1.9416342082042362,
            0.7169937088914772,
            -0.037543158506507475,
            1.4291223078974693,
            -0.47433899579749467,
            0.8914519474173158,
            -1.022272594952459,
            0.11266157293617705,
            1.0528660889717314,
            -0.4787313217170349,
            1.403574770041134,
            0.21269110375478564,
            -0.5035479794471918,
            0.4441236255113903,
            -0.4304807513112228,
            1.954211978779576,
            1.0292517590212067,
            0.34692350130692257,
            0.8353711070035451,
            -1.1826419333266163,
            0.2094563729694139,
            -1.0123784948467272,
            1.283121306198268,
            0.9023378188654366,
            1.20848355348656,
            -0.5811767484005764,
            -0.3906743983424982,
            0.3235000045901162,
            0.6234841476735582,
            -1.1935624416349886,
            -1.0543301499119602,
            -0.9955468739470905,
            1.2483863244367677,
            0.6925935753081915,
            -1.5301245547587565,
            -0.019280285860463035,
            -1.5820436531596787,
            -0.4532816449381671,
            -0.8822620701200011,
            0.7486232272186618,
            -0.5803393190138628,
            2.8236855384539212,
            -0.40911919716988454,
            0.6422124878561415,
            0.40567815987786315,
            0.9064743442498482,
            -1.2575696442534772,
            -1.2108347372322805
        ],
        [
            0.391461994318587,
            -0.7651875188731155,
            0.48753119540278367,
            0.5725704304903145,
            -1.0112155767423328,
            1.773856951658488,
            0.27597736551498886,
            0.5413992787103963,
            -2.219502967968327,
            0.16615762658847905,
            0.4454667190098132,
            -1.8178091859188241,
            1.0312888760908905,
            0.32501995859668253,
            -0.14222278155074805,
            -1.9416342082042362,
            0.0,
            1.3948958594817729,
            -2.5359516741059274,
            -1.2696878566429222,
            0.4790852584433257,
            1.5887346254172034,
            0.3139904633645673,
            0.4054835808831456,
            -0.8250510356611925,
            -0.9011077370527166,
            0.4207727599561956,
            0.11134590118623484,
            2.1540431022825532,
            0.4006703934534572,
            -0.9249266353922616,
            1.2718431115860152,
            0.14410576225658606,
            -0.2965292076150711,
            0.5041892966967997,
            -1.535249422018392,
            0.6372451469247411,
            -0.20261373486344356,
            -1.4692808207384702,
            0.4271445196600568,
            2.110000064795801,
            1.205683705855396,
            0.5090623628943921,
            -0.29493459083778517,
            1.2617520663918698,
            -0.6998486594351644,
            -0.574427958848075,
            -0.4942830059822561,
            0.6310145183838227,
            1.088604402717849,
            -0.6445581016947496,
            -1.510926790401326,
            1.1127230248952598,
            1.4627423435933127,
            1.6639666692435373,
            -0.8991208872714254,
            -0.29315885192106955,
            -2.305945219137368,
            0.5134610143779718,
            0.6125929642564295,
            -0.2725606598451233,
            -0.007109040330306866,
            0.6095267151826728,
            1.2530952366962045
        ],
        [
            1.1633988437167353,
            -0.6672136664793504,
            -0.985726967613166,
            2.3628435408189357,
            0.5823333582925749,
            -0.18693598348628154,
            1.246988593326332,
            0.43138616951201597,
            1.4875427625074664,
            0.6021806394682016,
            2.5760087404482284,
            -0.2623717919766628,
            1.0695622187004912,
            1.975423758990644,
            -1.2086785589728355,
            0.7169937088914772,
            1.3948958594817729,
            0.0,
            2.077743259674392,
            0.9602923890611439,
            -1.595932210511294,
            -0.9320388753945223,
            -0.09552089491950366,
            0.36002770708634435,
            1.4427015221845905,
            0.10385047135675136,
            -0.8029419205633908,
            0.8396809775163375,
            -0.6945395880617629,
            -1.2459082828186836,
            1.2472489126631823,
            -0.6193409858204288,
            0.780770433782948,
            0.7117082901061661,
            0.512702791087478,
            -2.429921870852076,
            -0.7156313861222087,
            0.06525756096890253,
            -1.5714374812312688,
            1.3434958028824882,
            0.23140600578495218,
            2.134964616283516,
            1.3535188531335562,
            -0.08415092858048126,
            -0.9555396980730015,
            0.26347467282848414,
            -1.0728289761299983,
            -0.3417305174173488,
            -0.19012197788045226,
            0.28056162465566986,
            1.4958925373310334,
            0.38815903392618945,
            1.2739080462717691,
            -0.8920934242838858,
            -0.5329095218848319,
            1.7258867980641508,
            -0.33202674658215064,
            0.8469743525952533,
            -0.24189710184459468,
            0.4418598473054643,
            -0.18092698411657476,
            -1.3034154389221178,
            0.6242009905088799,
            -0.10041076683287231
        ],
        [
            -0.1195601005102234,
            -0.029963082110670895,
            0.6288688225587848,
            -0.33181558259513605,
            -1.5036308731276817,
