{
    "N": 64,
    "id": "c645fcbc-a7bf-4c66-8541-f29d179fe297",
    "problem_type": "SK Spin-Glass",
    "distribution": "gaussian",
    "spins": [
        -1,
        -1,
        -1,
        1,
        -1,
        -1,
        -1,
        -1,
        -1,
        1,
        -1,
        1,
        -1,
        1,
        1,
        1,
        -1,
        -1,
        1,
        -1,
        -1,
        1,
        1,
        -1,
        -1,
        1,
        1,
        1,
        -1,
        1,
        -1,
        -1,
        -1,
        1,
        -1,
        -1,
        -1,
        1,
        1,
        1,
        -1,
        -1,
        -1,
        1,
        -1,
        -1,
        -1,
        1,
        -1,
        -1,
        -1,
        1,
        -1,
        -1,
        -1,
        1,
        -1,
        -1,
        -1,
        -1,
        -1,
        -1,
        -1,
        -1
    ],
    "couplings": [
        [
            0.0,
            0.310910895249037,
            -0.7233752562838532,
            1.1587266980536004,
            0.6632385498727409,
            0.5924612296267732,
            0.06818653388445445,
            -1.0769265511327804,
            -0.6548698296237356,
            -0.9097700696907091,
            0.5954944257848128,
            -1.0198125971760579,
            -0.09672077981417654,
            0.018457623817571378,
            -1.0535533581666578,
            -0.8135735364734707,
            0.5968178974572026,
            1.173716583937916,
            1.3831044945846762,
            -0.4971035304297549,
            -0.44131468274097013,
            1.2739017771523027,
            0.204607360248364,
            -0.3439672813962653,
            -1.4880621383322286,
            0.4906775415881647,
            -1.6168725817270986,
            0.01865909331074174,
            -1.680292009371804,
            1.2012225238489458,
            1.5925816295288626,
            -0.910357567536953,
            0.5478724154693548,
            -0.8007365719668138,
            -0.5808968274547719,
            0.21451570728370087,
            -1.305539347164508,
            1.0698568303711777,
            0.2520432898277736,
            0.7502526944341014,
            0.009046524220228445,
            0.6279658555595096,
            0.6609889979996558,
            1.2138743533623995,
            -0.653691890973655,
            0.44438912276489534,
            0.6992721494255635,
            -0.1561029848720797,
            0.8400849065125064,
            0.3579256604408684,
            -0.8430016704331038,
            -0.4674255085309774,
            0.05280114735738519,
            1.1449174060376313,
            -0.2611541934993732,
            -0.9622347543358429,
            -0.13077973516188318,
            1.1163968243365932,
            -0.616509779357651,
            -0.7120904603655656,
            0.4344516397449258,
            -1.514033876564652,
            0.11088455383991154,
            1.1757837869206555
        ],
        [
            0.310910895249037,
            0.0,
            0.5195174076757282,
            -0.5381585741994802,
            -1.213237591698072,
            1.1861169387155293,
            -0.3810092103653949,
            0.591223891072761,
            -1.3964002723315505,
            -0.5748824458856817,
            0.8063439182172432,
            0.7560070516590564,
            -0.612755568645829,
            -0.9759232644139045,
            -2.2344639183845887,
            0.027389421837011083,
            0.2681221986913441,
            -2.066730888122902,
            0.015251554527745296,
            -0.6777223619630166,
            -0.5885748501976735,
            -0.1754445301644059,
            0.8841919473153704,
            -0.24099104380476963,
            -0.968136803342149,
            0.32570545619805247,
            -0.161725990212403,
            0.11116992095087182,
            -0.6568852509009027,
            0.8644675647326364,
            -1.0948930706587277,
            -0.47567874810967065,
            0.07118000927753251,
            -0.42022954472906876,
            1.6530525213894989,
            -0.16495633031425896,
            0.4786380479902582,
            -0.12734662652551282,
            -1.0296252189708077,
            -0.8091188609617405,
            -0.7663547942874627,
            -0.3968932550472862,
            -0.35582617273789313,
            1.4353958671868499,
            0.14332750066333888,
            0.4921948087519784,
            -0.6012149771245349,
            -0.6540080162409783,
            -0.8709002975153394,
            -0.9337445928079816,
            1.6008336846979208,
            -0.10459902581950552,
            0.02082006125548429,
            0.9732542932960856,
            -1.0887221205933184,
            -1.5282959444623563,
            -0.28287671691747607,
            0.31544563897261596,
            0.466811418854751,
            0.5990442077655284,
            -0.7928706843228382,
            -0.2560938877750412,
            -0.11881649064753304,
            -1.0318694160796507
        ],
        [
            -0.7233752562838532,
            0.5195174076757282,
            0.0,
            -0.9842380740789214,
            0.8784892399270382,
            0.7337640954164683,
            0.28948255708825493,
            -0.09957030865985891,
            -1.3939488204150612,
            0.23599238466838057,
            -1.686964472583561,
            -0.8454946560740896,
            -0.7556272885492217,
            -0.91176589992567,
            -0.8130733456009893,
            -1.294081921152108,
            1.755483372520093,
            0.042351514706230595,
            0.3966909102305072,
            -1.9356558857345718,
            -1.1850087865063732,
            1.3302658174148727,
            -0.0230502270505417,
            0.6893298076707599,
            -0.8039710161322289,
            0.7868262835147761,
            0.7909169026725745,
            0.4140106235822939,
            1.1997409441797953,
            0.24542046989260186,
            0.6553468954608018,
            -0.4696678990478236,
            1.5409564916952225,
            0.3333901872899271,
            0.4593068728935492,
            -0.6440116009913437,
            0.7316559502737076,
            -1.0285478202612635,
            -0.06886403091269938,
            -0.7304270123252382,
            0.12641478738886203,
            0.8489157790223926,
            -0.4041457033046038,
            -1.0963342518933068,
            -1.8436506053805406,
            -1.2080027932761825,
            -0.014142605938775822,
            -0.16652361564578866,
            0.1695618294615015,
            1.6476430539881528,
            -0.1532908482161744,
            0.43294300960304727,
            1.0395244001972792,
            0.7802463115062933,
            1.3497492745841342,
            -0.04393110181074747,
            -0.0977264191872847,
            0.6665346430420254,
            0.49337837565544357,
            -0.2232671099973641,
            0.18049997237870793,
            0.19905776505351222,
            -0.27040863081177996,
            0.9571795216664402
        ],
        [
            1.1587266980536004,
            -0.5381585741994802,
            -0.9842380740789214,
            0.0,
            -1.5180531978003353,
            0.19720490031825338,
            2.1272291524903255,
            -0.7187138302327312,
            1.0698283373414772,
            1.4172635500934552,
            0.6667939087294152,
            2.934000432450175,
            -0.15463454469944898,
            -1.0110664237699907,
            -0.6679475652424064,
            0.587031895837518,
            -2.480122265314346,
            -0.27123125441422297,
            0.6353900294619215,
            -0.04189443453591348,
            0.30880668534936756,
            0.011232868466887603,
            -0.824324654795755,
            -0.5585117650777559,
            -1.7228138649535847,
            -1.2986824372745642,
            -1.5664412246516721,
            0.5129010037437928,
            -0.9129944609757511,
            -0.7710343586529337,
            0.12089570730750995,
            0.1575757965759116,
            -0.07627596136374286,
            -0.688683298193671,
            -0.5860240468682502,
            0.9146314919566949,
            -0.21345266306339392,
            -0.4835308096466329,
            0.8747035300814541,
            -1.092344149922571,
            1.3110607644087615,
            -0.7676496595841017,
            -1.063146079764225,
            0.2755981719891452,
            -0.2520334301354952,
            -0.2684891116763772,
            0.9827167683936348,
            -1.247909786532526,
            -0.2806232495753603,
            -0.877695444440793,
            -0.6182096156273851,
            -0.6594338133887704,
            -0.06815236075015368,
            0.8403947162299273,
            -0.6396952453162155,
            1.2743937207693565,
            -1.1550301338886726,
            -1.4185482490201669,
            1.3462050484758403,
            -1.5608358717379995,
            1.214342978234876,
            1.3483020183015162,
            0.29712916538962975,
            -0.24981598417045817
        ],
        [
            0.6632385498727409,
            -1.213237591698072,
            0.8784892399270382,
            -1.5180531978003353,
            0.0,
            -0.08969094776661876,
            2.0164910703922243,
            -1.0759783590941332,
            -1.5192646668869563,
            -1.1849619743774995,
            0.9056037057800331,
            -0.2735469630558082,
            -1.3155825331361215,
            -0.773671995888227,
            1.015327167217624,
            -0.3572092480533576,
            -0.8750398488069299,
            1.1184542612745534,
            -0.32655499287521,
            1.6185904308136976,
            -1.187518990641903,
            1.8089618690044993,
            -0.9114277792516472,
            -1.6123861727426498,
            -0.35189950190123115,
            -0.42424835520248694,
            0.4732202114459144,
            -0.12728672360769078,
            -0.4865209507883182,
            -0.8132043330670213,
            0.6546967202299628,
            -1.367769533969412,
            0.05807553592643356,
            -0.8568830582714868,
            -0.6347726472308904,
            0.03700630547508591,
            1.1628089528634296,
            -2.102087564493303,
            1.3672603256478628,
            -0.09686438859446142,
            1.3326322417101175,
            0.4470936475868286,
            1.5336719361183768,
            0.2741949018311385,
            0.4544335285458839,
            0.05772951583587969,
            2.084161892654,
            -1.624439931348532,
            -0.9759962882244486,
            1.3823690681296952,
            0.10495105222215671,
            -0.10239055763241041,
            1.2831017340627984,
            1.6430274754446819,
            0.7710380443172228,
            1.7575033698001408,
            -1.299905273662575,
            1.6997456613234625,
            -0.4451650316359982,
            -0.45738361120408005,
            0.36427203351676507,
            0.1866575716411231,
            0.4770027402563394,
            0.46664655097412394
        ],
        [
            0.5924612296267732,
            1.1861169387155293,
            0.7337640954164683,
            0.19720490031825338,
            -0.08969094776661876,
            0.0,
            -0.7268449968075654,
            0.14898015229137912,
            1.4641596406891904,
            -0.09833801298855399,
            0.30690118735599403,
            1.369772507110328,
            0.6696693936352028,
            -0.7311141287087387,
            -2.262958009814302,
            -0.406092549836316,
            0.4947128383776148,
            1.0691801230223343,
            0.008009430651651743,
            1.039707993780064,
            -0.2425621882276797,
            0.7904703567094078,
            1.0852936082060152,
            0.9976851368841683,
            0.43705039278474733,
            1.7390678528116026,
            -0.09718114862868246,
            -0.6443697208934209,
            2.094232037753558,
            -1.7041470819793691,
            0.966026831270893,
            -0.3459157770345981,
            0.9760866539449868,
            0.5680327449772032,
            -0.8206692508703061,
            0.7989299903602797,
            -0.5266900373291763,
            -0.8628528500945053,
            0.667729048936709,
            0.8997146889850371,
            0.5447380270905567,
            0.3611739969837116,
            -0.2197646367996002,
            -0.8118008449185057,
            -0.6358440889719877,
            -0.40051587981331505,
            0.2892423373020296,
            0.9590341469271865,
            1.3329404814059462,
            0.7524792122814895,
            0.8016257182003208,
            0.234982760871911,
            -0.6255235225639556,
            1.3647907363471008,
            0.6789412382132152,
            0.651890341485076,
            0.6925412978118608,
            -0.7321911842820564,
            0.8079375971086501,
            -0.5028542391673483,
            -0.40898034210904877,
            -0.5829370773909587,
            1.0630702489207293,
            0.6197151248383479
        ],
        [
            0.06818653388445445,
            -0.3810092103653949,
            0.28948255708825493,
            2.1272291524903255,
            2.0164910703922243,
            -0.7268449968075654,
            0.0,
            0.0996091470190581,
            -2.278851640902672,
            0.431052930904021,
            1.305917161261019,
            -0.3501256900831243,
            0.8323156931012925,
            0.047189001413366995,
            -0.30917207099957356,
            1.23543555604055,
            1.5743020934803105,
            0.266130913586015,
            0.37213335893166827,
            0.9724324308800228,
            2.312199958054813,
            1.5464775782030067,
            -0.005808577902159466,
            -0.5700728990093037,
            -1.4415785887516426,
            0.12335901600310864,
            -1.1769975505503856,
            0.3077748531316477,
            0.11604353555231306,
            1.0269897847583627,
            -0.3732162755376955,
            0.620937306726598,
            0.6784190317355067,
            0.4221178534767885,
            0.8072073992481256,
            -1.0097744607872476,
            -1.0624780328321146,
            0.6227658601513599,
            -0.877023538511229,
            -0.510017596509804,
            0.46210729721375804,
            -0.6759018483598725,
            0.39845545601990173,
            0.415458732533809,
            1.1026835419297063,
            -0.9274634808872474,
            1.9981468921601362,
            -0.2564072164566595,
            8.651085979400841e-05,
            -1.5133101334183356,
            0.4235298407217101,
            -0.9354856387030238,
            0.14122129538056138,
            1.0937395871509203,
            -1.49893656081159,
            0.8345137839155227,
            -0.13391634207908817,
            1.5553199529202812,
            1.679542537478324,
            1.264832863792314,
            0.16385669572414174,
            -0.452082550879572,
            -0.3919150771445347,
            0.6410332649823831
        ],
        [
            -1.0769265511327804,
            0.591223891072761,
            -0.09957030865985891,
            -0.7187138302327312,
            -1.0759783590941332,
            0.14898015229137912,
            0.0996091470190581,
            0.0,
            -1.364450566699907,
            -0.5012994608713814,
            -0.8702772954358005,
            0.4507450178874944,
            0.7544330702220634,
            0.25824732675652834,
            -0.7079939404901865,
            -1.2813875212945578,
            -0.23200155359278454,
            -1.2721933995375705,
            -1.684284346804497,
            1.5933552613364501,
            -1.0636669659112603,
            0.13413430011195973,
            0.4492461424268216,
            -0.21287074342819828,
            0.7571499075875782,
            1.181765995096307,
            -0.9321787109280723,
            -0.3027949847415382,
            -1.4065901916161787,
            -0.38418018575391005,
            0.20062351314902166,
            0.1273799650691896,
            0.09716268092572179,
            0.9060504088218544,
            -0.2483423968124352,
            0.04648462779331999,
            -0.16506129491110347,
            1.2758321813496594,
            -0.4847774293377923,
            -0.49911560449190695,
            0.005558043771173811,
            0.0063617547981295215,
            0.713840331691957,
            -0.9418308564831921,
            -0.08969924131707309,
            -0.03314717825359181,
            -0.48854446644876787,
            -1.154900129143189,
            0.7846955353080488,
            0.7548922350222006,
            -0.6820178622128396,
            -1.2281473150572593,
            -0.6154750129438409,
            1.0440400951713964,
            -0.09880732331522459,
            -1.5418634358340582,
            -1.9812773767985208,
            1.1188308145734627,
            1.7646177264460208,
            0.4727674972010041,
            0.4393564844790344,
            -0.2716184775237359,
            0.7749327516884466,
            0.18054942089181342
        ],
        [
            -0.6548698296237356,
            -1.3964002723315505,
            -1.3939488204150612,
            1.0698283373414772,
            -1.5192646668869563,
            1.4641596406891904,
            -2.278851640902672,
            -1.364450566699907,
            0.0,
            0.8586502814590142,
            -0.7013905048346688,
            1.7898085784455133,
            1.015947454892322,
            0.31040869403535504,
            0.24421223235020725,
            0.887455864482418,
            -1.4920403326036904,
            -0.34572156944988186,
            -0.32664395242832306,
            0.82587216634984,
            -1.3172940289802513,
            0.5207308980969143,
            0.4101190917506054,
            1.0955844403121293,
            -0.26044237003022647,
            -0.4176570056788669,
            -0.09264510831657918,
            0.8653841134261621,
            1.626433435766157,
            0.3684700183422677,
            0.07458249965926908,
            -1.6274631085719484,
            0.19427495878681622,
            -0.4458016308512005,
            -0.2608304733192705,
            -0.44807513505981084,
            0.8786143810492079,
            0.8593609366320197,
            -0.895262508098903,
            1.0227809244363186,
            2.016283346130296,
            -0.5647084458665403,
            0.6664233039948185,
            1.6743557849223456,
            0.6209276379420708,
            1.8920768520451354,
            -0.9031517886389676,
            0.33265271627451176,
            -1.543993640139341,
            -2.15271208746657,
            1.004866179736715,
            -1.1282399961992426,
            2.067801673451893,
            0.4414603429464335,
            1.678397858513961,
            -2.0576113141650643,
            -0.5088695719231326,
            -0.4538709732820193,
            0.6583047693159773,
            -0.16008277161042125,
            -0.14797747082866292,
            -1.1181503927491583,
            0.515188997184917,
            -0.6792081613424482
        ],
        [
            -0.9097700696907091,
            -0.5748824458856817,
            0.23599238466838057,
            1.4172635500934552,
            -1.1849619743774995,
            -0.09833801298855399,
            0.431052930904021,
            -0.5012994608713814,
            0.8586502814590142,
            0.0,
            -0.6630498484323603,
            -0.6558633176112607,
            1.2907419328136625,
            -0.24336734800938015,
            -2.0032738288401983,
            1.408347494665797,
            0.5822684838106623,
            -1.499135069562829,
            1.73500865847515,
            0.42505984151393045,
            -0.41229822783058007,
            -0.7499456261688989,
            -0.5071313232985845,
            0.6222903853752371,
            -1.5339055690722034,
            0.3493290929947072,
            0.26672187700167255,
            0.4259649238851854,
            0.06249857830680825,
            -0.7357978248913501,
            0.7633253490099854,
            0.5470041208773523,
            -2.620932229760781,
            1.2641320377859484,
            -1.4816447135833641,
            0.3747910190987307,
            1.053127350466076,
            0.27066860424073463,
            -1.368707763412383,
            0.5952203049529966,
            -1.2454094018153292,
            0.05830156007951408,
            -0.8562727884350929,
            0.8530185774998922,
            0.9619859711058991,
            2.469536443076035,
            -0.020783575566696667,
            0.5003363342600039,
            1.4793348303189504,
            -1.9751057284222961,
            1.7302855199780474,
            1.169685446885008,
            -0.2613787044068364,
            -1.4529346522258253,
            -0.7753036733191336,
            0.01447795506834536,
            0.17119849331311582,
            -1.5914947190351918,
            -1.2623621974648176,
            0.8766853606980654,
            1.1827612972714785,
            -0.7768061203906796,
            -0.7725578929410772,
            -0.7459390310417068
        ],
        [
            0.5954944257848128,
            0.8063439182172432,
            -1.686964472583561,
            0.6667939087294152,
            0.9056037057800331,
            0.30690118735599403,
            1.305917161261019,
            -0.8702772954358005,
            -0.7013905048346688,
            -0.6630498484323603,
            0.0,
            -1.1217980957399518,
            1.1158233941488718,
            -0.6355125364110467,
            0.4377517862499505,
            -0.3765623383170562,
            1.22193994390879,
            -1.4283405647505942,
            -0.9287686736410931,
            -0.30381078416125396,
            0.48306863703964187,
            -1.6181708791375915,
            0.21743729121150782,
            0.1357819802453558,
            0.805721832663526,
            0.20513599017282302,
            0.0493316493319941,
            0.8575766069335824,
            -0.5780074375829723,
            1.5676439693611801,
            -1.183869023297741,
            -0.664747924831607,
            -1.2318285172719314,
            -1.1310559619962157,
            1.023413910505034,
            0.15113139036098167,
            0.5016736477618823,
            0.6321731285579377,
            -1.3247527922036748,
            -1.2247069227005756,
            0.7703544567112472,
            -0.10178648806207029,
            -1.158384143457241,
            1.076029627150869,
            -2.1020807081491255,
            0.9064660751746635,
            -1.0364828800577166,
            0.6656418839290162,
            -1.4573517751288045,
            1.8393937041014174,
            1.9177223730949435,
            0.2204821922970077,
            -0.5921254432195522,
            0.6976688542614164,
            1.4958596592164117,
            0.12414647970692835,
            -0.0061387437869899015,
            -0.16684955769920362,
            1.808961028960667,
            1.7417176410736528,
            -0.3012255456425572,
            -0.5989121575308992,
            -0.0018479115326083726,
            -0.5023128811011508
        ],
        [
            -1.0198125971760579,
            0.7560070516590564,
            -0.8454946560740896,
            2.934000432450175,
            -0.2735469630558082,
            1.369772507110328,
            -0.3501256900831243,
            0.4507450178874944,
            1.7898085784455133,
            -0.6558633176112607,
            -1.1217980957399518,
            0.0,
            0.934733890121905,
            -0.7302661942522809,
            -0.6402415423349231,
            -0.0712148982083906,
            -0.7986523141977836,
            0.02893823140739919,
            -1.6911066263701766,
            -1.1366743507099446,
            1.0397993151866405,
            -0.747787844498755,
            -0.3365718773728887,
            -0.37353572635669324,
            -0.6111519614806298,
            -0.18231980844505996,
            0.007925875245018785,
            -0.017716042771745818,
            -0.9721654044106829,
            1.715571905559154,
            -2.152362697348394,
            0.46894360459051454,
            0.5803536397402418,
            0.24152394727806,
            -0.0823116454955068,
            -0.5315290956624074,
            0.15552907605257257,
            -0.971338124966582,
            0.022646248680225783,
            0.4692821603039381,
            -0.7860952256691653,
            -0.10562882228206628,
            0.11744327823018794,
            -0.38467525975975286,
            2.6907943032340675,
            -0.8426020099364532,
            0.8681384012689431,
            1.1166755279106575,
            -0.16338238031927524,
            -0.2946638098974704,
            0.4511959426199526,
            -3.5438682926156795,
            0.5844945465868229,
            0.1545676467010312,
            -0.09329456524010013,
            -1.7427773337330117,
            -0.2463170595959256,
            0.6929466190461901,
            1.390574785770067,
            0.7026216354691228,
            0.7524572526407078,
            -0.26018963023937713,
            0.757092516944192,
            0.9387572969820842
        ],
        [
            -0.09672077981417654,
            -0.612755568645829,
            -0.7556272885492217,
            -0.15463454469944898,
            -1.3155825331361215,
            0.6696693936352028,
            0.8323156931012925,
            0.7544330702220634,
            1.015947454892322,
            1.2907419328136625,
            1.1158233941488718,
            0.934733890121905,
            0.0,
            -1.1537477437467285,
            0.39104250116203865,
            1.1915184447757576,
            0.3546779379348023,
            1.335250456076479,
            -0.8310934937903538,
            1.0608686101768106,
            -0.5519373849491802,
            -0.0711699312137405,
            -1.686997886987201,
            0.2451526763053607,
            -0.0999038914657641,
            -1.6846772248381707,
            -0.2758144396068821,
            1.4118639528529224,
            -0.5094073311649755,
            -1.9709487079680201,
            -1.3563377825162208,
            -0.8985320093945567,
            0.11672497203866126,
            -1.4084152725465464,
            -1.6736278106078044,
            0.06563116161464949,
            -0.04364589136214901,
            0.17249138117802615,
            -2.4055241140597907,
            0.4201169229032514,
            0.0019250578636102768,
            1.1063082438316372,
            1.132916070783309,
            -1.351706011637066,
            2.5093529234346605,
            0.26477942956201955,
            2.0579950423498885,
            0.4136319727991552,
            -0.19120906476619656,
            -1.3628606515062254,
            -1.304020593773986,
            -0.5429487391196127,
            1.9007655407721737,
            0.015852336330891444,
            -0.37682844981636754,
            0.3848737935794577,
            -0.9050005930242982,
            -1.7074365954229438,
            -0.07245853889839952,
            1.7355341038228038,
            1.336001382867007,
            -0.46356262901590367,
            -0.028339259226777574,
            -0.5929618470117903
        ],
        [
            0.018457623817571378,
            -0.9759232644139045,
            -0.91176589992567,
            -1.0110664237699907,
            -0.773671995888227,
            -0.7311141287087387,
            0.047189001413366995,
            0.25824732675652834,
            0.31040869403535504,
            -0.24336734800938015,
            -0.6355125364110467,
            -0.7302661942522809,
            -1.1537477437467285,
            0.0,
            0.12334762477596932,
            -1.1175077332474306,
            0.32504018363403947,
            0.9643621244641194,
            -0.03180993548587685,
            -1.3133562653162796,
            -1.4618515807503865,
            1.7009434321743715,
            -0.261777957475423,
            -0.40676265055594324,
            -1.343001547005896,
            0.611905404609587,
            -0.37043158900625495,
            1.1541647802159314,
            0.2727704847303927,
            -0.4614556023602976,
            -0.4734403272780094,
            -0.5045638386116906,
            0.24937949950230848,
            0.6122613205873025,
            -0.9180406681033043,
            -2.1356337606182807,
            -0.30384695233106984,
            0.5566675828828972,
            -0.14745421446584384,
            -0.20905438011689195,
            -0.028359664515287833,
            -0.3579346247604031,
            -0.954424651486086,
            1.2015503243422785,
            1.0522982447985314,
            -0.36474572453794585,
            0.6516536768022044,
            -0.5492730185959666,
            -0.5241404406092811,
            0.6557068593936208,
            1.5519610660359555,
            0.6887727729681102,
            -0.7154671927110358,
            -0.08106037174105288,
            2.038211462669308,
            0.9604278487287486,
            -1.0957513999811228,
            -0.5718510372233249,
            1.9334032223222677,
            0.3749202499482007,
            0.33895222297456007,
            1.9759828704659437,
            1.395311073955934,
            1.0617847425703664
        ],
        [
            -1.0535533581666578,
            -2.2344639183845887,
            -0.8130733456009893,
            -0.6679475652424064,
            1.015327167217624,
            -2.262958009814302,
            -0.30917207099957356,
            -0.7079939404901865,
            0.24421223235020725,
            -2.0032738288401983,
            0.4377517862499505,
            -0.6402415423349231,
            0.39104250116203865,
            0.12334762477596932,
            0.0,
            1.3024364947873006,
            0.030575982134501675,
            0.23377932242427524,
            0.42223643995180704,
            -1.141904696125303,
            -1.1064563390849558,
            -0.057599559925064235,
            -0.4554731892765326,
            1.148415069307317,
            1.213603258729583,
            0.7384147956269612,
            0.2820819600474779,
            1.40659890548755,
            -1.8181650468260628,
            0.24872341126241282,
            0.026506228610281384,
            -0.17244275143295087,
            1.1224825631330442,
            0.3374853105512542,
            1.5683163520539465,
            1.0307621283499144,
            0.5575766802509311,
            1.3853360582729317,
            1.3938477085537577,
            -0.007739908012657465,
            -0.6213273076733115,
            -0.4888391644408872,
            -0.48468219254586764,
            -0.7107814637640812,
            -0.2876304495859195,
            -0.26076348059576165,
            -1.4210321843013027,
            0.7394002633843123,
            0.306624797537902,
            1.3137471143818789,
            0.0925354299806142,
            0.3987052165462776,
            -2.4665422044228364,
            -0.35302386765982907,
            0.12498722809709052,
            0.7017972670305982,
            1.0966881176296508,
            1.015180266408502,
            -0.373545508363449,
            1.8336384645912207,
            0.32223110186298737,
            -1.0760696047733207,
            0.5964138532907365,
            -0.2434318958018222
        ],
        [
            -0.8135735364734707,
            0.027389421837011083,
            -1.294081921152108,
            0.587031895837518,
            -0.3572092480533576,
            -0.406092549836316,
            1.23543555604055,
            -1.2813875212945578,
            0.887455864482418,
            1.408347494665797,
            -0.3765623383170562,
            -0.0712148982083906,
            1.1915184447757576,
            -1.1175077332474306,
            1.3024364947873006,
            0.0,
            -2.58694966794734,
            -0.5154659088773913,
            -0.973088256598284,
            0.4734351862672678,
            -1.1713455549416192,
            -1.1680149331442249,
            0.5481502309994696,
            -0.6130613434644593,
            -1.2474056735555599,
            -1.542759967560244,
            0.3679284573922261,
            0.6066989130718438,
            1.4388755748104745,
            -1.0654190056613986,
            0.504695493194252,
            -1.1749670705109705,
            -0.6710344139861623,
            -1.4876656058679745,
            -0.49706042318405885,
            -1.690071687282055,
            -0.4166034227388265,
            -0.5537365436278561,
            -0.5555112817923992,
            0.539972994461076,
            0.2408599091956812,
            -2.11868502409311,
            0.2502122949063802,
            -0.9371488054233604,
            2.1436853839676235,
            -0.8959577941285805,
            0.014963882157846213,
            -0.756280007889885,
            2.3109799204134167,
            -0.5119353064819354,
            -1.1356207234853941,
            1.2737306329168627,
            -2.5420245962686305,
            0.7938122183603807,
            -0.015546777751005837,
            0.620401007983591,
            0.5737639971177306,
            -0.703348103879268,
            -0.8939731123776373,
            -0.3952817157242921,
            0.08417926748139645,
            0.4639743448974698,
            1.62322014124656,
            -1.0942173111097213
        ],
        [
            0.5968178974572026,
            0.2681221986913441,
            1.755483372520093,
            -2.480122265314346,
            -0.8750398488069299,
            0.4947128383776148,
            1.5743020934803105,
            -0.23200155359278454,
            -1.4920403326036904,
            0.5822684838106623,
            1.22193994390879,
            -0.7986523141977836,
            0.3546779379348023,
            0.32504018363403947,
            0.030575982134501675,
            -2.58694966794734,
            0.0,
            2.9040889537818115,
            -0.32591007367163505,
            -0.8127472561294663,
            -0.1490026164583633,
            -0.3236163278576827,
            -0.14124980097399936,
            0.03757923409116984,
            -1.408143828930316,
            0.24351306055886385,
            -0.09615844913988442,
            0.5011223480190151,
            -1.0864710261048889,
            -1.8284929769606797,
            1.6826319178744034,
            1.4822349590732689,
            0.3941585576435538,
            1.49181262748432,
            -0.8156167289494094,
            0.8880750622540999,
            -0.6894728045335201,
            -0.5790510483440185,
            0.41354827084457585,
            -1.766995707978199,
            2.035227680521311,
            0.08619532745116236,
            -0.917476298330229,
            0.09930468392406668,
            0.9387741563303673,
            0.7246439647173406,
            -0.4220082691281447,
            -0.02804332453987146,
            -0.6391197079451926,
            1.140346255956664,
            -1.0321733864038716,
            1.0895827484665925,
            0.143005976306234,
            -1.1023124290905508,
            0.03303663657799671,
            2.2652634054831,
            0.905390939122933,
            -1.1069039287675366,
            -0.3820438333536984,
            1.4530000401806766,
            0.542041745922976,
            0.08865673606077037,
            -0.7766375051291305,
            -0.9993734587663577
        ],
        [
            1.173716583937916,
            -2.066730888122902,
            0.042351514706230595,
            -0.27123125441422297,
            1.1184542612745534,
            1.0691801230223343,
            0.266130913586015,
            -1.2721933995375705,
            -0.34572156944988186,
            -1.499135069562829,
            -1.4283405647505942,
            0.02893823140739919,
            1.335250456076479,
            0.9643621244641194,
            0.23377932242427524,
            -0.5154659088773913,
            2.9040889537818115,
            0.0,
            0.5788288989579436,
            -0.7811196406793752,
            -0.04227560815407427,
            -0.22771418463751944,
            -1.1201355539387146,
            0.47928478033062294,
            -0.5525261762377002,
            3.4936642068136097,
            1.1535624834503657,
            -0.3948779387813044,
            0.6347520528606598,
            -0.38694218676870384,
            -0.2698043833062166,
            -0.33016061873963093,
            -1.3466019255737163,
            -0.9537910120439618,
            0.8572825031379183,
            0.20077080670271888,
            0.8514261445925911,
            0.1151572393874339,
            1.202502014086229,
            1.518087640614087,
            -0.11064339245107782,
            -0.8542485829971874,
            1.0414768967612307,
            1.7967624393810497,
            -0.2527111756086457,
            0.8765514293840468,
            -0.7911393552460206,
            -0.06827438124444381,
            1.0068043408079939,
            -1.1059804146226557,
            0.28694659356020596,
            -0.2524229827379378,
            -0.4068029614025419,
            0.6586106554601728,
            0.4633080736092796,
            -0.3203624423939833,
            -1.7418944566270145,
            -0.5606530271531196,
            0.6724493635720323,
            0.46298312056648355,
            -0.4770220940511049,
            1.127809514615399,
            -0.8518321431782566,
            0.30008075618138014
        ],
        [
            1.3831044945846762,
            0.015251554527745296,
            0.3966909102305072,
            0.6353900294619215,
            -0.32655499287521,
            0.008009430651651743,
