{
    "N": 64,
    "id": "937f78bc-fd95-4ef7-b704-b66788870408",
    "problem_type": "SK Spin-Glass",
    "distribution": "gaussian",
    "spins": [
        -1,
        1,
        -1,
        1,
        1,
        1,
        -1,
        1,
        -1,
        -1,
        1,
        1,
        -1,
        -1,
        1,
        -1,
        -1,
        -1,
        1,
        -1,
        1,
        -1,
        -1,
        -1,
        1,
        -1,
        -1,
        -1,
        -1,
        1,
        -1,
        -1,
        -1,
        -1,
        1,
        1,
        -1,
        1,
        -1,
        1,
        -1,
        1,
        1,
        -1,
        -1,
        -1,
        -1,
        1,
        -1,
        -1,
        -1,
        1,
        -1,
        1,
        1,
        -1,
        -1,
        -1,
        1,
        -1,
        1,
        1,
        1,
        1
    ],
    "couplings": [
        [
            0.0,
            -0.27860684159473986,
            1.3426067674411142,
            -1.0118424646988275,
            -0.7387776669413538,
            0.9357539283736004,
            1.0346007801217145,
            -0.5635604359622403,
            2.278141823213989,
            -0.9376752265928845,
            1.0982224477350737,
            0.6575927494852899,
            -1.552034051962694,
            0.2637755251704739,
            -0.8196360150088606,
            -1.0279066389475746,
            -0.4533926834181351,
            -0.3497674548612361,
            -0.4275981280652639,
            -0.5595505994807163,
            1.048045458220519,
            1.0274877361163581,
            -0.49086985727364846,
            0.33669579321281695,
            -1.3360331307966569,
            0.4856106982967939,
            -1.6998210843336032,
            -1.461867838694939,
            0.44250507518354953,
            0.8984345874215964,
            0.958376787510163,
            0.011649679626396046,
            0.5348630046733948,
            1.57899347021842,
            0.30087497300899213,
            -0.3905829429829268,
            -1.3915501342057335,
            -0.4036602210070923,
            -0.8668172092373514,
            0.03314759497331946,
            0.050182361057278566,
            -0.26128121102330043,
            -0.32736781244444435,
            -0.44876478020811406,
            0.09154187256656235,
            2.2604126567551233,
            -1.1238057923255247,
            -1.0637259213953183,
            -0.6721830991742129,
            0.4624421070023953,
            -1.3890243899645862,
            -0.7910762595957029,
            -0.5436407451032559,
            0.6961437355152432,
            0.8403248944606609,
            0.07059616826428268,
            1.0913330079089354,
            0.6616395901585784,
            0.8256057757500913,
            -0.6445017359353872,
            -0.7711972649715957,
            1.0515720944465285,
            1.320441309944075,
            -0.15747252005953918
        ],
        [
            -0.27860684159473986,
            0.0,
            0.6341301232760499,
            0.261334497255027,
            0.008358190574406416,
            -0.37293778747191375,
            -1.361025948415035,
            -0.8794549231307954,
            -2.466618971911123,
            1.4095912002589235,
            -0.9779810576425588,
            -0.031261776130146905,
            -0.8253520077284118,
            -0.5043921782377409,
            -2.0932390244717602,
            -0.4558775633037738,
            -1.1419282192586342,
            0.9117529148122394,
            -0.8701066242743574,
            0.10944098961746979,
            -0.018466809360975674,
            0.612558015697253,
            -0.814248330747796,
            0.7209533608153227,
            -0.8053715164260755,
            0.8160034439327026,
            -0.6098771406037851,
            -2.5031862570835397,
            0.6312016311230182,
            0.8067825279783319,
            -0.22914717559089223,
            -0.7574158259460212,
            -0.14830531443689815,
            -1.2716419025715981,
            -0.321140527229574,
            1.3181056039270582,
            1.388025979123393,
            1.0474223640405587,
            0.504092373156248,
            0.014997764559595768,
            1.7585038829160258,
            1.0042638922734357,
            -1.2433198177834257,
            0.056815544357112745,
            0.5122227284695658,
            -0.9372270021919109,
            -0.852345306008906,
            0.04965368229263151,
            -0.9459774995277643,
            0.0017855715143344157,
            1.6550843992560957,
            0.8029584283661474,
            1.7320569347620083,
            -1.9381752665986542,
            -0.5534678555021427,
            -1.696096406820361,
            0.5265568167878606,
            0.15672371325402643,
            0.13439547540660843,
            0.20228940771451512,
            1.1868490104949778,
            1.444012705126206,
            0.2102658575298389,
            0.4045634088735012
        ],
        [
            1.3426067674411142,
            0.6341301232760499,
            0.0,
            -0.22933673499726165,
            0.6794760745188636,
            -1.1627914426522572,
            -0.4352357042047976,
            -0.4680055924689335,
            -1.9007242902260415,
            -0.4947429131932343,
            0.646268966962004,
            -0.03355037720124002,
            -1.5654370978684693,
            0.14962050758328735,
            -0.4945592666833187,
            0.5055219973581339,
            0.6223684600713352,
            0.49254498458387674,
            1.1669701229695095,
            -0.7972664573165675,
            0.6562063773783868,
            -1.6491930630651943,
            1.2291931116741799,
            1.304756869497983,
            0.036249458893392636,
            0.34804760291333126,
            0.5987782490634062,
            1.618167858911801,
            -0.47027698455903155,
            0.1076051461108785,
            0.029300088521584288,
            0.26271776656576473,
            -0.6528375298720285,
            0.11041002381531674,
            -0.804125452273875,
            1.4378312497509016,
            -0.9632113698198651,
            -0.09435900355613071,
            -0.47909404974306863,
            0.812613142538982,
            0.2349728854547809,
            0.35538287604998364,
            -1.7102613303129572,
            0.8927742068987233,
            0.26100695071834545,
            -0.23664963367245584,
            0.6473294523774334,
            1.507673031014563,
            0.16800134468413652,
            0.23947075869035872,
            -0.6672419500261726,
            0.40097999261346123,
            -0.20577949525736755,
            0.4445385898967075,
            -0.23359343331793006,
            -0.19701541627375665,
            -2.7389646230895646,
            -0.12896263101765457,
            1.8542870453269529,
            0.8699393296056522,
            -0.051247021586567174,
            1.4502707846035972,
            0.019359256924301637,
            -0.2868952858803371
        ],
        [
            -1.0118424646988275,
            0.261334497255027,
            -0.22933673499726165,
            0.0,
            -0.22841052767091824,
            1.5893499315138508,
            0.09435137501858447,
            0.49388221756484735,
            -0.18590165321247593,
            0.45308412674343745,
            -0.602926686455643,
            -0.6001251255759024,
            -1.9228298918126836,
            -0.9811430370241951,
            -0.7539343769072638,
            -0.38689920649246173,
            -0.1151532506281492,
            0.3644196178681204,
            -0.6111490481315816,
            -0.27889815292899395,
            -1.3686595534559778,
            0.38378477582836307,
            -0.7586607439608252,
            -0.7880298322575454,
            -0.5645990271424423,
            0.15624356810286918,
            -0.814491461977405,
            1.9368476242432764,
            1.9302771668541956,
            1.4826636620646725,
            -0.4821026064575815,
            -1.5838555573376722,
            0.977730357110787,
            -0.9673703989472046,
            -1.4764665009732205,
            -1.3100737345948488,
            1.3486484053225745,
            -0.03429723617703312,
            0.8628559966721615,
            0.5683721931408559,
            1.109778533355104,
            -1.1373425540923627,
            0.3562798602380634,
            -1.0984489449438608,
            0.015113217941517902,
            0.3378373150463017,
            1.747767579374548,
            -1.1351065426302724,
            0.3665741654781522,
            0.30018726451884414,
            0.8617450445366206,
            -0.7865473283865565,
            0.625497526991418,
            1.6459643770811745,
            -1.091652116709841,
            -0.752935346408397,
            -1.7527843011473105,
            0.13943558313543,
            -1.3979300651544122,
            -0.32095032497369846,
            1.5223293856557705,
            1.6702996936285657,
            1.8298627129339142,
            1.848210687397257
        ],
        [
            -0.7387776669413538,
            0.008358190574406416,
            0.6794760745188636,
            -0.22841052767091824,
            0.0,
            0.5849414866534599,
            0.15556615638408808,
            0.6243628410202977,
            0.9300696558610595,
            0.39232757526981904,
            1.8061294070547897,
            -1.4656206541534473,
            0.49911749887826107,
            0.45109283182102106,
            -1.163764327267016,
            0.5667264979977356,
            -1.157588043555883,
            0.23345572215500998,
            -1.2808981821877419,
            0.305519615160533,
            0.20057615513897845,
            0.44033145698371123,
            1.0407490041014797,
            0.8577571253520552,
            -0.39371856218653106,
            0.20607836957561576,
            0.7838188641677719,
            0.6017262881512954,
            -1.1368620446919728,
            -1.3044599434839192,
            0.40540936075435635,
            0.48719888936797145,
            0.48023865987502246,
            1.3755430365486605,
            0.5341413012477949,
            0.976553949555409,
            -0.3618588275238369,
            -0.383098860458372,
            -0.7387171284490622,
            -0.31113283963583677,
            1.050746632562242,
            -0.6649429832689251,
            0.8167730607719921,
            -1.967720096642252,
            -0.14963973996829133,
            -0.10730885545772775,
            0.717567522596639,
            -0.23719259733554968,
            -1.671792128300119,
            -1.1442444688274138,
            -0.8887034557939335,
            -0.6308243592821516,
            -2.284762088314455,
            -1.0097283856895596,
            -0.0257648921357736,
            0.9051718320208804,
            -0.3371179343550801,
            -0.46986457499102474,
            0.2876767064505673,
            0.054758599796377615,
            0.6177497032764175,
            -0.9266757269011481,
            1.6530073057774797,
            -1.2614952432463247
        ],
        [
            0.9357539283736004,
            -0.37293778747191375,
            -1.1627914426522572,
            1.5893499315138508,
            0.5849414866534599,
            0.0,
            0.42054107191853196,
            -0.653378735306894,
            0.16348541482147755,
            -0.20434474291942578,
            0.16889347162314836,
            2.8193444601843622,
            -1.0370892490481236,
            -0.5467437248757734,
            0.10049036064018455,
            -1.8779905574734945,
            -0.5466445132533423,
            -0.3506040736593273,
            -0.01805320843185649,
            0.11776758531174503,
            -2.041290446537853,
            1.1163362137938813,
            0.15208579726841,
            1.018217251035232,
            0.38494113875962316,
            0.872724894069967,
            1.278265049331859,
            -0.6234614711108379,
            0.3370702791659492,
            -1.1602358261206327,
            1.7273774931163366,
            -0.6845605485902173,
            -0.7540492453268555,
            0.8134567492755204,
            -1.1208359132742103,
            0.2908462071833782,
            1.4697344966122368,
            -0.05714889798972262,
            -0.880892536842008,
            -0.8825648218239965,
            -1.2412102047846951,
            0.991103391224254,
            -1.185723769139268,
            -0.9476961242481599,
            -1.0706134592802916,
            0.013888107936881534,
            -0.11028816347620873,
            0.2072093091717721,
            1.0169326462420285,
            0.4730884479155213,
            -0.19283078105173074,
            0.2511076746122818,
            1.1853009446604228,
            -1.425151248098489,
            0.6818044163512699,
            1.2742459997252973,
            -0.8412036656706847,
            0.5595914367018663,
            1.18088147527957,
            -0.5761328219866375,
            -0.3353225220649084,
            1.3804686361809648,
            -0.6804213605133299,
            0.045783530479461536
        ],
        [
            1.0346007801217145,
            -1.361025948415035,
            -0.4352357042047976,
            0.09435137501858447,
            0.15556615638408808,
            0.42054107191853196,
            0.0,
            -0.2134163698298166,
            -1.2484548857223667,
            -1.9481398952411741,
            1.0499037427454265,
            -0.14584240438280166,
            -0.48270372504612347,
            1.1512535868304967,
            -1.8404739798864223,
            0.8258321660090968,
            0.8829054271256294,
            -1.851862093171466,
            1.016195155428428,
            2.4078476972609852,
            -0.05562489099097703,
            -1.66411425094839,
            0.3380998492119776,
            -0.055299840420568035,
            1.3277570553495377,
            0.9795235553954118,
            1.000887177023478,
            -1.410176896034009,
            -1.1055117337639704,
            -0.6132941256995634,
            1.8852501438310458,
            -0.009509817825600626,
            -0.24233914411180846,
            -1.9611527234901625,
            0.11229392173340527,
            0.613077182603836,
            -0.5637643493067441,
            -0.6293592739691486,
            -1.1755517585815154,
            -0.22365251042974163,
            -0.6361087966161745,
            1.6727358448593659,
            1.0762403341434283,
            -0.17673381659439746,
            -0.3853799759755545,
            0.8566215201627818,
            -0.8005104189110629,
            -0.32805148072089635,
            -0.8136344834755236,
            0.8583682132354453,
            -0.10290374624332099,
            0.389267627920767,
            -0.11082010167231483,
            0.24997814422004866,
            0.19198281785986088,
            0.892746098686041,
            1.8328630327882294,
            -0.200145569099266,
            -0.43152299577694003,
            1.6641722517643438,
            1.3579927840089567,
            -1.965401339124347,
            -0.04566454239682701,
            -0.1903046892730806
        ],
        [
            -0.5635604359622403,
            -0.8794549231307954,
            -0.4680055924689335,
            0.49388221756484735,
            0.6243628410202977,
            -0.653378735306894,
            -0.2134163698298166,
            0.0,
            -0.2770989726959317,
            -0.7270338823777827,
            -0.2802404541716096,
            0.6237282533815448,
            0.800223501800009,
            -1.0734794644924357,
            1.2057449819188244,
            1.3269785425340108,
            0.6149404498402433,
            -0.41942586858500785,
            0.830226722145008,
            -0.6113944699387692,
            0.34330391987626957,
            -0.6625993843551296,
            -1.0543584222972755,
            -0.7537800599702748,
            1.982805358234201,
            0.9119201809872177,
            -1.307419275754803,
            0.9633559343389936,
            -1.8813708336356232,
            -0.5182631480352792,
            -0.6493415284566971,
            2.2127299379532888,
            -0.41928699708178147,
            -1.1024456783504353,
            -0.24005514878701223,
            1.8276487195871807,
            2.204223186798183,
            -0.09087674693095406,
            -0.3445586531079918,
            -0.6680629141245057,
            -0.5790041573048903,
            -0.7198473564404066,
            0.8099374469090579,
            -1.4421819147862058,
            1.3102260338267566,
            1.1572825585186248,
            0.29357954585388507,
            -1.8673581955516119,
            1.459944344307837,
            0.11690774587410072,
            -1.218856442579959,
            1.988406721817243,
            -1.5183850795702039,
            0.05903326482283521,
            0.4879676454782802,
            -1.2700883303588066,
            2.5480334815070687,
            0.632733962446238,
            -0.4164167596963994,
            0.551134587537963,
            1.677983892671528,
            0.9651647724509419,
            1.5365465756704504,
            -0.3154479808404683
        ],
        [
            2.278141823213989,
            -2.466618971911123,
            -1.9007242902260415,
            -0.18590165321247593,
            0.9300696558610595,
            0.16348541482147755,
            -1.2484548857223667,
            -0.2770989726959317,
            0.0,
            1.1976592240363535,
            0.6805634885123371,
            -0.392306020877128,
            0.7681252439943614,
            0.7054073065347861,
            0.12468201239579585,
            -1.1691145961423772,
            -0.011267813389876459,
            -1.4507997912986994,
            -0.42256154587541667,
            0.1329349718464913,
            1.2239011287305583,
            0.6336054993944084,
            1.227983733251257,
            -0.3479477334151477,
            -1.6195972009300204,
            0.15418737826869372,
            -0.0987750005129466,
            0.37841597236392555,
            0.3862175337962229,
            -0.16451022896929643,
            -0.22099180630398954,
            1.3923420981265742,
            0.4043533732046694,
            0.693779488335201,
            0.5713272358389265,
            -0.6639626552175716,
            1.0330546720799374,
            0.8219672825601914,
            1.300061342016859,
            1.4652309360785967,
            1.3524995215304838,
            0.6229540953705577,
            0.6115167369964234,
            -1.732375818376194,
            1.0520053835850158,
            -0.9961917786409042,
            -0.22853630797869837,
            -0.9511571292105037,
            0.6792538470838918,
            0.035552712553122236,
            0.5020009309175155,
            1.0991930177048168,
            0.9640237474042673,
            -0.5913154499785602,
            -0.8962702963762085,
            0.6828149146915362,
            -0.03233651168165869,
            0.6607322065250423,
            0.20039340117342885,
            0.47538577628899353,
            0.9214865715618029,
            2.1252726622537157,
            0.8934995290987678,
            1.023510674760867
        ],
        [
            -0.9376752265928845,
            1.4095912002589235,
            -0.4947429131932343,
            0.45308412674343745,
            0.39232757526981904,
            -0.20434474291942578,
            -1.9481398952411741,
            -0.7270338823777827,
            1.1976592240363535,
            0.0,
            0.7533445877995303,
            -0.36750874871540723,
            -0.1832351929696199,
            0.3799118189013931,
            -1.5264403239765092,
            1.8214998434114948,
            -0.7408134214232438,
            -0.3338198623229295,
            -1.5633560032124745,
            0.06847885251110285,
            -0.5030846453045705,
            -0.10090829487045003,
            1.235772046650684,
            -0.8107502245079637,
            0.2124080323135347,
            -1.6298546493363972,
            0.4253998602516398,
            -0.7149719952764205,
            -0.42851918836561237,
            1.2660566355881062,
            -1.1026661654047258,
            -1.2883217430221756,
            0.5132848680267567,
            1.1287181115520175,
            -1.4178473445929671,
            -0.07295168745240774,
            0.7970749817599566,
            0.5672237505871397,
            -1.1168929586115717,
            1.4516536828222142,
            0.5234152254199904,
            -0.06518489967812692,
            -0.2231256136301693,
            0.3774431695998848,
            0.5491121774705853,
            -0.3081939750774783,
            0.11081860413008494,
            1.6096675347628695,
            -0.4722029279921115,
            0.8831836676572179,
            1.2417457183642644,
            0.7372122220769686,
            -0.034680749440975794,
            0.048337707430956264,
            -1.1470669251493497,
            -0.7983086666910022,
            -0.25648269737078055,
            -0.48665932810620516,
            -0.2723785230463517,
            0.839205718903191,
            -0.48147022964117964,
            -0.21802454763224494,
            -0.9839905463586008,
            -1.3059118707243744
        ],
        [
            1.0982224477350737,
            -0.9779810576425588,
            0.646268966962004,
            -0.602926686455643,
            1.8061294070547897,
            0.16889347162314836,
            1.0499037427454265,
            -0.2802404541716096,
            0.6805634885123371,
            0.7533445877995303,
            0.0,
            -1.2611993210758328,
            1.3390471187117052,
            -0.2593036984789844,
            0.5590706368872809,
            0.7014803610724029,
            -0.297324954181883,
            1.0907574485417715,
            -0.6164984472857447,
            -1.017018565427159,
            -1.374461845561919,
            -0.04205899567638896,
            0.1555900582574349,
            1.8649197011029834,
            1.248483698227597,
            1.2718421234518158,
            0.7818716591493777,
            -0.5775509038246255,
            -0.032710117849234534,
            0.18510100648882052,
            2.2467249622933148,
            1.1870290861116273,
            0.9282019539278377,
            0.12472700542806858,
            0.22920478132373914,
            0.6549933460247487,
            0.03747715973216991,
            -1.375678852521167,
            -0.04814676031120259,
            -0.07254517347931015,
            -0.48275641585769,
            -0.26683738729094914,
            -2.3418815534967647,
            0.054192824417237315,
            -0.7238206420902334,
            0.2949204792148457,
            -0.30829995140848565,
            -0.3501698414485722,
            -0.5001552974842508,
            -2.019673734614436,
            -0.4132818171051747,
            1.0926157932360032,
            1.0640787194994739,
            -0.22789958850795092,
            -0.11919144003491469,
            0.7328073040425708,
            -0.09074780235593051,
            0.4687819057377387,
            -0.12950828676283804,
            0.6279604747707113,
            -0.3010808618377221,
            0.8897610859400579,
            0.8563206631778582,
            0.3788230670960608
        ],
        [
            0.6575927494852899,
            -0.031261776130146905,
            -0.03355037720124002,
            -0.6001251255759024,
            -1.4656206541534473,
            2.8193444601843622,
            -0.14584240438280166,
            0.6237282533815448,
            -0.392306020877128,
            -0.36750874871540723,
            -1.2611993210758328,
            0.0,
            -1.2884290698755534,
            1.6475740234354765,
            -1.0675037839618462,
            -0.2759913973630288,
            1.0882685270625092,
            -0.16211885622113625,
            -1.4869603976375778,
            0.7611799937751283,
            -0.07030195309871577,
            0.051664709645279264,
            -1.1542898862748103,
            -0.41405811436135914,
            -1.6003378232640397,
            1.586246251318519,
            0.7019571001776705,
            0.7321544258854974,
            1.4473630142262226,
            0.5640968525384895,
            0.3351817788835647,
            -2.0228265364246347,
            1.3814527323571124,
            2.8170182138260778,
            -0.46845996267724854,
            -1.1607117744253377,
            1.6445306018435586,
            0.14876636788463446,
            1.1895563420950113,
            -0.936245176060566,
            -0.30942138547059556,
            -0.6942981140825923,
            0.7198587079953906,
            -0.27267204330293543,
            0.653631060702514,
            -0.12093143332125697,
            -0.9179589849040624,
            0.0360810046884052,
            -0.9498377984871904,
            -0.4920530066474815,
            0.13197096677717157,
            -0.07833304390559315,
            -0.7177050806211814,
            -1.6336349840282887,
            1.3628240230854844,
            -1.6669665703764407,
            1.112968176230927,
            -0.02113199381421127,
            0.47945248159752213,
            0.16976925567278248,
            0.31794997486930615,
            -0.1337742826143016,
            -0.022787278456766914,
            -1.5439802569189944
        ],
        [
            -1.552034051962694,
            -0.8253520077284118,
            -1.5654370978684693,
            -1.9228298918126836,
            0.49911749887826107,
            -1.0370892490481236,
            -0.48270372504612347,
            0.800223501800009,
            0.7681252439943614,
            -0.1832351929696199,
            1.3390471187117052,
            -1.2884290698755534,
            0.0,
            0.991268506851407,
            0.3844127359318992,
            0.393880477907778,
            -1.790898846718771,
            1.4767050866340938,
            0.7815903154588578,
            -0.2977739820736898,
            -0.6652339618041274,
            0.8260067598892893,
            1.3126629555716838,
            -0.2880696942468829,
            -0.0289225252103842,
            1.3269337061876072,
            2.7129327183933385,
            0.659832229643265,
            1.9824819074195514,
            0.6664100179097653,
            2.2062302481599843,
            0.8180178116819172,
            1.5257041502053181,
            -0.7972042546902003,
            0.5648588354092345,
            -0.0837813891174795,
            -0.4882216986064273,
            0.5148616133763506,
            -0.0479314786832719,
            -0.5678404148620401,
            -0.04474576377498752,
            -0.18346618295873846,
            2.1532445397589566,
            0.16488647010193205,
            -0.6403866414167128,
            -0.330988096706256,
            -0.582165212134154,
            0.537726379521887,
            -0.31241078762088614,
            1.58796777895588,
            2.2748273278057463,
            0.4518943500515068,
            -0.9056249673376531,
            1.04919431092023,
            -0.6552579180615489,
            -1.0130029276439594,
            -0.05129792658066303,
            0.8511104946627068,
            -0.7174891400219611,
            -1.306911020124068,
            1.3158324187898158,
            0.830497050574957,
            1.5238014036632888,
            -1.8549305644645206
        ],
        [
            0.2637755251704739,
            -0.5043921782377409,
            0.14962050758328735,
            -0.9811430370241951,
            0.45109283182102106,
            -0.5467437248757734,
            1.1512535868304967,
            -1.0734794644924357,
            0.7054073065347861,
            0.3799118189013931,
            -0.2593036984789844,
            1.6475740234354765,
            0.991268506851407,
            0.0,
            -0.8411049211986648,
            0.8246657295795142,
            -0.6104525077498711,
            -0.9567385982022201,
            0.12058548929295733,
            0.2687234331932435,
            -0.4813300073110391,
            3.4600586790374264,
            -2.3117564301447837,
            0.04298125561407949,
            -1.487054490335524,
            -0.16384431578441344,
            -0.8566641447788664,
            -1.0097167699756457,
            -0.7780904324374043,
            0.23228003760484192,
            1.1900586436955864,
            -0.051189359686434135,
            1.109037980803546,
            0.6774048489652165,
            -0.04058739373122743,
            0.06758761764452392,
            -1.576127271159163,
            -0.5472944207237711,
            0.6077620251512528,
            -0.3357586741715104,
            0.0878382536047641,
            1.0213990471467131,
            -0.8511987075933005,
            0.6208698506921011,
            1.8791947684432957,
            0.045616179554525384,
            -0.20390141662207506,
            -0.05118828114125384,
            1.3901145340441974,
            0.7212387898910895,
            -0.5482753249684342,
            1.4577537712739497,
            1.2790421221831978,
            -1.1410522910135166,
            -0.06895935962276982,
            -0.9953333134443363,
            1.127612264288906,
            -0.5332623773924691,
            -2.041882238961652,
            -0.6491517379906437,
            0.8429596336015805,
            2.128049481611014,
            0.26562951251490896,
            -0.14317009206596648
        ],
        [
            -0.8196360150088606,
            -2.0932390244717602,
            -0.4945592666833187,
            -0.7539343769072638,
            -1.163764327267016,
            0.10049036064018455,
            -1.8404739798864223,
            1.2057449819188244,
            0.12468201239579585,
            -1.5264403239765092,
            0.5590706368872809,
            -1.0675037839618462,
            0.3844127359318992,
            -0.8411049211986648,
            0.0,
            -0.21015273192756054,
            -0.013487352105274209,
            1.1856682130440306,
            0.37571819089423153,
            -1.2988733295071078,
            1.4305683858972085,
            -1.5019763193500224,
            0.9420059453781195,
            0.10529231389510338,
            -0.6790498484251606,
            0.38931062338177247,
            0.21095094849894241,
            -0.3025655831223532,
            0.1617294717178387,
            0.6326386576367607,
            1.6156457691256105,
            -1.3143067085799913,
            -0.2853656877820888,
            0.7184373211222949,
            -0.5231827460165959,
            -0.9911370767455518,
            -1.449837093606822,
            1.3246659409506532,
            -1.0666657199242011,
            0.21084736993703534,
            1.24355473453781,
            0.5697327453776456,
            1.7500424099292533,
            0.7500828390792321,
            -0.38351133885211003,
            -0.312088942755926,
            1.7169881542065453,
            1.9550893810329901,
            -0.5116924739584388,
            0.5588537114580382,
            -0.5503705325239825,
            -0.04432324781809436,
            1.0856758065226848,
            0.33997915828067693,
            -1.0476442808331923,
            0.7983114161623004,
            -0.49562065603417166,
            -0.1705549824965274,
            1.0408374975933334,
            0.2869027910990759,
            0.35205140713231736,
            0.004278012044597518,
            -0.5868479236119135,
            0.37850987217497106
        ],
        [
            -1.0279066389475746,
            -0.4558775633037738,
            0.5055219973581339,
            -0.38689920649246173,
            0.5667264979977356,
            -1.8779905574734945,
            0.8258321660090968,
            1.3269785425340108,
            -1.1691145961423772,
            1.8214998434114948,
            0.7014803610724029,
            -0.2759913973630288,
            0.393880477907778,
            0.8246657295795142,
            -0.21015273192756054,
            0.0,
            -2.57467543344049,
            -1.3061253616911612,
            0.09632334823260894,
            -1.1923246305641642,
            -0.6452972768860973,
            -0.6974084093166893,
            0.3388811535121219,
            -0.45594265921308325,
            0.11771490369957499,
            3.3059668913502382,
            0.7297373005810663,
            1.6776585038406178,
            0.5212070889876877,
            -1.6310319386845757,
            -0.9471129632625056,
            0.8314820667172723,
            0.44658737766714307,
            -0.8449290129790082,
            -1.3447375090736327,
            -3.1494703183977366,
            0.4928415756529509,
            0.049719304967719154,
            1.7260571885593163,
            -1.104120119409265,
            0.9063949374623582,
            0.7276521642727394,
            -0.85780891096095,
            0.5119235826587689,
            -0.0020302749716059197,
            -0.7986508596129237,
            -1.6849438473474645,
            -1.8276386997315035,
            0.977675374164544,
            0.2517202447311864,
            0.10173938745842388,
            1.0786359246017017,
            0.48882180283620863,
            0.30428343104751104,
            0.7213745724025115,
            1.8944326981853195,
            -0.4540433949667537,
            -0.06422337520528094,
            0.49130528660827666,
            -0.6510031459381564,
            1.8262059551621304,
            -0.05191409013164857,
            -0.5425889914993995,
            2.3109030886620143
        ],
        [
            -0.4533926834181351,
            -1.1419282192586342,
            0.6223684600713352,
            -0.1151532506281492,
            -1.157588043555883,
            -0.5466445132533423,
            0.8829054271256294,
            0.6149404498402433,
            -0.011267813389876459,
            -0.7408134214232438,
            -0.297324954181883,
            1.0882685270625092,
            -1.790898846718771,
            -0.6104525077498711,
            -0.013487352105274209,
            -2.57467543344049,
            0.0,
            1.0745132358551432,
            1.259959364412363,
            -1.0325087109902729,
            0.9534349946802126,
            -0.29964955168097906,
            0.06671475777696562,
            0.3547359562721235,
            0.8173732941866018,
            -0.3167192327138084,
            -1.1496730270844144,
            -0.17002623175129075,
            -0.45922416478721073,
            -1.3483819721868417,
            -1.2340125565181945,
            2.741042526752251,
            -0.535465073358981,
            -0.02472281949696292,
            0.2201309344739111,
            -0.2549055611518401,
            0.2805036731071118,
            2.271068252342605,
            0.7898576573869296,
            0.9257471202973243,
            0.4006837043221235,
            0.4740888767403769,
            1.2787002181270355,
            -0.4056542476158142,
            -0.23282032066698094,
            0.2968704852282516,
            -1.5836846778764788,
            1.2224108733639047,
            -0.860701672441291,
            -1.8792788694972447,
            -0.3000342147288565,
            -0.3300008479311456,
            -0.34369691513673123,
            1.628256078107188,
            1.155929518976972,
            0.3034203166494074,
            0.01130676632996232,
            -0.280014878184575,
            0.3288540128684342,
            -0.1049214953642616,
            -1.3218059382899516,
            -0.08559847890853703,
            1.1419937328560035,
            -1.2723839361989704
        ],
        [
            -0.3497674548612361,
            0.9117529148122394,
            0.49254498458387674,
            0.3644196178681204,
            0.23345572215500998,
            -0.3506040736593273,
            -1.851862093171466,
            -0.41942586858500785,
            -1.4507997912986994,
            -0.3338198623229295,
            1.0907574485417715,
            -0.16211885622113625,
            1.4767050866340938,
            -0.9567385982022201,
            1.1856682130440306,
            -1.3061253616911612,
            1.0745132358551432,
            0.0,
            -0.15452179675064756,
            -1.1947563479567465,
            -2.274134405564801,
            0.1392254295725165,
            1.1294376982813943,
            -1.2150233774497765,
            1.6309505126731831,
            1.3220884612702992,
            -0.6386012200465745,
            0.019424733720808787,
            2.479974185213655,
            -1.0312304284629996,
            0.6654573737623383,
            -0.6549691457486218,
            -0.35018695796037463,
            0.11950291423364658,
            -0.7082941981657664,
            1.163161983947343,
            -0.049242018105294515,
            -0.747098341479509,
            -3.2832439301252903,
            -0.33855504573591805,
            -0.8475217040632472,
            -0.20525711130325036,
            0.3993363969620233,
            0.33472735726766456,
            0.3467195089011134,
            -0.15946053908659613,
            0.8561634676796328,
            -0.464628366618443,
            2.264774106223217,
            -0.7982894509614831,
            0.3208580705169689,
            1.219235977240182,
            0.020833218114770662,
            -0.9602438895476993,
            1.0633526832704214,
            -0.07187532375796786,
            -1.1607726297683405,
            -1.421247557997422,
            -0.6678745560445044,
            -2.135160835992702,
            -0.25664384659380896,
            -0.5205082271860265,
            0.7085277060759344,
            0.3726479958151293
        ],
        [
            -0.4275981280652639,
            -0.8701066242743574,
            1.1669701229695095,
            -0.6111490481315816,
