{
    "N": 32,
    "id": "13fae2c8-bf94-4370-9c3d-27f661d87759",
    "problem_type": "SK Spin-Glass",
    "distribution": "gaussian",
    "spins": [
        -1,
        1,
        -1,
        -1,
        1,
        1,
        -1,
        1,
        -1,
        1,
        -1,
        -1,
        1,
        1,
        1,
        -1,
        1,
        1,
        -1,
        1,
        -1,
        1,
        1,
        -1,
        1,
        1,
        -1,
        -1,
        1,
        -1,
        -1,
        -1
    ],
    "couplings": [
        [
            0.0,
            -0.8607339355919703,
            -1.2618240607908109,
            -0.42997141510102854,
            -0.637954541666758,
            -0.6522851240890613,
            0.29626578594732744,
            1.3360809245434386,
            -0.9294741989155357,
            0.555125330439045,
            -1.3108574841488887,
            -0.1496717958321362,
            2.152430711758411,
            1.1783322324270844,
            0.10242725066928335,
            -1.3046344790562028,
            0.41168350264460823,
            -0.6176245408863142,
            -1.2506004574569909,
            1.3043449927095903,
            0.2883730473136725,
            -0.004579307328718766,
            0.439291615595821,
            -0.6629457626427726,
            -0.4506589222100195,
            -0.6522014398313107,
            0.06674981140300963,
            0.17872539462805465,
            -1.0908638990094022,
            1.3030896259944595,
            -0.15216027427858003,
            -0.05688030052464248
        ],
        [
            -0.8607339355919703,
            0.0,
            0.7932421275407178,
            0.0539864516619944,
            -1.122335178512782,
            0.07274006009483704,
            0.08463877815092033,
            0.6079143140469971,
            -0.058131397689270524,
            1.4497969127963852,
            1.0566747322057666,
            -0.8878930348253063,
            -0.754772401839364,
            -0.1281490651978565,
            1.1029511257891687,
            1.353810970130253,
            1.1274673704018607,
            0.025622325359496583,
            -0.38371518562498463,
            0.4178227668432803,
            -0.5457437995470037,
            0.056056952858682424,
            -0.3501252155851916,
            -0.34473258215864816,
            1.099647852206764,
            -0.8665498121820684,
            0.7969210823427757,
            0.9578245284003075,
            0.779588134206773,
            -1.4822479485206312,
            0.08262315166081001,
            -0.46839461651841424
        ],
        [
            -1.2618240607908109,
            0.7932421275407178,
            0.0,
            -0.5825015929827372,
            1.2617681004464407,
            0.8290569987208218,
            0.13938970955896904,
            -0.5698742949679241,
            1.3797052883640553,
            1.4250332029859922,
            0.7166661727046846,
            0.7903298872399419,
            0.6399545817136063,
            0.959339866880324,
            0.053375680647879224,
            -2.230664475179335,
            0.5217703979629986,
            -1.0791096826243727,
            -0.7847127447025294,
            -0.06469169701622408,
            -0.42792410333642256,
            1.6042983320829602,
            0.7835110887382202,
            -0.6127978596613871,
            0.5634698352205262,
            0.342247192347478,
            0.3000797011609688,
            0.4798373958862726,
            -1.1780183503498696,
            -0.768729628596931,
            1.0232658852137044,
            1.0048954080011725
        ],
        [
            -0.42997141510102854,
            0.0539864516619944,
            -0.5825015929827372,
            0.0,
            0.3768267731915342,
            0.04435921215865923,
            -1.1950274059533434,
            -0.40217238223189616,
            -0.3161943943464612,
            1.031394354105157,
            0.7040572278798842,
            -1.3880848599916922,
            1.0853582760760183,
            -0.441649724719197,
            -0.886460234122469,
            1.2563020144338255,
            -0.37789222528680466,
            -1.4199504075663303,
            0.6716909254251047,
            1.511851219770441,
            -0.29467359103455554,
            0.6994011636105677,
            -0.4496180478031197,
            1.3165365746883182,
            0.1736480153699407,
            0.08024353939436485,
            0.7898727823711653,
            1.8024407662873099,
            2.3908878641300855,
            -0.3128550199646192,
            0.6230354258750066,
            -0.22825040125477503
        ],
        [
            -0.637954541666758,
            -1.122335178512782,
            1.2617681004464407,
            0.3768267731915342,
            0.0,
            1.316801318307811,
            -0.1971484924728844,
            1.9811706519636965,
            -0.6987132040183172,
            -0.6982017243146357,
            0.11399421584379175,
            1.8205653777371062,
            -0.23352057660873218,
            0.35335261541414564,
            -1.5433830408923124,
            -0.5176822944140688,
            -0.9866526126500965,
            1.4125080858666736,
            1.0751762854419178,
            1.2717328003663746,
            -0.09819570325544247,
            0.01674953292958158,
            -0.1368724812435873,
            2.14486769338493,
            -0.6771202947878986,
            0.5061498186935469,
            -0.5338185018987077,
            0.5576317348218334,
            -1.111410358817987,
            1.05975096720729,
            -1.711469073006519,
            -2.666835138491926
        ],
        [
            -0.6522851240890613,
            0.07274006009483704,
            0.8290569987208218,
            0.04435921215865923,
            1.316801318307811,
            0.0,
            0.19028730425796472,
            -0.39858608202322254,
            -0.6577347651294441,
            -0.5204739635530509,
            0.460014271147387,
            -0.356879931776864,
            -0.7718109105267928,
            1.5699978971266106,
            0.6861386550633778,
            0.804266652758489,
            -0.14872422146521774,
            1.0390670067454117,
            0.9394867230808022,
            1.027877806800539,
            1.9015798747419848,
            -1.3830293857943388,
            -0.02759057280336369,
            -0.8103271311339523,
            0.46790942295956794,
            0.19954024550726518,
            -0.5512633623103286,
            -0.47325726080679736,
            -0.105855888469532,
            -0.4289546845162368,
            1.1967620644233876,
            -0.09490460498773563
        ],
        [
            0.29626578594732744,
            0.08463877815092033,
            0.13938970955896904,
            -1.1950274059533434,
            -0.1971484924728844,
            0.19028730425796472,
            0.0,
            0.5784859062744431,
            -0.6434679997777499,
            0.886782872308828,
            0.126649427299252,
            -0.15642320766041118,
            0.7445756239243532,
            0.9543307424044164,
            -0.8489678233271203,
            -1.578848260342888,
            -0.5388302384566421,
            -1.6284233512527333,
            0.7403477785040986,
            -0.29644309301384547,
            1.0748831411252189,
            -0.0259678039161748,
            -0.30599545797779787,
            0.5409039271744759,
            0.32760707759309804,
            1.6626200820803847,
            2.057981377549221,
            0.49919671988166353,
            -1.1448635597920975,
            1.4661846803713696,
            -1.4855792746889946,
            -1.1580196818648614
        ],
        [
            1.3360809245434386,
            0.6079143140469971,
            -0.5698742949679241,
            -0.40217238223189616,
            1.9811706519636965,
            -0.39858608202322254,
            0.5784859062744431,
            0.0,
            -0.33677465567089876,
            0.9638055180923122,
            0.7680620744078777,
            -1.9759347024844993,
            0.6810237618916222,
            -0.9195741067252827,
            -0.10526551794758443,
            -0.37630831415091565,
            0.44360797157367543,
            -1.4150496664908934,
            1.3758008691380115,
            -1.2528540525301817,
            0.8110966666172167,
            0.5038327987396992,
            -0.11688388238688728,
            0.018003116413723083,
            1.6881703987627548,
            0.14736961266195503,
            -1.1211094281247351,
            1.0839818724522103,
            -1.8264954244840101,
            -1.3679976437427697,
            0.41462019620574636,
            0.6390144404246582
        ],
        [
            -0.9294741989155357,
            -0.058131397689270524,
            1.3797052883640553,
            -0.3161943943464612,
            -0.6987132040183172,
            -0.6577347651294441,
            -0.6434679997777499,
            -0.33677465567089876,
            0.0,
            -0.35758991419345604,
            -0.8007408876058162,
            1.4293111011051682,
            1.0038579220137396,
            1.6012978909253572,
            0.5138252519322772,
            -0.6850473936011107,
            -0.09015103034304683,
            -0.7003933876484175,
            0.025591902665428604,
            1.3796734328887625,
            -0.25494984105003937,
            0.16469866586272822,
            -0.25434867982573145,
            -0.5938503687797567,
            0.8977887067504129,
            -0.40671358371005784,
            1.3324162896554204,
            -1.56478041051999,
            1.3061266042527566,
            -0.04128980442735958,
            -1.428627182741757,
            1.73530025638703
        ],
        [
            0.555125330439045,
            1.4497969127963852,
            1.4250332029859922,
            1.031394354105157,
            -0.6982017243146357,
            -0.5204739635530509,
            0.886782872308828,
            0.9638055180923122,
            -0.35758991419345604,
            0.0,
            0.42616884045522546,
            1.1297624637050514,
            -0.40675832502794873,
            0.7568023527996955,
            1.217945564516121,
            -0.11932972209037974,
            1.0727907544387523,
            0.4019259023185119,
            -0.6794015670435228,
            -1.4994268479237653,
            0.8570944812602893,
            -1.3010683405648231,
            0.31555011475454736,
            0.37584406869422154,
            0.046713208508440865,
            -2.1775804217634005,
            1.6359139782467398,
            0.5905428657580437,
            -1.8614282699865097,
            1.2359013740801956,
            0.8752356254881558,
            1.7296643272955683
        ],
        [
            -1.3108574841488887,
            1.0566747322057666,
            0.7166661727046846,
            0.7040572278798842,
            0.11399421584379175,
            0.460014271147387,
            0.126649427299252,
            0.7680620744078777,
            -0.8007408876058162,
            0.42616884045522546,
            0.0,
            0.8908418679375992,
            -1.1322946238800493,
            0.6197448508417727,
            0.9285694159441298,
            0.16283523340543193,
            0.40587170880984375,
            -0.5968872325068647,
            0.723934427845139,
            1.5306051878686975,
            2.0436934649867924,
            -0.001469024482003631,
            -0.5911040466117272,
            0.8051441143321857,
            -1.3289522683300652,
            0.7697724136343542,
            -0.8538043099937624,
            -0.3544392950704543,
            -0.418102527718563,
            -1.4263403915884194,
            0.6822247276084877,
            0.0922293716132831
        ],
        [
            -0.1496717958321362,
            -0.8878930348253063,
            0.7903298872399419,
            -1.3880848599916922,
            1.8205653777371062,
            -0.356879931776864,
            -0.15642320766041118,
            -1.9759347024844993,
            1.4293111011051682,
            1.1297624637050514,
            0.8908418679375992,
            0.0,
            0.7750676622335754,
            -0.05471664054434436,
            1.0243514898148554,
            0.45271115209126894,
            -0.5486307773517237,
            -0.6801796720277586,
            -0.030734681654371532,
            -0.03367506073579625,
            0.5954231978853534,
            0.8251814707151238,
            -0.38825531965789184,
            -0.1564653394449221,
            -0.6797646263614173,
            0.9237923797083368,
            0.5410986444949646,
            -0.16369346278526392,
            -0.5153817420443081,
            0.4953631851862966,
            -1.0065644120477937,
            -0.08023647415572781
        ],
        [
            2.152430711758411,
            -0.754772401839364,
            0.6399545817136063,
            1.0853582760760183,
            -0.23352057660873218,
            -0.7718109105267928,
            0.7445756239243532,
            0.6810237618916222,
            1.0038579220137396,
            -0.40675832502794873,
            -1.1322946238800493,
            0.7750676622335754,
            0.0,
            1.636757107492369,
            -0.5197594662706656,
            1.8519293784118382,
            -0.48094657956722076,
            -0.048672994602885246,
            -0.8415706018181327,
            -1.5517380242145937,
            -1.1794749451737707,
            -0.24155750900956457,
            0.6593078965537074,
            2.315338817007336,
            -2.584216367383415,
            -1.8949020389697222,
            0.42214961740179285,
            1.507063514858672,
            0.6533711579109382,
            -0.14097883547582585,
            0.9754586384845628,
            1.5489293553356969
        ],
        [
            1.1783322324270844,
            -0.1281490651978565,
            0.959339866880324,
            -0.441649724719197,
            0.35335261541414564,
            1.5699978971266106,
            0.9543307424044164,
            -0.9195741067252827,
            1.6012978909253572,
            0.7568023527996955,
            0.6197448508417727,
            -0.05471664054434436,
            1.636757107492369,
            0.0,
            0.33439048715340586,
            1.059780264991851,
            -0.8498971902968872,
            -0.5110145247247017,
            1.078572156391555,
            0.5234479291703245,
            0.41754735781906693,
            0.5330715682496088,
            -0.503780196955858,
            -0.19315489873822644,
            -0.5699352964373614,
            1.9759654672311608,
            -1.2325810134849007,
            2.5224870830057324,
            -0.4172127290984087,
            -0.7310176202611957,
            0.13481654359142017,
            2.8477973535130654
        ],
        [
            0.10242725066928335,
            1.1029511257891687,
            0.053375680647879224,
            -0.886460234122469,
            -1.5433830408923124,
            0.6861386550633778,
            -0.8489678233271203,
            -0.10526551794758443,
            0.5138252519322772,
            1.217945564516121,
            0.9285694159441298,
            1.0243514898148554,
            -0.5197594662706656,
            0.33439048715340586,
            0.0,
            -0.09899022938708507,
            0.5044588312652791,
            -0.03760532345292302,
            -1.605794375631056,
            -0.2677742250540095,
            -0.03463644797167782,
            -2.1541460504369776,
            -1.0206634640497059,
            0.7824159334537604,
            0.4151553835951681,
            -1.1829636125590988,
            -0.03271019650186567,
            -0.051276241039722344,
            -0.29892842616754794,
            1.175062101383311,
            1.4032722470718189,
            -0.161237063364429
        ],
        [
            -1.3046344790562028,
            1.353810970130253,
            -2.230664475179335,
            1.2563020144338255,
            -0.5176822944140688,
            0.804266652758489,
            -1.578848260342888,
            -0.37630831415091565,
            -0.6850473936011107,
            -0.11932972209037974,
            0.16283523340543193,
            0.45271115209126894,
            1.8519293784118382,
            1.059780264991851,
            -0.09899022938708507,
            0.0,
            -1.1229196616583306,
            1.105067135449219,
            0.3718823153307055,
            -0.6100026932435777,
            -1.322239543628371,
            -0.5697482944969062,
            0.7431418515297814,
            -0.2920484919590924,
            0.49455451043036563,
            -1.363124200500024,
            0.10108711343205405,
            -0.7055315655112417,
            -1.5020952601352138,
            1.057124239738163,
            -0.4219722144618413,
            2.827492809129102
        ],
        [
            0.41168350264460823,
            1.1274673704018607,
            0.5217703979629986,
            -0.37789222528680466,
            -0.9866526126500965,
            -0.14872422146521774,
            -0.5388302384566421,
            0.44360797157367543,
            -0.09015103034304683,
            1.0727907544387523,
            0.40587170880984375,
            -0.5486307773517237,
            -0.48094657956722076,
            -0.8498971902968872,
            0.5044588312652791,
            -1.1229196616583306,
            0.0,
            0.6253738847043131,
            1.0230270992149944,
            1.4056475647352709,
            -1.8118990150918504,
            -0.727190077584685,
            0.39792148290414836,
            1.0749166472675171,
            1.294847413681845,
            -0.3621778558651335,
            0.061584355531700476,
            1.0227539403394417,
            -0.26892936626932423,
            0.5332299198409569,
            1.5323906995756125,
            0.4553248227257422
        ],
        [
            -0.6176245408863142,
            0.025622325359496583,
            -1.0791096826243727,
            -1.4199504075663303,
            1.4125080858666736,
            1.0390670067454117,
            -1.6284233512527333,
            -1.4150496664908934,
            -0.7003933876484175,
            0.4019259023185119,
            -0.5968872325068647,
            -0.6801796720277586,
            -0.048672994602885246,
            -0.5110145247247017,
            -0.03760532345292302,
            1.105067135449219,
            0.6253738847043131,
            0.0,
            -0.4786581120484445,
            -2.12563257620883,
            0.10834352333020586,
            0.4360062436983496,
            1.5399475948378674,
            -0.17850963768863448,
            1.5485874500260233,
            1.2806325755882133,
            -0.4663314385309391,
            0.9944450856916596,
            -0.35684021412427824,
            1.2600551629835732,
            0.594841257198248,
            0.8751183860110054
        ],
        [
            -1.2506004574569909,
            -0.38371518562498463,
            -0.7847127447025294,
            0.6716909254251047,
            1.0751762854419178,
            0.9394867230808022,
            0.7403477785040986,
            1.3758008691380115,
            0.025591902665428604,
            -0.6794015670435228,
            0.723934427845139,
            -0.030734681654371532,
            -0.8415706018181327,
            1.078572156391555,
            -1.605794375631056,
            0.3718823153307055,
            1.0230270992149944,
            -0.4786581120484445,
            0.0,
            -1.486809597424468,
            2.10366207533538,
            0.27108442378318615,
            1.4684723804313904,
            -1.7462256983745545,
            -0.3272735920083645,
            -0.8278796648767882,
            -0.7946335199525781,
            -0.7532293969489211,
            0.8129966359902897,
            0.7050467960900164,
            1.8318945202281622,
            -0.8083647603804188
        ],
        [
            1.3043449927095903,
            0.4178227668432803,
            -0.06469169701622408,
            1.511851219770441,
            1.2717328003663746,
            1.027877806800539,
            -0.29644309301384547,
            -1.2528540525301817,
            1.3796734328887625,
            -1.4994268479237653,
            1.5306051878686975,
            -0.03367506073579625,
            -1.5517380242145937,
            0.5234479291703245,
            -0.2677742250540095,
            -0.6100026932435777,
            1.4056475647352709,
            -2.12563257620883,
            -1.486809597424468,
            0.0,
            -1.4911622931992408,
            -0.3299968453279053,
            -1.212084025552791,
            -0.7758071022179895,
            -0.00761521348497188,
            -1.4814395256551793,
            -0.9129342299607551,
            -0.5831668814358641,
            0.16284951478931803,
            0.22386590056370048,
            -0.47528300952798985,
            -0.1708780427673026
        ],
        [
            0.2883730473136725,
            -0.5457437995470037,
            -0.42792410333642256,
            -0.29467359103455554,
            -0.09819570325544247,
            1.9015798747419848,
            1.0748831411252189,
            0.8110966666172167,
            -0.25494984105003937,
            0.8570944812602893,
            2.0436934649867924,
            0.5954231978853534,
            -1.1794749451737707,
            0.41754735781906693,
            -0.03463644797167782,
            -1.322239543628371,
            -1.8118990150918504,
            0.10834352333020586,
            2.10366207533538,
            -1.4911622931992408,
            0.0,
            0.9611450066408258,
            -0.39557478842111043,
            0.07681415224719122,
            -0.21528228263923116,
            -0.39610149940778067,
            -0.8633631198166033,
            -0.04231375642145638,
            0.6064137430574534,
            0.6350226108527944,
            0.5348604969305176,
            -0.3152828709389547
        ],
        [
            -0.004579307328718766,
            0.056056952858682424,
            1.6042983320829602,
            0.6994011636105677,
            0.01674953292958158,
            -1.3830293857943388,
            -0.0259678039161748,
            0.5038327987396992,
            0.16469866586272822,
            -1.3010683405648231,
            -0.001469024482003631,
            0.8251814707151238,
            -0.24155750900956457,
            0.5330715682496088,
            -2.1541460504369776,
            -0.5697482944969062,
            -0.727190077584685,
            0.4360062436983496,
            0.27108442378318615,
            -0.3299968453279053,
            0.9611450066408258,
            0.0,
            1.9405981511453274,
            1.3159467301555925,
            0.08691445402133822,
            1.2387953161388714,
            -0.14369252761052592,
            -0.8970729434702716,
            -1.0129082630858428,
            0.01202101226793143,
            -0.07446779607780443,
            1.4662776173737386
        ],
        [
            0.439291615595821,
            -0.3501252155851916,
            0.7835110887382202,
            -0.4496180478031197,
            -0.1368724812435873,
            -0.02759057280336369,
            -0.30599545797779787,
            -0.11688388238688728,
            -0.25434867982573145,
            0.31555011475454736,
            -0.5911040466117272,
            -0.38825531965789184,
            0.6593078965537074,
            -0.503780196955858,
            -1.0206634640497059,
            0.7431418515297814,
            0.39792148290414836,
            1.5399475948378674,
            1.4684723804313904,
            -1.212084025552791,
            -0.39557478842111043,
            1.9405981511453274,
            0.0,
            0.8138656385407035,
            2.958397716035679,
            -0.5378737540299111,
            -0.08828947505058919,
            -0.9743762623847858,
            0.4617354171380424,
            1.0825110134870684,
            1.0840184029646562,
            -1.4124530861611795
        ],
        [
            -0.6629457626427726,
            -0.34473258215864816,
            -0.6127978596613871,
            1.3165365746883182,
            2.14486769338493,
            -0.8103271311339523,
            0.5409039271744759,
            0.018003116413723083,
            -0.5938503687797567,
            0.37584406869422154,
            0.8051441143321857,
            -0.1564653394449221,
            2.315338817007336,
            -0.19315489873822644,
            0.7824159334537604,
            -0.2920484919590924,
            1.0749166472675171,
            -0.17850963768863448,
            -1.7462256983745545,
            -0.7758071022179895,
            0.07681415224719122,
            1.3159467301555925,
            0.8138656385407035,
            0.0,
            0.35976173330801775,
            -0.028619976204671153,
            -1.053211643202793,
            0.03423876200511866,
            -0.19058507929739538,
            -0.49059121035340464,
            -0.2284045322297599,
            0.6190020459907335
        ],
        [
            -0.4506589222100195,
            1.099647852206764,
            0.5634698352205262,
            0.1736480153699407,
            -0.6771202947878986,
            0.46790942295956794,
            0.32760707759309804,
            1.6881703987627548,
            0.8977887067504129,
            0.046713208508440865,
            -1.3289522683300652,
            -0.6797646263614173,
            -2.584216367383415,
            -0.5699352964373614,
            0.4151553835951681,
            0.49455451043036563,
            1.294847413681845,
            1.5485874500260233,
            -0.3272735920083645,
            -0.00761521348497188,
            -0.21528228263923116,
            0.08691445402133822,
            2.958397716035679,
            0.35976173330801775,
            0.0,
            -0.5536502917776663,
            1.643862367450256,
            -1.9019459704378774,
            -2.8116056715759536,
            0.10047846400006077,
            1.3787264542399833,
            1.1831357063911894
        ],
        [
            -0.6522014398313107,
            -0.8665498121820684,
            0.342247192347478,
            0.08024353939436485,
            0.5061498186935469,
            0.19954024550726518,
            1.6626200820803847,
            0.14736961266195503,
            -0.40671358371005784,
            -2.1775804217634005,
            0.7697724136343542,
            0.9237923797083368,
            -1.8949020389697222,
            1.9759654672311608,
            -1.1829636125590988,
            -1.363124200500024,
            -0.3621778558651335,
            1.2806325755882133,
            -0.8278796648767882,
            -1.4814395256551793,
            -0.39610149940778067,
            1.2387953161388714,
            -0.5378737540299111,
            -0.028619976204671153,
            -0.5536502917776663,
            0.0,
            1.5026130128374244,
            0.7701477759876693,
            -1.121145260038838,
            0.6468242954937499,
            -1.5516815016909564,
            1.4917969190224794
        ],
        [
            0.06674981140300963,
            0.7969210823427757,
            0.3000797011609688,
            0.7898727823711653,
            -0.5338185018987077,
            -0.5512633623103286,
            2.057981377549221,
            -1.1211094281247351,
            1.3324162896554204,
            1.6359139782467398,
            -0.8538043099937624,
            0.5410986444949646,
            0.42214961740179285,
            -1.2325810134849007,
            -0.03271019650186567,
            0.10108711343205405,
            0.061584355531700476,
            -0.4663314385309391,
            -0.7946335199525781,
            -0.9129342299607551,
            -0.8633631198166033,
            -0.14369252761052592,
            -0.08828947505058919,
            -1.053211643202793,
            1.643862367450256,
            1.5026130128374244,
            0.0,
            0.14967383956230682,
            0.5455657928055879,
            -0.8772052164391285,
            2.9135990948627897,
            -0.6186592262592228
        ],
        [
            0.17872539462805465,
            0.9578245284003075,
            0.4798373958862726,
            1.8024407662873099,
            0.5576317348218334,
            -0.47325726080679736,
            0.49919671988166353,
            1.0839818724522103,
            -1.56478041051999,
            0.5905428657580437,
            -0.3544392950704543,
            -0.16369346278526392,
            1.507063514858672,
            2.5224870830057324,
            -0.051276241039722344,
            -0.7055315655112417,
            1.0227539403394417,
            0.9944450856916596,
            -0.7532293969489211,
            -0.5831668814358641,
            -0.04231375642145638,
            -0.8970729434702716,
            -0.9743762623847858,
            0.03423876200511866,
            -1.9019459704378774,
            0.7701477759876693,
            0.14967383956230682,
            0.0,
            0.6758069244846928,
            0.24180364541410107,
            1.0846257969045858,
            2.195483382333091
        ],
        [
            -1.0908638990094022,
            0.779588134206773,
            -1.1780183503498696,
            2.3908878641300855,
            -1.111410358817987,
            -0.105855888469532,
            -1.1448635597920975,
            -1.8264954244840101,
            1.3061266042527566,
            -1.8614282699865097,
            -0.418102527718563,
            -0.5153817420443081,
            0.6533711579109382,
            -0.4172127290984087,
            -0.29892842616754794,
            -1.5020952601352138,
            -0.26892936626932423,
            -0.35684021412427824,
            0.8129966359902897,
            0.16284951478931803,
            0.6064137430574534,
            -1.0129082630858428,
            0.4617354171380424,
            -0.19058507929739538,
            -2.8116056715759536,
            -1.121145260038838,
            0.5455657928055879,
            0.6758069244846928,
            0.0,
            1.7605624590734,
            -1.1217920834865411,
            0.36515021688272603
        ],
        [
            1.3030896259944595,
            -1.4822479485206312,
            -0.768729628596931,
            -0.3128550199646192,
            1.05975096720729,
            -0.4289546845162368,
            1.4661846803713696,
            -1.3679976437427697,
            -0.04128980442735958,
            1.2359013740801956,
            -1.4263403915884194,
            0.4953631851862966,
            -0.14097883547582585,
            -0.7310176202611957,
            1.175062101383311,
            1.057124239738163,
            0.5332299198409569,
            1.2600551629835732,
            0.7050467960900164,
            0.22386590056370048,
            0.6350226108527944,
            0.01202101226793143,
            1.0825110134870684,
            -0.49059121035340464,
            0.10047846400006077,
            0.6468242954937499,
            -0.8772052164391285,
            0.24180364541410107,
            1.7605624590734,
            0.0,
            0.09732295737038549,
            -2.0713083608405234
        ],
        [
            -0.15216027427858003,
            0.08262315166081001,
            1.0232658852137044,
            0.6230354258750066,
            -1.711469073006519,
            1.1967620644233876,
            -1.4855792746889946,
            0.41462019620574636,
            -1.428627182741757,
            0.8752356254881558,
            0.6822247276084877,
            -1.0065644120477937,
            0.9754586384845628,
            0.13481654359142017,
            1.4032722470718189,
            -0.4219722144618413,
            1.5323906995756125,
            0.594841257198248,
            1.8318945202281622,
            -0.47528300952798985,
            0.5348604969305176,
            -0.07446779607780443,
            1.0840184029646562,
            -0.2284045322297599,
            1.3787264542399833,
            -1.5516815016909564,
            2.9135990948627897,
            1.0846257969045858,
            -1.1217920834865411,
            0.09732295737038549,
            0.0,
            -0.5690484439217345
        ],
        [
            -0.05688030052464248,
            -0.46839461651841424,
            1.0048954080011725,
            -0.22825040125477503,
            -2.666835138491926,
            -0.09490460498773563,
            -1.1580196818648614,
            0.6390144404246582,
            1.73530025638703,
            1.7296643272955683,
            0.0922293716132831,
            -0.08023647415572781,
            1.5489293553356969,
            2.8477973535130654,
            -0.161237063364429,
            2.827492809129102,
            0.4553248227257422,
            0.8751183860110054,
            -0.8083647603804188,
            -0.1708780427673026,
            -0.3152828709389547,
            1.4662776173737386,
            -1.4124530861611795,
            0.6190020459907335,
            1.1831357063911894,
            1.4917969190224794,
            -0.6186592262592228,
            2.195483382333091,
            0.36515021688272603,
            -2.0713083608405234,
            -0.5690484439217345,
            0.0
        ]
    ],
    "best_energy": -118.70394389844031,
    "best_spins": [
        1,
        1,
        -1,
        1,
        -1,
        -1,
        -1,
        1,
        -1,
        1,
        -1,
        -1,
        1,
        -1,
        1,
        1,
        1,
        1,
        -1,
        -1,
        -1,
        -1,
        1,
        1,
        1,
        -1,
        1,
        1,
        -1,
        -1,
        1,
        1
    ],
    "time_to_solve": 1.4511127471923828
}