{
    "N": 64,
    "id": "874a51b3-29ec-4cd0-9356-c5fa03b58fca",
    "problem_type": "SK Spin-Glass",
    "distribution": "gaussian",
    "spins": [
        1,
        -1,
        1,
        1,
        1,
        1,
        1,
        -1,
        1,
        -1,
        1,
        1,
        1,
        -1,
        1,
        1,
        -1,
        -1,
        -1,
        -1,
        -1,
        1,
        1,
        -1,
        -1,
        1,
        1,
        -1,
        -1,
        -1,
        1,
        -1,
        -1,
        1,
        -1,
        1,
        -1,
        -1,
        1,
        -1,
        1,
        1,
        -1,
        -1,
        -1,
        1,
        1,
        1,
        -1,
        -1,
        -1,
        -1,
        1,
        1,
        -1,
        1,
        -1,
        -1,
        1,
        -1,
        1,
        1,
        1,
        -1
    ],
    "couplings": [
        [
            0.0,
            0.8308279630973349,
            0.6156484615919884,
            -1.4333708539609102,
            -0.43228722885833254,
            1.4465651115483262,
            0.25904817627404403,
            -0.17462689375249962,
            -0.3705700676861913,
            -0.5321048597495858,
            -1.3043464470359236,
            0.9109437541565618,
            -1.6085312708785497,
            -0.561007232897854,
            0.7223001079653679,
            -1.0132215906569957,
            0.7787005469357406,
            -0.45675806628106025,
            -0.21357492969801423,
            0.15991849471173142,
            0.1287015130458298,
            2.0001747817830284,
            -0.946320265643656,
            0.8709214676335058,
            -0.6225853338703162,
            1.4136714176150753,
            -0.8188261684427771,
            0.28093030181656997,
            -1.3964715455445686,
            -0.7850413702050155,
            -0.22793986202106664,
            -0.9578325756983008,
            -0.1576398496670202,
            0.8750318783677952,
            0.6048222655861435,
            0.5635005076240868,
            -1.0591766341482893,
            -1.6698713560671161,
            -1.4519165423970606,
            -0.6670497327321879,
            0.7501860559901876,
            0.4548781432590035,
            0.5392346917454727,
            -0.6166959407991136,
            -1.8110771467474582,
            -0.46069615601108804,
            0.4972131126267549,
            0.377980967491202,
            -0.026914601685934608,
            0.13590615993274638,
            0.8590648254440955,
            -0.1567852413564385,
            -0.8101174071175183,
            -0.833970569261071,
            0.4500093083211844,
            -2.08236189688069,
            0.5593456945658797,
            -0.6136834712734041,
            1.3355799285961485,
            0.608330406083852,
            -0.5817762016594261,
            1.5070221933919212,
            0.5727975045910619,
            -0.09933613725623734
        ],
        [
            0.8308279630973349,
            0.0,
            -0.329893556453884,
            0.2558203162018598,
            -0.3592141561538065,
            -0.5037764279068255,
            1.8368694264247571,
            0.7207700388927537,
            -0.6524046108637865,
            -0.39287597327286733,
            0.5508157960875278,
            0.5793221712676266,
            -1.1882344899097583,
            0.7897152405227281,
            -0.708497495361369,
            1.4604193445227955,
            0.7911228235531095,
            0.391311296805629,
            0.8753886357546834,
            -1.3065833162372875,
            0.5610599432001219,
            -0.282457769052444,
            0.13786787106083018,
            0.029174797206478014,
            1.3602206525505727,
            -0.4685917541391063,
            -0.8751922454446424,
            -0.27143781047633003,
            -1.1914170634882113,
            -0.027280596361373918,
            0.7746713036340264,
            0.5557812975965517,
            0.9490811353111256,
            -0.8899627991455547,
            -1.31357435360632,
            -0.6528237488780315,
            1.2567352931917537,
            -1.030384472170282,
            -0.9388935970205221,
            -1.531329142866554,
            0.9530531126585987,
            -0.019992261149067013,
            -1.6137240307531429,
            0.1353875214896945,
            0.008511775892797844,
            -0.015964106874149772,
            -0.24579224089497578,
            0.46655202982836697,
            -0.8529759596563893,
            -0.5337274046090535,
            0.9432847685969552,
            0.8684687035800517,
            -0.15751573186845053,
            -0.08877615713808829,
            0.38347290935519157,
            1.3491243981928067,
            0.8858121145272106,
            1.4872808372731523,
            -0.3715903746058477,
            0.6026942061638526,
            -1.3254304185695316,
            -1.862566512910007,
            0.02054798069895017,
            1.2654984219773895
        ],
        [
            0.6156484615919884,
            -0.329893556453884,
            0.0,
            -0.12422783579974998,
            1.1663325973403542,
            1.97705580782833,
            0.5089421235580628,
            -0.7110851205861416,
            0.22327922648485676,
            0.2340243542490961,
            1.7739554354087572,
            0.23821563470962218,
            2.0186832982682175,
            0.04804735893108703,
            0.8173188613970113,
            0.15275045549974728,
            1.2214591048881112,
            -1.72037574431539,
            -0.4422034700474518,
            -1.1789103180651943,
            -1.3404313331096889,
            -0.6685865426473367,
            -0.5741177837116124,
            0.41543882476525557,
            -1.3653665913575943,
            -0.13811520482309184,
            0.6934009240590019,
            0.6444832713509143,
            0.4516073848708773,
            -1.0680011178406807,
            0.20377779583687944,
            -1.6787475442716573,
            1.1338068131138879,
            -0.3254726426672603,
            0.2425684233241099,
            -0.16258945591647758,
            -0.11864834741734219,
            -1.4339589182670198,
            -0.2608432816602739,
            0.026900252050285685,
            -0.7442397001655728,
            -1.3007267948544536,
            -0.039981209937235,
            -0.5704050050349089,
            0.4726498252517341,
            -0.7906477756380201,
            1.4785650274720137,
            0.7775640952336753,
            0.21110287009438314,
            0.08274904814875295,
            1.5060010632593288,
            1.0218376733857963,
            -1.422344228029295,
            0.10818162443643835,
            0.6000588395927757,
            -1.4595786191581042,
            0.9204174780356603,
            -0.5479012426510756,
            0.05011891995384961,
            -0.3028237858467792,
            -0.803481501629112,
            0.502790858308816,
            -1.0533941853334712,
            0.6825726014085054
        ],
        [
            -1.4333708539609102,
            0.2558203162018598,
            -0.12422783579974998,
            0.0,
            -1.22040833308015,
            -1.7112808581602104,
            0.1004731890387412,
            1.0850710756345323,
            -0.6818379264986097,
            -0.4335256308935979,
            1.8758332159221889,
            0.5805224834188418,
            0.037557796952002655,
            -0.6730244635390591,
            -0.397689545512652,
            0.3538913779389684,
            -0.07499062811561112,
            0.5127845854965907,
            -0.8479552493806888,
            -1.2536411841540702,
            1.3870957020790076,
            0.23430407867394096,
            1.2321907136747305,
            -1.011150417076329,
            0.045283383513356076,
            -2.7412869003749947,
            -0.7646172001865168,
            0.6294406391276457,
            0.13118706514145478,
            0.7883869288977378,
            -0.4107274242254788,
            -0.16270530068298142,
            2.029852570927863,
            -0.6250119794184029,
            -0.3168983043782344,
            0.7485067690789609,
            -0.911788267684388,
            0.10289602819253697,
            0.1475106289218614,
            0.03822171581449791,
            0.4207789671433391,
            -0.2070737024667534,
            0.7139470729154326,
            0.27715571147177503,
            0.3146211814556405,
            0.015857039297226844,
            0.6952530495690359,
            -1.4150573913986109,
            -0.07643365248647896,
            1.0773446551275188,
            0.46719485100160085,
            1.0839598958154364,
            -0.06135012115484333,
            1.5615607380582732,
            -1.184822676283685,
            -1.2281444944080329,
            0.18506569418875954,
            -1.2271850722329074,
            -1.3352492170609758,
            -0.7441944373414712,
            -0.035380901353520636,
            -0.598404626734923,
            0.27486361835232126,
            -0.4224737937521735
        ],
        [
            -0.43228722885833254,
            -0.3592141561538065,
            1.1663325973403542,
            -1.22040833308015,
            0.0,
            0.3960364742636092,
            -0.11612991144633636,
            -0.5575565835973479,
            -0.5465938944878255,
            -0.940277780393783,
            -0.08095924202751721,
            1.7189623598701553,
            -0.6283362572940643,
            -0.23244653635098997,
            -1.1598931072474492,
            -0.32286775921906835,
            2.0330485954639337,
            0.5949087466075905,
            0.560055009776032,
            -0.7479549493236407,
            -1.2645443498601918,
            0.4608708288701143,
            -2.0034666541505675,
            1.1651361334057455,
            -0.3320866582393428,
            0.32539462877533776,
            0.011394924509035485,
            -0.12933740748907926,
            -0.3740566437794223,
            -1.2612458023545166,
            0.31678745234816724,
            0.9970232223772045,
            -0.3911364075186317,
            0.0261867423966952,
            -1.4636714446784964,
            -0.9012778334263393,
            0.9118042162703106,
            -1.2139728457539032,
            0.7198360415619605,
            0.18928661140260106,
            0.4856867798519654,
            0.03612209087125016,
            -1.7048246696731382,
            1.6714467440604965,
            -0.16003933833732858,
            -0.8699847715258013,
            2.074030246139084,
            -1.4612209549102722,
            0.0752989101242037,
            -0.4972857241535334,
            0.787605830828534,
            -0.8131987563355549,
            -1.251884249528246,
            -1.309413364339944,
            -0.41285004454567065,
            0.36248901968669256,
            0.14323544654786607,
            -0.7982922400630444,
            -0.7996918862300505,
            0.9497064806316065,
            -0.5608091947616966,
            0.8973110155203015,
            -0.3085310550415738,
            0.009915582512106115
        ],
        [
            1.4465651115483262,
            -0.5037764279068255,
            1.97705580782833,
            -1.7112808581602104,
            0.3960364742636092,
            0.0,
            -0.8055015157184444,
            1.5323320884880893,
            -0.11751043064579866,
            -1.172641769647525,
            1.4168171214844698,
            -0.13505261319889422,
            -1.6751038197364114,
            0.7323616814804804,
            0.3137967398874399,
            -0.03215924401593088,
            0.5302103026943459,
            -0.9412414984312358,
            0.06493776343342375,
            1.6663757940866313,
            -0.10542522224272731,
            -1.1082108944365059,
            -0.4121269527871631,
            0.03508133328930646,
            -1.4164550405811893,
            -2.10379655029176,
            -0.9924301397224495,
            0.04903061342438201,
            -1.36426406478911,
            -1.3887943450508378,
            -0.5248451432781599,
            -0.49496124334778047,
            0.3610377784568787,
            1.1005637840465816,
            -0.0720767666207684,
            0.0324955847645439,
            0.724850049204651,
            1.2706527676741135,
            -2.2975333692894946,
            -0.009395352004897625,
            1.853407199646918,
            1.533269105621726,
            1.1614909630734624,
            0.6491792481357819,
            -0.9086126731617509,
            -0.5434920752344403,
            -1.2917789114845586,
            0.16727202939353666,
            -0.017389219761591843,
            -0.10316574444098817,
            -0.5669159647775133,
            -0.5662628038104143,
            0.7630204005362747,
            0.4066494026887513,
            0.137334945984512,
            1.9948659242412068,
            -0.41809284663803353,
            1.7532952146352294,
            2.559144940637184,
            -0.922014171104574,
            -0.0355743789844808,
            -0.03649377200616526,
            0.41011814490564497,
            -0.6043534956652022
        ],
        [
            0.25904817627404403,
            1.8368694264247571,
            0.5089421235580628,
            0.1004731890387412,
            -0.11612991144633636,
            -0.8055015157184444,
            0.0,
            -0.7113006473769685,
            1.046537715064222,
            -0.18484760350227336,
            -0.29432291406053973,
            0.7651385156918613,
            1.3449784067355666,
            0.7111325374655659,
            -1.1120805219255243,
            0.41546155453098327,
            -1.0968139920250588,
            1.3821890225070175,
            -0.3803381303265336,
            0.7236013924046061,
            1.7005618537384357,
            -0.10881415410254265,
            -1.2981631916299365,
            -0.020190996255961744,
            1.173097359050505,
            0.4536850489295052,
            -1.4421358939196367,
            1.5167535364674198,
            -0.8909298920289445,
            0.8694087890127241,
            0.6394257425465287,
            1.4269293196872996,
            -0.24252415494841162,
            -1.5006344535234606,
            1.058019584729943,
            -2.045793073896577,
            -0.49699946075850254,
            -0.9770194673193663,
            -0.544793311679742,
            1.5610991005863704,
            -1.6582389069394068,
            -0.15956254327347208,
            0.7442001629327529,
            0.2360248292150229,
            -0.05748552214691273,
            1.748199299838043,
            -2.062406727659932,
            0.4930815302278237,
            1.9561667937631484,
            0.8538274016548633,
            -1.06145051543817,
            0.09015768071479868,
            0.40359128335974254,
            0.1855209907565575,
            -1.1995326400050477,
            -0.12079834230015798,
            -1.4354831647543305,
            0.8960754535483776,
            -2.6063030804517577,
            1.7329852703814816,
            0.03346782587901646,
            -0.4656654727941921,
            1.7005028710863537,
            -0.18057861651612458
        ],
        [
            -0.17462689375249962,
            0.7207700388927537,
            -0.7110851205861416,
            1.0850710756345323,
            -0.5575565835973479,
            1.5323320884880893,
            -0.7113006473769685,
            0.0,
            0.0813464550622398,
            -0.5450499298605983,
            0.12499669847435699,
            -0.6007742127830408,
            0.6452641781998353,
            -1.3212334786678173,
            -1.112819094337971,
            0.2991011354849284,
            0.12378257252395275,
            0.3372277943257262,
            0.45187675586058595,
            1.469651165553888,
            -1.2246191046592922,
            -1.4379921413236196,
            -0.5580447530933299,
            -0.668361480115476,
            -1.398417504432625,
            -0.032242278256152467,
            -1.9253764552834967,
            1.7145797182413154,
            0.11843021248893883,
            -1.6097636950790322,
            -1.7420163203718877,
            -0.5831794958522954,
            -1.0429175285530186,
            -0.07236957514793277,
            -0.5064496417466697,
            -0.19977433794108834,
            0.6051025789287715,
            0.025787394675327997,
            -0.7108418310817889,
            0.196041997407533,
            1.5106620529695907,
            -0.3444952637915548,
            0.6600100902870791,
            -1.2603620567849199,
            0.9030862709701284,
            0.2825593975165958,
            0.08765817678132909,
            -0.6670310755857605,
            0.7221494973208926,
            0.1299282302583046,
            -0.2559760566282421,
            -0.9135701853879231,
            1.5196503156338033,
            0.5626905300811982,
            -0.6405266906141336,
            1.1383123852215353,
            0.32074252792169317,
            -1.4942984529540273,
            -0.32469633325813196,
            0.44243304617453816,
            1.8343083275457226,
            1.027828211209515,
            -2.064067647617605,
            0.20234982942553342
        ],
        [
            -0.3705700676861913,
            -0.6524046108637865,
            0.22327922648485676,
            -0.6818379264986097,
            -0.5465938944878255,
            -0.11751043064579866,
            1.046537715064222,
            0.0813464550622398,
            0.0,
            -1.2030046001320027,
            0.620927262749965,
            -0.5573329305689719,
            0.6308186967890329,
            -0.20182827160688593,
            0.647029783710313,
            -1.5252408733599807,
            -0.3370782896077197,
            1.4125734276488147,
            1.0631915643235241,
            0.13195055202725642,
            -0.8406345743061271,
            -1.8395335617607167,
            -0.9146636090454329,
            -0.12013064549543093,
            -0.09223067995725133,
            -1.0928589239491215,
            -1.3838533017216683,
            0.6055396110226421,
            0.17389930436931306,
            0.29306476744373644,
            0.9503534055714442,
            0.45612605001392476,
            1.5544260004866286,
            -0.6215825472093526,
            -0.46118867053761037,
            0.2914805520605654,
            0.3962857372471799,
            0.20609552697598332,
            1.3953558593729025,
            0.8706068024277305,
            0.3906006812063737,
            0.5654295435512724,
            -0.1869124960520012,
            -0.6796262560580395,
            -1.3937268162818082,
            1.364808917033395,
            0.46054897640144693,
            0.4059919546425765,
            -0.8989105848062564,
            -0.6221195304955128,
            -1.3594896314228857,
            0.4652683505153649,
            -0.8739745297720904,
            2.871729377604242,
            0.4188891722547823,
            -0.3906019772817024,
            -1.0462723476846676,
            0.11521131414406427,
            0.23104172670029666,
            0.6739396463500611,
            1.0591339262021835,
            -0.1281571644525223,
            -0.07885498734396318,
            0.17481260191227002
        ],
        [
            -0.5321048597495858,
            -0.39287597327286733,
            0.2340243542490961,
            -0.4335256308935979,
            -0.940277780393783,
            -1.172641769647525,
            -0.18484760350227336,
            -0.5450499298605983,
            -1.2030046001320027,
            0.0,
            -0.6344191582187175,
            -0.8180924637244631,
            -1.3783435067059564,
            -0.4015931986072327,
            -0.4458466315466618,
            -0.47586341450510117,
            1.6027854756413387,
            0.16314543189128233,
            -1.3819757287082521,
            -1.5114845679924325,
            -0.12138984929058919,
            1.5713405748925877,
            -1.3601270473642537,
            0.3637133376185079,
            -0.16456101877274967,
            0.9324103961950004,
            -1.0313306527377026,
            -0.1219376463628401,
            1.2145034960383072,
            0.6154164843674568,
            -0.13981986954395956,
            -1.191237675932592,
            0.299552040724422,
            -0.3625417136245532,
            2.193984233319274,
            -0.8701555868614138,
            -0.9885227422025075,
            0.843148367143986,
            -0.3591399494856863,
            1.570720801338989,
            1.0715168827783494,
            -0.3980745486580558,
            0.5631969728883207,
            -1.3351496113805656,
            0.9118525086957234,
            0.8884447034745324,
            -0.7925747847567224,
            0.6934652241841126,
            -0.8731662669892502,
            -0.4315477469393231,
            -0.09104720763237095,
            2.6399695954072473,
            -0.44327968285062236,
            0.6403012740408717,
            1.857898164067031,
            -1.5348776562380901,
            0.03789051467834423,
            -0.06931194478117224,
            -0.01691957667613638,
            0.7474125300566383,
            -0.2807561090887769,
            0.8525682344464309,
            -1.2786791895988667,
            -1.0422461103637635
        ],
        [
            -1.3043464470359236,
            0.5508157960875278,
            1.7739554354087572,
            1.8758332159221889,
            -0.08095924202751721,
            1.4168171214844698,
            -0.29432291406053973,
            0.12499669847435699,
            0.620927262749965,
            -0.6344191582187175,
            0.0,
            -0.3659507840504724,
            -0.4873265069747373,
            0.3195357494796101,
            1.1743968308390058,
            0.1891722055167407,
            1.305159057927618,
            1.1887000446493257,
            -0.32650413827646496,
            -0.485510719591498,
            0.9706910871231962,
            -1.5330163227311102,
            -1.4297763205650766,
            1.612776226652797,
            -0.33156927886308674,
            1.7262295620750205,
            -0.8470500835109612,
            0.04117726453380959,
            -1.0888250514295978,
            1.1413987145772253,
            1.9219147603762217,
            2.1118209120360016,
            0.852590491122635,
            -0.42609158207263786,
            0.3286757964474068,
            0.07065871369954667,
            -0.4801531925320851,
            -0.611887682592035,
            2.1229242477562558,
            0.7550872647031708,
            -0.591484204338858,
            -0.06166913146577855,
            -1.0323949726867043,
            -0.006628400732068608,
            -1.7762265185539394,
            1.4059813403085184,
            1.0528075349424448,
            0.14279212548117903,
            1.2150165045551096,
            -1.3518818398639527,
            0.3934782850669038,
            -0.314820754763868,
            -0.17308553928181308,
            -0.1282359528444741,
            -0.808839397106026,
            1.6358464008413633,
            0.5556870355312797,
            -0.3205239652785492,
            1.0885937046331837,
            0.04611205045039221,
            -0.34306557047690034,
            -0.1737239379683904,
            0.47370874327078527,
            2.1383215979209806
        ],
        [
            0.9109437541565618,
            0.5793221712676266,
            0.23821563470962218,
            0.5805224834188418,
            1.7189623598701553,
            -0.13505261319889422,
            0.7651385156918613,
            -0.6007742127830408,
            -0.5573329305689719,
            -0.8180924637244631,
            -0.3659507840504724,
            0.0,
            -1.05881932166661,
            -0.11320011690515094,
            0.05886506876402976,
            0.6419314652349477,
            0.7921452580919879,
            0.027459922830535968,
            1.8011067512932981,
            -0.33382364885027555,
            -1.2717926867929508,
            0.18117851979981917,
            0.8612605173178012,
            0.10363638846656878,
            1.1218047753600433,
            -0.20963542165255955,
            0.46022864646858225,
            0.7034635958375838,
            -0.42940863894994824,
            -1.9990040513482172,
            0.008101636824052818,
            0.49722907049714377,
            0.6394278980168828,
            0.39464715930685174,
            -0.5771316308385639,
            -1.5522529979034096,
            -1.5782973006424843,
            1.1476935106023194,
            0.35881346429334937,
            0.170637110125339,
            0.7395244744210638,
            0.9355225677035919,
            0.29497810963931104,
            -0.16118143484184197,
            -1.5899376211263436,
            -0.19600164717068375,
            -1.0287727817700836,
            0.5023768371002075,
            -1.9825944225592735,
            0.18993569898015605,
            -0.10011837896986539,
            -0.9815612924466492,
            2.1560410295714507,
            -0.6728308168017676,
            -1.4497999432886142,
            -1.0991517947801537,
            -0.86619985250243,
            -0.04832660181598346,
            -0.057173870528232314,
            0.017624336410816854,
            0.6479616217385337,
            -0.1590796719553606,
            -0.10184185453892323,
            -0.2565233284333164
        ],
        [
            -1.6085312708785497,
            -1.1882344899097583,
            2.0186832982682175,
            0.037557796952002655,
            -0.6283362572940643,
            -1.6751038197364114,
            1.3449784067355666,
            0.6452641781998353,
            0.6308186967890329,
            -1.3783435067059564,
            -0.4873265069747373,
            -1.05881932166661,
            0.0,
            -0.8074574694634858,
            -0.3381191393521369,
            0.05462538533110227,
            -0.9622971931731296,
            -1.0884951354015082,
            -1.4989796125369743,
            0.9791112848388818,
            -1.103223217551902,
            -0.5768916405487158,
            2.0054583012125824,
            1.1700549134443565,
            0.34581591861955063,
            0.7502622406396997,
            -1.2213242804272928,
            0.528307665813719,
            -0.1476202987570076,
            -1.4984017677987727,
            0.1480734517303569,
            0.3734267813748319,
            0.9855301489423682,
            1.8351115692621425,
            -0.5505956839361514,
            0.8180311003669949,
            0.839355101581319,
            -0.7146859346829494,
            0.27781003842524593,
            0.38185802820933457,
            0.4929292912622546,
            0.0680381538799417,
            0.001381821049085306,
            -1.5999827166684393,
            -0.4617508990106793,
            -0.4455839778538999,
            0.17604801595871922,
            0.1569019499956922,
            0.825990732998613,
            0.6065288558242512,
            0.46741889734703174,
            0.5399983875736353,
            0.10463125289007946,
            -0.4809385986356662,
            -0.8440459912991669,
            -0.40239317882118986,
            -0.6295220257848686,
            0.81320293375709,
            -1.2593417453979296,
            -1.0076058481483539,
            -0.013063225801464792,
            -0.3163558137431932,
            -0.5204973289210642,
            -1.2079946720175967
        ],
        [
            -0.561007232897854,
            0.7897152405227281,
            0.04804735893108703,
            -0.6730244635390591,
            -0.23244653635098997,
            0.7323616814804804,
            0.7111325374655659,
            -1.3212334786678173,
            -0.20182827160688593,
            -0.4015931986072327,
            0.3195357494796101,
            -0.11320011690515094,
            -0.8074574694634858,
            0.0,
            -0.020880518964762035,
            -0.5653408242695077,
            -0.9597554595106588,
            -0.31046586124773723,
            -0.271259861955492,
            -1.1205156280029758,
            0.29622791698325407,
            1.4787180389373429,
            -0.31987636425257865,
            1.1722976875344726,
            -0.07527989172896273,
            -0.10900108312629292,
            -0.07316064934843108,
            -1.7795757161640384,
            -1.21946820392817,
            0.8794607482750562,
            2.311160037023661,
            -0.5512530808142538,
            0.20829227841911266,
            -0.2670092494002935,
            0.3365546266688146,
            0.32108587917336917,
            0.8455167118398855,
            -1.1502412791419696,
            1.6944047292438826,
            0.18878094150938024,
            0.20886927680816103,
            1.2582719200771948,
            1.1997304368415924,
            0.003939025766640708,
            2.0959668298585323,
            0.42557387964992455,
            0.27991485840855823,
            0.43166383777309647,
            -0.6975258625780152,
            0.7556411502284255,
            -2.1177477841045,
            -0.6023027842499517,
            -1.815306368724338,
            -0.6994922693373367,
            -0.843404081089122,
            0.18192855786135842,
            0.08203694631182393,
            0.5639967921135017,
            0.2079462130767396,
            1.1116004368826067,
            -0.3691652033185201,
            -0.5053224436256032,
            0.5242656922832791,
            -0.7894115623338464
        ],
        [
            0.7223001079653679,
            -0.708497495361369,
            0.8173188613970113,
            -0.397689545512652,
            -1.1598931072474492,
            0.3137967398874399,
            -1.1120805219255243,
            -1.112819094337971,
            0.647029783710313,
            -0.4458466315466618,
            1.1743968308390058,
            0.05886506876402976,
            -0.3381191393521369,
            -0.020880518964762035,
            0.0,
            1.380824399572253,
            0.10838305981859231,
            -1.1558204496736826,
            -1.892720425761066,
            0.559782721235664,
            -1.2233425786693035,
            -0.3723745131854593,
            -0.1804436975686305,
            -0.9919899701249096,
            0.42146718420111273,
            -1.2875143076834659,
            -0.22022834981393097,
            0.8555811992227621,
            -0.5815128499462004,
            2.46369543725726,
            -1.1029683949346483,
            0.5340757000394741,
            -0.18364109855346072,
            2.6302001868936955,
            -0.8831138129794516,
            0.3781404367761916,
            1.5041763928159204,
            2.2128060126198115,
            -0.032020171744534275,
            0.7500542149325983,
            0.46101593509106803,
            -1.1012656440332924,
            1.4637498181605522,
            0.7326025262985976,
            -1.969970639511297,
            0.4676649385694688,
            -0.73762929365547,
            0.5486844596552131,
            0.35267304886389883,
            0.7783966047461677,
            0.6588678254221838,
            -1.7338521962050448,
            0.22199884140300488,
            -0.4032539325154165,
            -0.6456899503791859,
            0.042360667214336165,
            0.373388045238803,
            0.669427643103326,
            1.242395944260465,
            0.30019940851533977,
            -2.735919208434627,
            1.0694051850269284,
            -1.1162302006065918,
            1.5641142297005062
        ],
        [
            -1.0132215906569957,
            1.4604193445227955,
            0.15275045549974728,
            0.3538913779389684,
            -0.32286775921906835,
            -0.03215924401593088,
            0.41546155453098327,
            0.2991011354849284,
            -1.5252408733599807,
            -0.47586341450510117,
            0.1891722055167407,
            0.6419314652349477,
            0.05462538533110227,
            -0.5653408242695077,
            1.380824399572253,
            0.0,
            -1.7690505069553655,
            -2.012149382983113,
            -0.6796342372256768,
            0.3653166620033974,
            -0.009727902098375823,
            -0.8020445498466768,
            -1.2714606642461774,
            -2.039981834134773,
            -0.12291506728596308,
            -0.12535601747853967,
            -1.514957655395567,
            -1.2934495320841606,
            -0.7834495080287041,
            0.8445093941177453,
            -1.3884554668137243,
            0.31906557623890663,
            0.10118474492224688,
            0.07185774231238543,
            1.3893531721309593,
            1.2851262764432745,
            1.401791278419908,
            -2.3312305159880466,
            -3.0356357374430987,
            0.32166412340581113,
            1.7557517276386627,
            -0.025306562890079768,
            -1.4784019637174437,
            0.8793878955729257,
            1.7904553195277957,
            0.6430123642091036,
            2.68024234443394,
            -1.1319135762640282,
            -0.3510868720769243,
            -0.55822381279096,
            -0.4526071755854958,
            0.4997968220290494,
            0.08371717918840571,
            0.49271608803433486,
            -1.375345768482902,
            0.10496212688375299,
            0.9841068290683793,
            1.2814656804975924,
            -1.219230809624035,
            -0.43814710487813,
            0.16900152317179937,
            -0.3394119980066824,
            0.9063651712684828,
            -0.4994706349340972
        ],
        [
            0.7787005469357406,
            0.7911228235531095,
            1.2214591048881112,
            -0.07499062811561112,
            2.0330485954639337,
            0.5302103026943459,
            -1.0968139920250588,
            0.12378257252395275,
            -0.3370782896077197,
            1.6027854756413387,
            1.305159057927618,
            0.7921452580919879,
            -0.9622971931731296,
            -0.9597554595106588,
            0.10838305981859231,
            -1.7690505069553655,
            0.0,
            0.5577343861633605,
            0.07678578642481618,
            0.35574132271960296,
            -1.2593317922546796,
            0.7693781542054668,
            0.7122368638798285,
            0.4741580814533649,
            -0.3383569603208381,
            -0.23128404786295706,
            -1.6216226775187537,
            0.158250689700255,
            -0.04698324209137542,
            -1.0128517883486137,
            -0.46152942600992675,
            1.2852619708418678,
            1.1404833644768924,
            -0.5432343634380411,
            -0.5087545554162278,
            0.017972139694896083,
            -0.6832078631927753,
            0.5912021570764363,
            -0.24736980241807913,
            0.19998018393679423,
            -0.5636817164122999,
            -0.13566678674401048,
            0.22811058084180139,
            -0.12983233838688724,
            -0.17415936550773486,
            0.9487027314624316,
            -3.013498855184611,
            1.0450833216008066,
            1.0077877874941459,
            -0.23709346354577557,
            0.6052440533984533,
            -0.3963075404591236,
            -2.223601012293141,
            0.6015229372637462,
            1.5791825711017433,
            -0.3921604009277354,
            1.2831486218412784,
            0.26963440794548477,
            -1.0899538461381757,
            0.8517724083994368,
            -0.8635002258027782,
            0.8499867229225863,
            2.0996966093837166,
            -0.7613895455377518
        ],
        [
            -0.45675806628106025,
            0.391311296805629,
            -1.72037574431539,
            0.5127845854965907,
            0.5949087466075905,
            -0.9412414984312358,
            1.3821890225070175,
            0.3372277943257262,
            1.4125734276488147,
            0.16314543189128233,
            1.1887000446493257,
            0.027459922830535968,
            -1.0884951354015082,
            -0.31046586124773723,
            -1.1558204496736826,
            -2.012149382983113,
            0.5577343861633605,
            0.0,
            -1.8389710916397717,
            -0.7845971104522502,
            -0.8369850868695144,
            -1.2296290828865784,
            -0.046115172158055266,
            0.9764035338468045,
            -0.7419784824667168,
            0.17142550861713232,
            -0.06613965275452087,
            0.30892056712305627,
            -0.14305681452985672,
            0.9475924801365079,
            -1.2299444379595568,
            -0.25232609477717716,
            0.20719550444618956,
            -1.50721492840961,
            1.0422925280237103,
            0.2122192439187897,
            -0.7972804305969646,
            -0.8164111119109648,
            0.16277368019524713,
            -1.0673167875773497,
            -0.5787245489550191,
            0.6087422480346464,
            -0.17605849579350255,
            -0.29547321359683526,
            -0.12114240986397823,
            -0.20437099817892557,
            -1.1331661366849932,
            1.6378100308862964,
            0.6219150025386899,
            -0.5119862701042769,
            -0.6325191277568701,
            0.03337109937102169,
            0.36401399510544263,
            -0.3165161245839395,
            -0.9656926301131108,
            1.725935674344497,
            0.05236322839806786,
            2.9644581509569323,
            0.8641451665674613,
            -0.856900945232637,
            2.174248300602076,
            0.20854103917543892,
            0.8049620608092737,
            -0.7938850675704323
        ],
        [
            -0.21357492969801423,
            0.8753886357546834,
            -0.4422034700474518,
