{
    "N": 64,
    "id": "24e06aa8-8ce8-4864-8a28-eef2203d890e",
    "problem_type": "SK Spin-Glass",
    "distribution": "gaussian",
    "spins": [
        1,
        1,
        -1,
        1,
        -1,
        1,
        -1,
        -1,
        1,
        -1,
        -1,
        -1,
        -1,
        1,
        1,
        1,
        1,
        -1,
        -1,
        -1,
        -1,
        -1,
        -1,
        -1,
        -1,
        1,
        -1,
        -1,
        -1,
        1,
        1,
        1,
        -1,
        -1,
        1,
        -1,
        1,
        1,
        1,
        1,
        -1,
        1,
        1,
        1,
        1,
        1,
        -1,
        -1,
        1,
        -1,
        1,
        -1,
        1,
        1,
        -1,
        1,
        1,
        1,
        1,
        -1,
        1,
        1,
        1,
        -1
    ],
    "couplings": [
        [
            0.0,
            -2.5840639189354064,
            -0.1416505435997232,
            -0.7529855164157421,
            0.8084428846937345,
            -1.1803335143666107,
            -0.14670423425125736,
            -1.8825258019411628,
            -0.844692735852785,
            0.9108961700832288,
            0.3812608965107194,
            -0.6620997494073261,
            0.9358164030339846,
            -0.14444813063115158,
            -0.31227956384861977,
            0.8440104602433064,
            1.1233911270334809,
            0.5844841317735017,
            0.33588218143197646,
            -0.2736692943209901,
            0.01968086078865507,
            -0.1347036104529403,
            -0.5456681574414541,
            0.6470268659584408,
            -0.3643203866385033,
            -0.5860042590972028,
            -1.2936800089427987,
            -0.8228486185505886,
            -0.21343526264915627,
            -0.6568492044165045,
            1.0767903286580487,
            -1.0717475834111791,
            -2.117914017888522,
            -0.4630637532010981,
            0.33760175362445366,
            -1.5432210318982031,
            1.3648809151491024,
            1.5202695232120942,
            -0.8286029830065622,
            -1.2013244297108383,
            0.039961092785788944,
            -1.074375844739021,
            -1.2495003606638544,
            -0.2565023345002204,
            0.7943290523808053,
            0.5857147748030883,
            -1.2232704987997567,
            1.1245712211280219,
            -1.4092049791767853,
            1.1343513824564013,
            -1.0357575289162073,
            0.8638011440280824,
            0.4824998655820664,
            0.9701575093275083,
            0.9371460838350331,
            -0.8574272278874518,
            -0.4593033571350586,
            0.11227956273931548,
            -1.1968182737169888,
            1.5979258623879806,
            -0.46097155723617234,
            -0.077707906597933,
            0.8771458718932422,
            0.9854650830997322
        ],
        [
            -2.5840639189354064,
            0.0,
            -0.158855729295433,
            1.60886694449277,
            1.466472599033927,
            1.8413918415033923,
            0.26105905461834933,
            -1.4131571923485338,
            0.9726998937506569,
            -0.5478639353268584,
            0.012864635082161544,
            -0.26052859601111067,
            0.8862988233902738,
            0.9562498767181449,
            -0.3961977400430346,
            -0.8626017320882583,
            0.05607174680258529,
            0.7976514684895434,
            0.04694269425092839,
            0.27631607061713886,
            0.3234261371535137,
            -0.5250548406499134,
            1.541999142123198,
            -1.2755917458225663,
            0.8874391143956896,
            -0.9423863574646401,
            -0.05136255640680227,
            0.9285300918995404,
            1.081714897566826,
            1.4875185039089522,
            0.9190508026133358,
            0.6858358714416186,
            -0.07531888162395745,
            1.57069633832106,
            -1.5413157059439186,
            0.9881389401525742,
            -0.09773055461336963,
            -0.4535406667190156,
            -0.11942461752992882,
            0.8326545664598888,
            0.5751650623761239,
            1.823368157014766,
            -0.6678121703888545,
            -0.03265221263372188,
            1.0094827069369772,
            -0.3988681721918774,
            2.735902527301575,
            0.01734099939785219,
            0.6504547264215587,
            1.5773133445505896,
            -0.41216134700450113,
            -1.0503044246418418,
            -1.1003760661476227,
            0.392456848971061,
            0.1768888682185737,
            -1.5935141141081024,
            0.4469715679943004,
            1.1137660808323973,
            -0.0194420882264375,
            -0.09940283265937651,
            -0.2760242520025629,
            -0.4952139902183205,
            0.46118286811550835,
            -1.1031980116398976
        ],
        [
            -0.1416505435997232,
            -0.158855729295433,
            0.0,
            -1.6424052813374468,
            -0.39843170482441154,
            -1.3512115096907458,
            0.34562244117508034,
            -0.8667516115716258,
            1.1323462573566319,
            -1.3963392650502218,
            0.7509253517231346,
            -0.8832926866241797,
            1.7771276285457462,
            -1.3936495583294932,
            0.12127510092810691,
            -0.6215955741993057,
            1.0250883416459338,
            1.9275889564696496,
            -1.1447183567355357,
            0.7276339453170423,
            -0.1413024943670527,
            -0.6598990510227828,
            -1.0328864816175958,
            -0.36181332502554153,
            0.7326496933810094,
            0.7031135790601076,
            0.26153244387367003,
            0.1679003677468007,
            -2.9038125485262007,
            1.5538070824272414,
            1.6248769614317298,
            -0.20554168828922637,
            -0.12425980075946053,
            -0.4629885522361557,
            0.2018588389485663,
            0.9157789808716434,
            -0.012671942869947356,
            0.18308338274191677,
            -1.2367793252157917,
            0.6528240633628563,
            -1.6066979057520607,
            1.1528893121220012,
            -0.17483912640864008,
            0.10391413734701214,
            0.5915235830376215,
            -0.9810682707870068,
            0.2561423128616605,
            1.015664184156826,
            -0.37847919708934163,
            1.1118674655519418,
            -0.10126939951110775,
            -0.5617245090851801,
            -0.7467080875280206,
            0.19658796997156222,
            0.2690569183552899,
            1.44098708507424,
            -1.923064680481964,
            0.5603233715555016,
            0.38430120153433933,
            -1.8288808963134897,
            -0.35745256337589265,
            -0.5225525059707963,
            -0.377757595003993,
            2.1728351413514275
        ],
        [
            -0.7529855164157421,
            1.60886694449277,
            -1.6424052813374468,
            0.0,
            -1.2660806997672718,
            0.29411194401211443,
            -0.5907628845096893,
            -0.12048199538088868,
            1.3602640445445455,
            -0.559123288404544,
            0.2554297504050901,
            -0.2713892894617938,
            0.643377679764554,
            0.5109736744687692,
            -0.48462802333412913,
            -0.4381518311795164,
            0.8917455306301543,
            0.6137448854251101,
            0.062228699621309454,
            1.3653320673171037,
            -1.5316613069176328,
            -0.6330714681571433,
            -1.0064755844243372,
            1.3465011592931537,
            -1.835840872555409,
            1.3428269582760564,
            0.33550262455394564,
            0.5953618002058687,
            0.5581701894886232,
            -0.3083794559458328,
            0.4667136073775058,
            0.5691369865302536,
            1.0193835995669882,
            -0.08252376612174302,
            -0.03274507185706791,
            1.2898358550224172,
            0.5337687616155231,
            0.5401059423911946,
            0.7754411887081663,
            -0.21183125558288055,
            1.3957465757914944,
            0.808007397612723,
            0.06278527301596479,
            0.806761601897299,
            -1.0373852042444678,
            0.05156868664806603,
            0.5360587663899685,
            -0.771223652088937,
            -0.24501985034425905,
            0.23537681650575565,
            1.194487208830963,
            1.429806269813302,
            -1.1318684520756501,
            1.2989900713759963,
            -0.2423798756062161,
            0.7523954605297682,
            -0.23539601270805,
            -0.4573893697365049,
            -1.1779760746456167,
            -0.03456536857157216,
            0.42023400967291535,
            0.5307438953414239,
            1.1397909346295085,
            2.503268239842117
        ],
        [
            0.8084428846937345,
            1.466472599033927,
            -0.39843170482441154,
            -1.2660806997672718,
            0.0,
            0.09427932648102796,
            -0.24322592598592468,
            -0.538980324026692,
            -1.8865760590441936,
            -0.1627161365507717,
            1.5480612355298158,
            0.2449129985303974,
            -1.0407250525817484,
            0.6119701195915519,
            -0.38496952607214024,
            -0.5294108633962746,
            0.27058933285904946,
            0.23719524099077757,
            -0.4368309500489009,
            -0.7282663941996607,
            0.17991148626657363,
            0.801253556119851,
            0.25115608436912273,
            -2.043651491938397,
            1.5747614623545838,
            0.07434654683336384,
            -1.9278197113855644,
            0.8046080649376713,
            0.10901608053726816,
            0.17655644585701138,
            2.2187077128240413,
            -1.5177568938457715,
            -0.8012190418631662,
            -1.3326860786468675,
            0.2939438596225469,
            0.9451653266265649,
            1.778139482651013,
            -0.9147182735431658,
            0.014699365987776427,
            -1.3889841112925274,
            1.1254413626302908,
            1.1468178466554881,
            0.3167834316049689,
            0.8092898778763228,
            -1.0088956532252522,
            0.7693358018017371,
            -0.18003183256525063,
            -1.4691036988281976,
            -0.5310248585816689,
            2.244654198412736,
            1.3344686227170564,
            -1.6808497889610852,
            0.6896263927979009,
            -0.5068044174862555,
            1.485242656996333,
            -1.8189513305304932,
            -0.2788398664041696,
            1.0682312825458469,
            -0.17729875137982748,
            -1.0403861131486465,
            0.9526240476688037,
            1.2071141839131583,
            0.17835946192766647,
            -0.12924913959927828
        ],
        [
            -1.1803335143666107,
            1.8413918415033923,
            -1.3512115096907458,
            0.29411194401211443,
            0.09427932648102796,
            0.0,
            -1.2140041766352547,
            1.0950699826562504,
            1.3067977590294126,
            -2.2461972384976647,
            0.09722046823032156,
            -1.8635819549372183,
            1.1132866751943271,
            2.6397694481121237,
            -0.5213077656277121,
            -0.4895729574768855,
            -0.9869666834237805,
            0.0007732417741060304,
            0.5638945821720531,
            1.0686452239849704,
            -0.5996204364659931,
            0.20125995574151576,
            -0.8527484385965303,
            1.5891856368436004,
            0.3590149002705939,
            -1.396396567657518,
            0.1747680142617179,
            1.6198436061611177,
            0.13132607231116344,
            0.3585978514956093,
            -0.6434581666707262,
            -0.15350775572405218,
            -1.0367413479450314,
            -1.323553034159577,
            1.0543758224742237,
            0.13464133471758888,
            -0.9666034755974979,
            0.00840089155420221,
            -1.0354493912354323,
            -0.5955386188437047,
            -1.2512226757013658,
            0.15171862086949733,
            -2.0330319027745443,
            0.427963897566664,
            -0.20232813376006775,
            -0.4450345334832083,
            -0.6552446616289335,
            0.6196264897774268,
            -0.5031856397686751,
            0.7524944587944706,
            0.08803226790730363,
            -0.10295395332322146,
            0.4294567107077513,
            1.3409764086122444,
            -0.5469522549512754,
            -0.5443075908330277,
            -2.0468690066532393,
            1.7489973614130592,
            -0.9122825812230764,
            -2.3471959010188748,
            -0.4089799279216966,
            2.4534461302374946,
            1.1035093645949219,
            0.6432092499274624
        ],
        [
            -0.14670423425125736,
            0.26105905461834933,
            0.34562244117508034,
            -0.5907628845096893,
            -0.24322592598592468,
            -1.2140041766352547,
            0.0,
            0.5135174002949995,
            1.05252560612559,
            -0.6055053160719158,
            -1.0537372693224467,
            -0.9485879631718417,
            0.15547376489547746,
            -1.000356181092047,
            2.7914390621983913,
            -0.46486473523907645,
            -0.8705142221837795,
            -0.1182940609286767,
            -0.5774945960685106,
            -0.21131136127986228,
            0.9699086527759037,
            -0.9250958480216495,
            3.329149807763035,
            0.8375639180468333,
            -0.04549399768206308,
            0.08568911963039594,
            -0.31362347595721757,
            0.808222512070688,
            0.9539278996494576,
            0.2348300439615988,
            0.031215645667352524,
            -1.8189657139042958,
            -0.16906267086276563,
            0.8569015254325183,
            0.22555287302512908,
            -0.035727520931040875,
            0.21003870311357734,
            -0.8839309876051581,
            -0.6888877197868092,
            1.102403859702091,
            0.7010366010204852,
            0.04949607559127839,
            -3.3430045145949103,
            -0.16672365474665343,
            0.9554265952668527,
            1.6274335752730107,
            0.017915706136100384,
            -1.105602066341199,
            -1.217602612406406,
            0.11901155682100152,
            -1.498372481077987,
            -0.9461368721581418,
            0.8703147497748374,
            -1.180398142872422,
            -0.599134369367432,
            1.0627683951797091,
            0.44787172472047576,
            0.6573167439860793,
            -0.005095536872855572,
            -0.7957924675726237,
            0.40715932114524667,
            -0.5717009358329306,
            0.5883742746785635,
            1.3451728942742212
        ],
        [
            -1.8825258019411628,
            -1.4131571923485338,
            -0.8667516115716258,
            -0.12048199538088868,
            -0.538980324026692,
            1.0950699826562504,
            0.5135174002949995,
            0.0,
            -0.83217288072107,
            0.027093864949227168,
            0.27124701807209284,
            1.6278670901787164,
            0.6382517729465843,
            -0.038227908583669985,
            -0.44317903284138477,
            1.2001106079481145,
            0.7783325894246176,
            -1.1603913787156326,
            -0.5578184839075538,
            -0.8038687700953777,
            -0.8496831984325811,
            0.3512333378633065,
            0.3961146876834726,
            -1.4797115610173712,
            -0.5516251200565913,
            -1.995967982728546,
            1.0085304618519941,
            1.6023259244870858,
            1.4536266783656342,
            0.8168409686908528,
            -1.1607603810757083,
            1.3982030777794472,
            1.0801842732582225,
            0.7299629434244852,
            0.8217481533159354,
            -0.28300915665565674,
            1.3133786604561208,
            0.7236853409476457,
            0.8691936287545483,
            0.5542533968003815,
            0.18175342218595658,
            0.38221865036021024,
            0.01887870673360737,
            -1.6585331287008955,
            -0.4909465040036984,
            -0.7350442146691862,
            0.37029326055115,
            -0.04883807202419159,
            -0.044022119935563445,
            -0.39146759478051146,
            0.9242099428927891,
            -0.15432440700351935,
            0.38721629952108877,
            -1.2776803615136763,
            -0.9693185488542122,
            -0.2219365827922491,
            -1.0496649044554454,
            -1.8175035215994073,
            0.8480823185573351,
            0.3117169537874772,
            -0.2870964349262311,
            -0.06712380328261161,
            0.41068573830756466,
            0.772665145047889
        ],
        [
            -0.844692735852785,
            0.9726998937506569,
            1.1323462573566319,
            1.3602640445445455,
            -1.8865760590441936,
            1.3067977590294126,
            1.05252560612559,
            -0.83217288072107,
            0.0,
            2.6697824721895786,
            0.020340680442610864,
            1.5054302634263843,
            0.3872271953000801,
            -1.6739522296688394,
            -0.2831335277745288,
            -0.17227862208762826,
            -0.08357267086090876,
            0.6419232202100682,
            -0.7944363752036059,
            -0.41790428468795054,
            0.5452965550495624,
            -0.7193235561479792,
            -1.9906222056703704,
            1.6729422262960234,
            1.430545583560132,
            0.7777972617279899,
            0.6767878019542009,
            0.28529859354819465,
            0.7161007060132699,
            -1.745399761485652,
            0.46605367568348216,
            1.4641325180767795,
            0.46744706231251765,
            -0.06466021884577902,
            -0.26261282292454685,
            1.1404113242357197,
            1.0598864882455667,
            -0.24821517371311555,
            1.682372960155854,
            0.31535732192107463,
            -2.0132045697776553,
            0.8708976942064434,
            0.0648282766883751,
            -0.1499825899943221,
            2.5541243194338517,
            -0.6010720160495123,
            -0.4089684618933445,
            -0.3261129023257242,
            -0.34335471200796963,
            -1.419035270013408,
            2.242234705771462,
            -0.8540096753860575,
            -0.6608108755488412,
            1.3674022173982854,
            -0.7570503862650174,
            -1.66735138164364,
            0.9384884607325106,
            2.317242634008807,
            0.8232229752420674,
            1.753522645688667,
            -0.3970493698614458,
            1.6561272724568399,
            -1.0479434891472972,
            -0.1903541848765099
        ],
        [
            0.9108961700832288,
            -0.5478639353268584,
            -1.3963392650502218,
            -0.559123288404544,
            -0.1627161365507717,
            -2.2461972384976647,
            -0.6055053160719158,
            0.027093864949227168,
            2.6697824721895786,
            0.0,
            0.3117086540805305,
            -1.287797935152963,
            -1.4218799314460695,
            0.1449050366661561,
            -1.2107325859421267,
            0.009809385066147069,
            0.4674462131539812,
            -0.06483584413970811,
            -0.5055302567926201,
            0.7296745782736098,
            -1.690440922061624,
            0.09893124223039794,
            -1.6255407115282008,
            1.6326734383479198,
            0.2963532489538106,
            -2.1563577504056064,
            -1.2060414811399605,
            -0.6407449347315315,
            0.48357764400146697,
            -0.9378743613401379,
            -0.7913740948471555,
            -0.13169884203928822,
            -1.9081973047572653,
            -0.3621011777271888,
            0.33687058397228536,
            0.7263582553928662,
            0.6018863542252049,
            0.08022357404376142,
            -1.202159867499361,
            -1.5770617452212372,
            1.5348514166306664,
            1.2362469539221161,
            0.20863634419296717,
            0.18532168577235172,
            0.7102006716302381,
            0.40279125967066104,
            -0.6815161609116797,
            1.0974070278887211,
            -0.359321791433509,
            1.9547151501659645,
            -2.6967257849707282,
            0.14595424799667855,
            0.7034868876690195,
            0.6265384840792826,
            -0.3356873955167286,
            -0.31922894192888596,
            -0.724623206985543,
            1.235016181111137,
            -0.6425747182783293,
            -0.4405869992982801,
            -0.7702261851272677,
            -0.5409601772367515,
            -0.44065080957886155,
            0.7540099639971071
        ],
        [
            0.3812608965107194,
            0.012864635082161544,
            0.7509253517231346,
            0.2554297504050901,
            1.5480612355298158,
            0.09722046823032156,
            -1.0537372693224467,
            0.27124701807209284,
            0.020340680442610864,
            0.3117086540805305,
            0.0,
            0.5694334407352684,
            -0.5613019303398902,
            -1.0935250164876151,
            -0.11826474188769774,
            0.4327543725370749,
            1.9531252187159025,
            -0.67182094746336,
            0.7173593377883889,
            -0.9649059284386069,
            -1.3631346397344724,
            -1.813918167164469,
            0.7559062036302588,
            0.40299173869393207,
            0.29462740721304925,
            -0.29816961336069586,
            -0.7183296523550854,
            -0.6415228253467464,
            -0.9620733227670943,
            -1.2800833340335391,
            -0.1071106292815781,
            2.0320968331152027,
            -0.6702478422573445,
            -0.06836562746539163,
            1.6551018122026775,
            2.806094464016312,
            2.116997196651459,
            -1.674123650345321,
            -0.23893855145119539,
            -0.7146797238137587,
            0.18795908861520752,
            1.0112474164615444,
            1.9434152712746984,
            0.026350500613338917,
            -0.15975292464037433,
            -1.0779810816011173,
            -0.00787203649727165,
            -2.0299593000923744,
            -0.07985020910074123,
            0.6060653005047986,
            -0.9380240865649643,
            0.7214904127531503,
            -0.9215646306667608,
            -0.4492728178610534,
            -0.3902575936810556,
            0.5261861013112054,
            -1.1760040962470422,
            1.2952494314711327,
            -1.4613130096856723,
            -0.31907300451171844,
            0.042615951443899,
            -0.43146747867938273,
            -1.9008818479647014,
            -0.3697186642931016
        ],
        [
            -0.6620997494073261,
            -0.26052859601111067,
            -0.8832926866241797,
            -0.2713892894617938,
            0.2449129985303974,
            -1.8635819549372183,
            -0.9485879631718417,
            1.6278670901787164,
            1.5054302634263843,
            -1.287797935152963,
            0.5694334407352684,
            0.0,
            -1.5579915744433568,
            -0.5250997226899576,
            -0.799092055864625,
            0.40593240329180214,
            -0.0008457096586473136,
            1.3752851497395793,
            -1.1471764012914358,
            0.2001786975119949,
            -0.48095377809151074,
            -1.9752074208961043,
            0.08141142924974805,
            0.8559342446291652,
            -1.2709204753977714,
            -0.27803139486139034,
            -0.04274812334677427,
            -2.2992683941277683,
            -0.6255934944262498,
            0.610929283276292,
            0.2640687255415553,
            -1.0915218861426528,
            0.4894187231459055,
            1.043339663714005,
            -0.5422629654154445,
            0.9918287916557519,
            1.3248422847501717,
            -1.1362026111164998,
            0.8993497385497471,
            0.12329028559513244,
            -1.069285032249984,
            -0.24668681562955,
            0.8540673375503892,
            -0.21732816189632895,
            -0.6566905147415916,
            -1.27483281739516,
            1.0400876698082804,
            0.36078391666118903,
            -0.8355820691661133,
            -0.7168913574299528,
            -0.46852992530568294,
            0.15241318687073419,
            -0.7757643748242234,
            -0.21433504771293418,
            0.46824601127045445,
            0.4892462189431016,
            1.154636991875191,
            0.007274638538122286,
            0.40437470731076763,
            0.707852895225915,
            -0.29972327943287924,
            0.7413528565411516,
            -1.0503155853116628,
            0.3988681906960544
        ],
        [
            0.9358164030339846,
            0.8862988233902738,
            1.7771276285457462,
            0.643377679764554,
            -1.0407250525817484,
            1.1132866751943271,
            0.15547376489547746,
            0.6382517729465843,
            0.3872271953000801,
            -1.4218799314460695,
            -0.5613019303398902,
            -1.5579915744433568,
            0.0,
            0.2563225850473336,
            -1.217194571076474,
            -0.40018940615654736,
            1.3702614051924278,
            0.25084896591057604,
            1.2114335223939605,
            -0.6579502788907604,
            0.17548897352105983,
            -0.5876922688838148,
            -0.6700759640120436,
            -0.4326459885006799,
            -1.521436005644124,
            -1.203109458066375,
            -1.4846214638387116,
            -1.9611437850094247,
            1.2169697955719445,
            0.5409373344030289,
            -0.45981805249186114,
            -0.30535542987107794,
            -0.6249225372864556,
            0.04305292137277652,
            1.012272876068619,
            0.562602576690657,
            0.48603387349435295,
            0.005734191526735673,
            -0.5128524367386602,
            -0.7138664571165854,
            1.412445239816069,
            -2.447441340889846,
            1.1492422776031672,
            0.5775849620231382,
            1.5413349679513704,
            0.9964490045859309,
            -0.970626476177855,
            -0.7762895145491354,
            -0.20941118581817808,
            -0.9253229900432851,
            -0.02197175366488259,
            -0.6440053979761554,
            0.13138953662953254,
            -0.22669592819445827,
            -0.1907752219127645,
            1.2989734302912517,
            1.001726546393652,
            2.371678428717135,
            0.738247034404867,
            -1.0792496336964748,
            -0.10560977392264125,
            -1.2598089492615046,
            -0.14827323804876544,
            -1.259458867628492
        ],
        [
            -0.14444813063115158,
            0.9562498767181449,
            -1.3936495583294932,
            0.5109736744687692,
            0.6119701195915519,
            2.6397694481121237,
            -1.000356181092047,
            -0.038227908583669985,
            -1.6739522296688394,
            0.1449050366661561,
            -1.0935250164876151,
            -0.5250997226899576,
            0.2563225850473336,
            0.0,
            0.9342665977642074,
            1.4840210644578828,
            0.11018351459066804,
            0.75363961205441,
            0.3304910690911232,
            1.119852632620116,
            0.8580417993695756,
            0.4976089235547359,
            1.168361813438093,
            0.6341658604245606,
            1.4889537260245398,
            -0.877711659715805,
            -1.1870778217929179,
            -0.7695674289939355,
            -0.2990187017379449,
            -0.944423600010658,
            -0.5604903710123836,
            -0.07445107759381973,
            1.4305899194747596,
            -0.21471211314811947,
            1.8561345274782608,
            0.721092902046652,
            -1.423783505718513,
            -0.7135436894280525,
            1.9190999288080743,
            -0.7796302222657941,
            0.30239713219875414,
            -2.067984160912589,
            0.5286092734820641,
            -1.146646202736898,
            -0.4276979119324577,
            -2.178098112604796,
            -2.4056001450471824,
            1.4476203456791519,
            1.1719362911417484,
            0.17742954375653913,
            -0.40340203865574253,
            -0.4597064521365664,
            -1.8668250388250363,
            -1.1679425254918292,
            1.1664149013187057,
            -2.0188619323887114,
            0.7970136796295324,
            0.20312866933831852,
            0.37557310518109266,
            0.5682988230917713,
            0.268515078180275,
            1.213294062926856,
            -0.8076290054511904,
            0.7609319959540206
        ],
        [
            -0.31227956384861977,
            -0.3961977400430346,
            0.12127510092810691,
            -0.48462802333412913,
            -0.38496952607214024,
            -0.5213077656277121,
            2.7914390621983913,
            -0.44317903284138477,
            -0.2831335277745288,
            -1.2107325859421267,
            -0.11826474188769774,
            -0.799092055864625,
            -1.217194571076474,
            0.9342665977642074,
            0.0,
            -0.10319071212169587,
            -0.6297491383569895,
            1.027406819723001,
            1.210068154073501,
            -0.5211736068118635,
            0.7304979127130342,
            -0.9149456315679554,
            0.3957685481355405,
            -1.2704479249436826,
            -0.28674156359768477,
            2.074099336660479,
            -0.5003475926060517,
            -1.8359962345552558,
            -1.076988086386943,
            0.9669310846789626,
            -1.5955265583787661,
            -0.340715724397628,
            -0.04855281821889423,
            -0.003116079936450495,
            0.6850914399617122,
            -0.8069595314065012,
            0.015127133980324815,
            -0.0799978570344835,
            -0.8801321881926989,
            -0.32332695077712204,
            -1.0075163937735487,
            -1.0992200064955269,
            -0.605469143521426,
            0.2437414821895263,
            -0.7148896468968641,
            -0.2877789531765208,
            0.106800476694538,
            -0.7423939671063352,
            0.6937050493220355,
            0.7020578965505566,
            -0.75177251948814,
            -1.1185569989278266,
            -1.275959317894713,
            0.6886949998414229,
            1.1772683293499595,
            -0.8456224361362821,
            1.2881024399818002,
            2.106253305213364,
            -0.01554593032095816,
            1.1759070450761846,
            0.2063982237724924,
            0.5243703434815689,
            0.41887791295766025,
            0.9053087732900187
        ],
        [
            0.8440104602433064,
            -0.8626017320882583,
            -0.6215955741993057,
            -0.4381518311795164,
            -0.5294108633962746,
            -0.4895729574768855,
            -0.46486473523907645,
            1.2001106079481145,
            -0.17227862208762826,
            0.009809385066147069,
            0.4327543725370749,
            0.40593240329180214,
            -0.40018940615654736,
            1.4840210644578828,
            -0.10319071212169587,
            0.0,
            1.2127305607630772,
            0.4747883062924047,
            0.8126520287407547,
            -0.36386617054821163,
            -0.07275467205912674,
            -1.7572670722392192,
            0.6583812315708921,
            0.5433288929819706,
            1.3346153326300805,
            0.11950626214034754,
            1.419248230427641,
            -0.8462978274652849,
            0.5323769919892593,
            1.0660318857711337,
            1.8517939728128014,
            1.1828639139019756,
            -1.202054037505569,
            -0.8535176398329724,
            1.518335763440236,
            -1.6905081358485294,
            0.928718299227116,
            -0.0037791250915851877,
            -0.28508362135385085,
            1.7898924145673645,
            0.11199958911642256,
            -0.7157775100157632,
            -0.25284045913783015,
            0.13458922025958225,
            -0.9026005801409445,
            -0.8558684273705895,
            1.6649928611599987,
            -0.32971125419945485,
            -1.5601818834300871,
            -0.23831308019922112,
            0.06335969675648451,
            1.283633954767953,
            0.1389833823879654,
            0.8935793819571033,
            -1.3811002477502288,
            -0.6504337289746451,
            1.0254398661034128,
            1.6313558395284526,
            0.053090988893435234,
            -0.5079936953793502,
            -0.5818018891844093,
            1.455576484500808,
            -0.5810475985627912,
            1.1414461659848891
        ],
        [
            1.1233911270334809,
            0.05607174680258529,
            1.0250883416459338,
            0.8917455306301543,
            0.27058933285904946,
            -0.9869666834237805,
            -0.8705142221837795,
            0.7783325894246176,
            -0.08357267086090876,
            0.4674462131539812,
            1.9531252187159025,
            -0.0008457096586473136,
            1.3702614051924278,
            0.11018351459066804,
            -0.6297491383569895,
            1.2127305607630772,
            0.0,
            -0.5573903614180507,
            0.6850917945137959,
            -0.24718242481491293,
            0.7148294411290494,
            -0.5925422045512813,
            1.4922018963552826,
            1.086264694555652,
            -0.5996743075207273,
            0.31072487532226767,
            -0.13486767507674255,
            -0.5040004866463335,
            1.3734358947471754,
            0.5439414897269569,
            -0.4503924212957986,
            -1.3615615529484397,
            -0.6173253715278145,
            -0.15433211565731822,
            0.6097319431986513,
            -0.5075112485240336,
            0.5865098540094533,
            -0.502990657465624,
            0.637043901641857,
            -0.1885490550727038,
            -0.030643986150288727,
            0.8516764483042187,
            -0.873764183791317,
            -0.11708516748730602,
            -0.2855172499713228,
            -1.256802325767099,
            0.6969982850815698,
            -0.19226096687626962,
            -0.038534225799704176,
            0.19533957008725578,
            -0.6766224744000295,
            0.8059471400292186,
            -2.19328988698126,
            -0.8654034539989595,
            -1.0804575031006372,
            0.7966116187061915,
            -0.2619899635068904,
            0.5331631935698089,
            1.5279448093764405,
            0.8466394384593204,
            -1.470832352816238,
            -0.07372845393222614,
            0.8135440652366757,
            -0.12573327132419224
        ],
        [
            0.5844841317735017,
            0.7976514684895434,
            1.9275889564696496,
            0.6137448854251101,
            0.23719524099077757,
            0.0007732417741060304,
            -0.1182940609286767,
            -1.1603913787156326,
            0.6419232202100682,
            -0.06483584413970811,
            -0.67182094746336,
            1.3752851497395793,
            0.25084896591057604,
            0.75363961205441,
            1.027406819723001,
            0.4747883062924047,
            -0.5573903614180507,
            0.0,
            -0.3563165811362144,
            -0.7345746205695761,
            0.41166802874561653,
            0.16397024729335877,
            1.591186493642675,
            -1.1516081350219243,
            0.35651438904564076,
            2.1224861253257936,
            0.43026262604178095,
            -2.096015219747659,
            -0.49252648588822356,
            0.6573804433837953,
            -0.16252178408525603,
            -1.2890588543406747,
            1.2419790732594327,
            0.7046048524936351,
            -0.27060044471843137,
            -0.16254818200689983,
            -1.8114690589105829,
            0.3821233437572692,
            0.38319807071705114,
            0.5217903007110002,
            0.12112477501709269,
            -1.3167942587890027,
            0.10520119697760902,
            0.14636576237045948,
            0.4487479871283374,
            -1.2335859146063222,
            1.266407100668284,
            -1.0683116360175753,
            0.28431199602692075,
            1.7870762509063012,
            1.6002111863391728,
            0.9625547689914542,
            0.42204205340074685,
            -1.0307019162640294,
            -0.4616889379903365,
            -0.4713957516167236,
            -1.1627623931268887,
            1.8076456047258491,
            -1.8595116429811278,
            -1.1306518147170894,
            -0.8360787165416291,
            2.9654936958362255,
            0.4751559697847233,
            -0.08687478256259333
        ],
        [
            0.33588218143197646,
            0.04694269425092839,
            -1.1447183567355357,
            0.062228699621309454,
