{
    "N": 64,
    "id": "9c921a09-db6d-48ec-bce7-5af75e6de564",
    "problem_type": "SK Spin-Glass",
    "distribution": "gaussian",
    "spins": [
        -1,
        -1,
        1,
        1,
        1,
        1,
        -1,
        1,
        -1,
        1,
        -1,
        1,
        1,
        1,
        1,
        1,
        -1,
        -1,
        -1,
        1,
        -1,
        1,
        -1,
        -1,
        1,
        -1,
        1,
        -1,
        -1,
        1,
        1,
        -1,
        -1,
        1,
        1,
        1,
        1,
        1,
        -1,
        1,
        1,
        1,
        -1,
        1,
        -1,
        1,
        -1,
        1,
        1,
        -1,
        -1,
        -1,
        -1,
        -1,
        -1,
        1,
        1,
        -1,
        1,
        1,
        -1,
        1,
        1,
        -1
    ],
    "couplings": [
        [
            0.0,
            1.2816522126669345,
            -1.994844957758715,
            -0.904276436509905,
            0.7410952107607027,
            0.4644794588385988,
            1.0163390710879074,
            0.4157022266529376,
            0.39766820211033965,
            -0.578028803883038,
            -1.1954572897701423,
            -1.7512175557712246,
            1.0757742498872152,
            -0.865204345356592,
            0.400327361219783,
            0.2680742339377925,
            -1.1193822461436065,
            -0.4558195434331715,
            -1.0729298996073517,
            -0.13818812690978585,
            -0.7522914566798649,
            0.25258167237659573,
            1.1056621191817746,
            -0.7533907901320975,
            -1.1704190784453963,
            -1.8957058446344857,
            0.23078884221851476,
            0.5203234952343674,
            -0.5437929774306144,
            0.2533888246245552,
            2.3881883586054373,
            0.6347783059361047,
            -0.46504939647510785,
            -1.2563591726720382,
            0.13692030813029848,
            -0.24467702068290206,
            1.6758388473439818,
            -0.908239917000384,
            1.3272485773236042,
            0.11458053969249583,
            -0.5001479072137794,
            1.4737696327929404,
            0.484678407445843,
            -2.0943546628321656,
            0.17166509814749512,
            0.8668031379694497,
            -0.189248304147699,
            1.6482243684967293,
            -2.2636873834841222,
            -0.4616737342726957,
            -0.3470355302536911,
            0.40979882785136934,
            1.1123172799044982,
            0.7331053803995647,
            0.48736584356622886,
            -2.2273392791837208,
            -0.6013181781447176,
            1.2403707685093892,
            -0.0880320693084589,
            -0.8544701301381786,
            -1.1686968507664108,
            -0.2621433694046972,
            -0.5577589622074569,
            -1.5318140914746627
        ],
        [
            1.2816522126669345,
            0.0,
            -1.1880722100619687,
            0.8202304736724455,
            0.06679640619400654,
            0.6734758742283709,
            -1.5336161909074066,
            1.2735626959643567,
            -1.0061030917880713,
            1.4550415583998488,
            1.3132833332895617,
            -0.14149272833656548,
            -0.3368560506512127,
            -1.2550012641752002,
            -2.2435678822011984,
            -0.6953056749203741,
            -0.4984018458065687,
            -1.0516325409497267,
            1.73744933556998,
            0.6510248447987609,
            -1.4922618039359206,
            -0.15748381491350213,
            0.7464724490121272,
            -0.6271531270081796,
            -0.5686537121692969,
            3.028067172409765,
            -0.07734325707379767,
            0.44350181494899266,
            -0.082743929733966,
            1.6372315399740298,
            0.4298277027274477,
            -0.5496863311418562,
            0.7712935271296897,
            1.175654369771188,
            -0.04783292012851799,
            -0.6090953579836256,
            0.514817451552599,
            -0.9653234729647002,
            -0.2044963899204284,
            -0.4604126818009677,
            1.6073762439460535,
            -0.38593118919771646,
            1.505842613829585,
            0.07212718177347226,
            0.9560020606411418,
            1.0829993568215064,
            -1.927752634932969,
            2.6787542766781827,
            0.14726358912065118,
            -0.8741750864075015,
            0.8182167747225505,
            0.36888642928836757,
            1.3469514879624243,
            0.5731594549132413,
            -1.9596183037668249,
            -0.4249099064574313,
            1.2663376855514417,
            -0.061656540183192644,
            -0.8290684114810574,
            -0.4668347113443151,
            0.10691040065180434,
            -0.38460546397456213,
            0.14793783409827635,
            -0.3986294636707842
        ],
        [
            -1.994844957758715,
            -1.1880722100619687,
            0.0,
            1.5807915303524784,
            -0.25248510661797385,
            1.0903219155427006,
            -0.4413172145358268,
            -0.8609861237200604,
            0.022132069833937767,
            -0.015092094917096881,
            -1.7796411585105933,
            -0.35865907942022435,
            -0.43557442560231047,
            -0.02976848390929806,
            1.880175631824559,
            -0.8758687050743784,
            0.03595001298086171,
            -0.6059521227468317,
            1.5016670463580246,
            -0.038476224008356076,
            -0.42025595787637027,
            1.055718658798933,
            -1.1168747692820404,
            -0.7272840689454305,
            -0.06685727871857572,
            0.6110752226384759,
            2.1384327500658316,
            -0.44378282950223263,
            0.7753286406277325,
            0.05336339338590992,
            0.056352035786761775,
            -1.1805886359282265,
            -1.2960092753519405,
            -0.5935400302829004,
            -0.07206065935678481,
            0.5153190703159274,
            1.0034574135203242,
            0.7765166398542827,
            -0.6997963976079643,
            -1.8826708372336667,
            0.9461493700337242,
            -0.29152689564725637,
            -0.11520328339672897,
            -0.9961013119897971,
            1.6659823371268012,
            0.220612861454981,
            1.9567044496080146,
            0.7309891204921722,
            -0.6842396506591518,
            -1.1050862127407535,
            -0.07878087880986788,
            -0.29254432958053905,
            -1.4816164628810162,
            0.090507209289489,
            0.028292481294905244,
            0.08080603580338963,
            0.982011876516823,
            1.309879734278045,
            1.0640588907458401,
            1.073549813306169,
            0.2817789937891443,
            0.27393697093934755,
            -1.9606599305379313,
            -0.4321837213085938
        ],
        [
            -0.904276436509905,
            0.8202304736724455,
            1.5807915303524784,
            0.0,
            -0.61006691514579,
            0.3405061017666941,
            0.19126919383249336,
            1.6699967542137482,
            0.9212726010537886,
            0.5179268047332848,
            -1.0477958376048933,
            1.0666364275159819,
            -0.23653382113146731,
            -0.25174279949310135,
            -1.6271150323766637,
            -0.9401895380550827,
            -0.24248786086758056,
            0.6850415755534699,
            0.5358814351477119,
            -0.2930547048958748,
            -0.6221593500630763,
            -1.040090327655948,
            -0.12591040748712326,
            -0.5789200897111203,
            1.6452875178688207,
            -1.149611641578975,
            -1.3830126676993997,
            1.0901469769444831,
            1.7268662400570625,
            -1.488063193796924,
            -1.4474218648400357,
            -0.5768499768925112,
            -0.3979686400481414,
            -1.7901130623495582,
            -0.254265107029448,
            0.9525831456572895,
            0.32232719485907896,
            -0.33729459207433676,
            -0.49072808290344216,
            0.5451436435635556,
            0.5066609922537757,
            -1.6411753778844658,
            -1.2827983770033315,
            0.3995350005746504,
            -0.5912243453289882,
            -1.3973955187500746,
            0.00906969898803422,
            0.49750689528822634,
            1.9077821535135486,
            0.19815977635110726,
            0.06859964041508924,
            -1.2056877740359007,
            0.4796921286928283,
            -1.0658586565719383,
            -1.6431955044774977,
            -0.4904016646972744,
            1.0972677286852868,
            1.5773502155871715,
            -0.24533641519260171,
            -0.3003211246150428,
            -0.28512030358214596,
            0.5343987056493884,
            -1.8047941240425578,
            -1.4716837960028035
        ],
        [
            0.7410952107607027,
            0.06679640619400654,
            -0.25248510661797385,
            -0.61006691514579,
            0.0,
            -0.7718814507361713,
            -0.18144219734026007,
            0.2186265046354046,
            -0.43858386487179707,
            -0.2894752842340309,
            0.2666187230352725,
            -0.4094081037353014,
            0.06531116622231807,
            0.4322485004413381,
            0.8872691241219604,
            0.25417922866862463,
            -0.3807810530264049,
            0.652832698713509,
            -0.46593946823522,
            0.03423654969275331,
            -0.32311884966191823,
            1.9140868999048575,
            -0.9165102222710617,
            -2.235222005037646,
            1.0255073468238332,
            -0.3819254095832459,
            -1.3577546083491265,
            1.1814346657711012,
            1.720008267537337,
            -0.2633166628473866,
            -0.12973750317386815,
            0.2850213127653727,
            1.7079149677626304,
            0.05368820521693386,
            -0.03096774364648566,
            1.1161599953118349,
            0.2305850733744477,
            -0.9835490751445864,
            1.4743353450442545,
            0.49397709437552045,
            -0.16506221692296977,
            0.4224634274600353,
            -1.55243542386554,
            0.9681416568843688,
            0.270289211980283,
            -1.423485998996729,
            0.1983656322729254,
            0.903658692116321,
            1.1501191637038537,
            -0.5612220197574201,
            -1.2470926045016724,
            0.609006450197816,
            0.6882256940357331,
            -0.07422634774845528,
            1.3792806076713455,
            0.8474623911974382,
            -0.735844515966568,
            -0.16574384126522682,
            0.272836682276279,
            0.09087319268995103,
            0.5084167834247196,
            0.3623311111504455,
            -2.4442909316674744,
            0.38297970974685336
        ],
        [
            0.4644794588385988,
            0.6734758742283709,
            1.0903219155427006,
            0.3405061017666941,
            -0.7718814507361713,
            0.0,
            -1.148441258604109,
            0.18648607804499334,
            -0.19061398315112738,
            -0.21330241065375916,
            1.2644656685331237,
            0.904211922002674,
            0.5948225446158288,
            -0.8826036725477365,
            -0.8592659182347093,
            -0.827457190227988,
            -0.3020095028541527,
            -0.9441438157887695,
            -1.598475224439376,
            -0.2952838260278086,
            0.47343478595684196,
            0.09194992394516231,
            0.36268734462906344,
            0.8760242800162715,
            -0.6963530611149003,
            -0.01651631880219633,
            -1.2305547077438337,
            0.126069608453396,
            -1.1803539944555537,
            -0.6983298414608485,
            -0.6819264184612467,
            -0.533068484117427,
            1.3177535079039964,
            0.044619346796278755,
            -0.20951312888678858,
            0.36287491401465294,
            0.20925832556029275,
            -0.9350833282006505,
            0.6884060020750234,
            0.161427096074616,
            1.6297112374552156,
            1.476575526008287,
            1.3080297670108092,
            0.09037453201516271,
            0.4744039391121568,
            -0.46755140381531407,
            0.573445250184195,
            -0.7820664653344295,
            -0.15520633860220032,
            -1.1662204228546083,
            -1.2378608654250909,
            0.4665046737719003,
            1.0356891618676367,
            -0.6824819735797476,
            0.3059968178980223,
            -0.05404634881767019,
            -0.6955541790192845,
            -0.9294715391100894,
            -0.7215995759914249,
            -1.1919941720252263,
            0.22132362517479223,
            1.3865145938623966,
            1.850867906893698,
            0.5328270077590505
        ],
        [
            1.0163390710879074,
            -1.5336161909074066,
            -0.4413172145358268,
            0.19126919383249336,
            -0.18144219734026007,
            -1.148441258604109,
            0.0,
            0.734361445854673,
            -0.36514976463208926,
            -0.823596146572476,
            -1.3838610045561772,
            0.8684886664873033,
            -1.7878283508690966,
            0.5460913021094123,
            -1.8503552399011325,
            -0.36486476476374624,
            -1.4536712019318125,
            1.4122724569126375,
            -2.0523270426214473,
            -0.6979145572851327,
            0.9646576565035485,
            -1.9044786458426608,
            -0.6359765863316672,
            0.42495479618287624,
            -0.7446390388214704,
            -0.6575031574990516,
            -1.456094722194515,
            0.3255231657551638,
            1.104378350291341,
            -1.706985189865693,
            -0.1777430163198941,
            -0.5727495804107028,
            -1.3295061498702576,
            0.37631590798356546,
            -0.5585493708716955,
            -0.6449718311777713,
            -1.816384689865981,
            0.2533987323712368,
            -0.4226518851209839,
            0.7330408691879047,
            0.035847176712202215,
            0.2708187120869891,
            -2.544233334635755,
            -1.4141919617825556,
            -0.17473719429184595,
            -0.42336797183667485,
            -0.4322036024476811,
            1.235952506407407,
            -2.014470699032317,
            0.4390818544808651,
            0.5365899834788795,
            -0.7623047966431955,
            0.35231985334951793,
            -0.15163880979849428,
            -0.21504859010255323,
            -2.4618184575182585,
            0.808352660754392,
            2.1808772269796264,
            0.9352321060908083,
            0.04247455671747588,
            -0.049022458165776925,
            0.07422171022623897,
            -1.7503864145008134,
            -0.7018683221908303
        ],
        [
            0.4157022266529376,
            1.2735626959643567,
            -0.8609861237200604,
            1.6699967542137482,
            0.2186265046354046,
            0.18648607804499334,
            0.734361445854673,
            0.0,
            0.9155797902464657,
            0.11482098529705714,
            -0.35928462910676495,
            -0.2932569739731595,
            1.1402476211994534,
            0.4225953935419065,
            -1.6690894507143212,
            0.4424208208045849,
            0.9075770106108324,
            -1.3889664844126288,
            0.3495205535736898,
            -0.34963176512392663,
            0.16537338657947245,
            -0.5818912734373396,
            0.08615241290481479,
            -0.5297524371917713,
            0.1972423757393407,
            -0.4277898701265297,
            0.23666097141490308,
            0.20366286109199827,
            0.3873848648678201,
            0.04783297072729258,
            0.19012179573606927,
            -1.2046751274969565,
            0.1251690290022256,
            -0.08358853506479665,
            -1.5698817253431996,
            1.6417397559938014,
            2.625924317513643,
            -0.2563179762748463,
            -0.5095280971026489,
            1.4673815953715204,
            -0.21695415408499497,
            0.42793584219493724,
            1.4693692056819463,
            -1.4522299334277042,
            -0.050013146450694594,
            0.931999309709504,
            1.3336081657970007,
            -0.911908517215112,
            0.1159567387994999,
            -1.8346580377154733,
            -1.019815402251347,
            1.2370818673806026,
            -0.18988048712152478,
            -1.7858002592080027,
            -1.1885769474195593,
            0.27221637822273365,
            -1.0523659509372043,
            -1.7146511903538502,
            0.06583230262357422,
            0.08141893999486044,
            0.5049696223952578,
            -2.315967923955992,
            -0.1303371349455237,
            0.23599680944713844
        ],
        [
            0.39766820211033965,
            -1.0061030917880713,
            0.022132069833937767,
            0.9212726010537886,
            -0.43858386487179707,
            -0.19061398315112738,
            -0.36514976463208926,
            0.9155797902464657,
            0.0,
            -0.4755264266472496,
            1.026358106536509,
            0.32857133707999664,
            0.4758705699264885,
            -0.19540395433264424,
            -0.418261527801207,
            0.06197956242798444,
            1.3436085871156103,
            1.3982299659742636,
            1.3607573207914327,
            1.7343513179921195,
            1.5312451530472868,
            0.49497272567324146,
            0.6389737440990935,
            0.6815806827752511,
            0.17448836891600758,
            -0.7025432607645659,
            -2.598131508664898,
            0.2330459081329425,
            -1.1849143400991944,
            0.4454194495189313,
            1.665960500266649,
            0.19715889120302088,
            0.2415750031458255,
            1.096016245633689,
            0.8382533113173585,
            -1.02996341821073,
            1.368535280310482,
            0.5375157316142808,
            0.6537383760503063,
            -2.430783421899189,
            1.4365578073752217,
            -1.0589077681385881,
            0.19061141296224618,
            1.1529871903278608,
            -0.16326731748191842,
            -1.1157414034922208,
            -0.23515423497309745,
            0.6221543273297295,
            -1.1472405286223661,
            -0.9484741993559925,
            -0.37032440004468836,
            0.10135346614560155,
            0.21408895310660717,
            0.6974260476215642,
            0.35942909477761803,
            0.4445753485360912,
            -0.33830385605790464,
            0.5105885188681231,
            0.4338280500572219,
            0.1606106550545544,
            0.5209583919456472,
            -0.6220233901301846,
            1.016317193067002,
            0.716104052325966
        ],
        [
            -0.578028803883038,
            1.4550415583998488,
            -0.015092094917096881,
            0.5179268047332848,
            -0.2894752842340309,
            -0.21330241065375916,
            -0.823596146572476,
            0.11482098529705714,
            -0.4755264266472496,
            0.0,
            -0.8602042075895493,
            0.6664634607099951,
            0.33131350489904965,
            -1.092840285698224,
            0.8783286482862687,
            -0.5774835999355771,
            0.37151325092685106,
            -1.2949542809236914,
            -1.2831929629199195,
            -0.3658561310468295,
            1.3905911819189067,
            -0.31408339655218254,
            1.1294630507996033,
            0.34174924480773866,
            -0.5657077174446855,
            0.24586473054325392,
            -0.17813912783174804,
            -0.35649981425121713,
            -0.8823846644777902,
            0.0033427098414628583,
            -1.0840042693425156,
            -0.13169891784679766,
            0.9207526603394983,
            -1.0434550535556906,
            1.9143265760183088,
            -1.140074906334623,
            1.427418373123676,
            0.5015779665041672,
            -0.396371804909884,
            0.4720492174141478,
            -0.33092312745382274,
            -2.406810081474953,
            -0.6451389108863106,
            0.19596557368304812,
            0.022474311349593983,
            -0.23819640418795207,
            -0.7727678387568275,
            -1.1698221969367513,
            0.5984531438263805,
            -1.085717015220277,
            -0.8955258705584951,
            2.152016857890297,
            0.9245322268111549,
            2.2702260557648026,
            0.19346608307153698,
            1.0196983278430927,
            -1.4399671141250283,
            0.23881906630500987,
            0.14258394831245624,
            -0.23127520663777087,
            -0.5156465315601242,
            0.7605402306447706,
            0.8335066223590035,
            0.11357698527190603
        ],
        [
            -1.1954572897701423,
            1.3132833332895617,
            -1.7796411585105933,
            -1.0477958376048933,
            0.2666187230352725,
            1.2644656685331237,
            -1.3838610045561772,
            -0.35928462910676495,
            1.026358106536509,
            -0.8602042075895493,
            0.0,
            -1.8894573268947896,
            -0.8107461513313575,
            -1.4242461755406894,
            0.23125642201113603,
            -0.07986129114370498,
            0.6717408300418788,
            2.3276469277416094,
            -1.0599098439602304,
            -0.8811308517244736,
            -0.0501659559531489,
            1.5846743272417054,
            -0.4493646439410341,
            -0.3816132545634233,
            -0.03443235637238588,
            0.044860048598876726,
            1.3289837551499575,
            0.10824343767190212,
            0.015968895169863145,
            0.26879143388062676,
            0.2969796215437122,
            -0.2574393957993846,
            1.884375858748009,
            -0.3277440726930528,
            1.3425705151632912,
            -3.059507583859017,
            -1.3648657692844142,
            -0.021952306701010043,
            -0.09078567814898504,
            0.5745452042422468,
            -1.5658329419249435,
            -0.6233430311283296,
            -0.4960472818948177,
            -0.30443293822136563,
            -0.4762234563246759,
            -1.7994345197634414,
            -0.4974993627856238,
            -1.0041308691420858,
            2.349365528677779,
            0.28480780155068347,
            -0.5959022264305833,
            -0.10354892246958083,
            0.8956591595507599,
            0.4272581528883197,
            0.48051142189966456,
            -0.6249397159628033,
            0.20215690217443333,
            -0.8304167246405093,
            -0.9910955908381408,
            -1.1541823587618638,
            1.1162099462464996,
            -0.6679825091676115,
            0.19631784171593095,
            -0.8188453858809719
        ],
        [
            -1.7512175557712246,
            -0.14149272833656548,
            -0.35865907942022435,
            1.0666364275159819,
            -0.4094081037353014,
            0.904211922002674,
            0.8684886664873033,
            -0.2932569739731595,
            0.32857133707999664,
            0.6664634607099951,
            -1.8894573268947896,
            0.0,
            -0.7024477004980354,
            1.7578090055135642,
            1.1043312782178005,
            0.025795847592167784,
            -0.5767537231449162,
            1.2634054023437897,
            0.5771303658920011,
            0.3524369378525731,
            -1.15385958856131,
            0.8978020988523799,
            -0.021964424942647574,
            0.8024226320463034,
            -0.8843158546459725,
            -1.8867884410652984,
            -1.9466768743668699,
            -2.747410388228877,
            -0.019791794380151943,
            0.10322579837026108,
            -1.7121808304720945,
            0.4913589676792832,
            -1.0916809021147706,
            -0.29437031942894326,
            0.31956295588122113,
            -1.8810644258587426,
            -0.4183467222429636,
            -1.2999189271240936,
            1.4402009368695938,
            0.4363336266825798,
            0.25227540201464654,
            0.8266550560761793,
            0.6239806166924621,
            -0.035897390214825964,
            0.42904243532687497,
            -1.2964806840437366,
            -0.7629003944970686,
            -0.1280728169373185,
            1.2752050484719328,
            -0.11597887215203295,
            0.23543444461859706,
            1.1194763828192584,
            1.372115732045994,
            -1.0102197726532527,
            -0.5254408694061293,
            -0.307606670718875,
            -2.060493942272452,
            -0.9719900446578573,
            -0.8911353860916628,
            -0.8394098396002485,
            -2.7272794247519396,
            -0.07742065096410343,
            -0.32090063813638464,
            0.6660487194206933
        ],
        [
            1.0757742498872152,
            -0.3368560506512127,
            -0.43557442560231047,
            -0.23653382113146731,
            0.06531116622231807,
            0.5948225446158288,
            -1.7878283508690966,
            1.1402476211994534,
            0.4758705699264885,
            0.33131350489904965,
            -0.8107461513313575,
            -0.7024477004980354,
            0.0,
            -0.39176091412187375,
            0.913704985268556,
            0.40050149691725245,
            1.4304167521662965,
            -1.6374994436518768,
            -1.4553132399298259,
            -0.28732755149394823,
            1.3404411200929462,
            0.7096408547035913,
            -0.7424056414170074,
            0.2041002328431338,
            0.2344859728136739,
            0.028920781501351727,
            0.10458766383053908,
            -0.21505355998327277,
            0.2944127013169226,
            -1.7877514139272985,
            -0.23825823403022006,
            -0.5901251063934246,
            -0.3501596223468775,
            -0.8867455769366803,
            0.04122379132992603,
            0.8545953321348257,
            -1.992958561492149,
            1.1497038431076487,
            1.313930677696348,
            -0.5398526971043065,
            -0.5022698676499683,
            0.15164706761134047,
            -0.32597138939179365,
            0.4170707999407309,
            -2.687534807228643,
            -0.29914334122786723,
            1.0018646434318565,
            1.242153766102804,
            -0.4475427934394367,
            1.9270343239309402,
            -0.16120045739688676,
            0.6184948147298591,
            1.0658396675386432,
            0.6742981129185104,
            -0.014106204728069092,
            0.15522538309766698,
            -0.496717063924582,
            -1.5349985230828778,
            0.696350588027022,
            0.273850126747451,
            0.15876581316495209,
            -0.7755356602136553,
            -0.20295826661522876,
            -1.6913244024936818
        ],
        [
            -0.865204345356592,
            -1.2550012641752002,
            -0.02976848390929806,
            -0.25174279949310135,
            0.4322485004413381,
            -0.8826036725477365,
            0.5460913021094123,
            0.4225953935419065,
            -0.19540395433264424,
            -1.092840285698224,
            -1.4242461755406894,
            1.7578090055135642,
            -0.39176091412187375,
            0.0,
            0.22220421327656678,
            -0.8798298188084887,
            1.526792433857592,
            1.0274929668922348,
            -1.1956897003961273,
            -0.030249313555115894,
            1.519488114438623,
            -0.769187186873823,
            -0.46633333036562435,
            -0.25474018229334405,
            0.04629448097361875,
            -0.9646961898138747,
            0.8391037591947978,
            1.0751626217443113,
            -1.5058243082643155,
            -1.1228048689322596,
            -1.7848362976278287,
            0.4807809347743189,
            0.15624645631703488,
            -1.2399144351928444,
            0.968033674849078,
            0.5678792984097122,
            -1.144767206837226,
            0.9630488552529197,
            0.12061697306547844,
            -0.9468722454917423,
            -0.07103032595311587,
            0.31176766320825605,
            -1.2542849783159786,
            -1.931528927461526,
            -0.33562850517382026,
            0.4724013635425685,
            2.049422484140643,
            0.6076199831971674,
            -0.8223756568125586,
            -0.10985462739454523,
            1.0793065025414956,
            -0.4968866054799003,
            0.5806266198259044,
            -0.31936750372472866,
            0.8282147041839331,
            -0.41270544911887963,
            -0.11938124164682291,
            -0.5830632557361376,
            -0.8311432161509541,
            1.2648439132158447,
            -0.11262243190428073,
            -0.009627654608847822,
            -0.2577798573813821,
            -0.456942099151404
        ],
        [
            0.400327361219783,
            -2.2435678822011984,
            1.880175631824559,
            -1.6271150323766637,
            0.8872691241219604,
            -0.8592659182347093,
            -1.8503552399011325,
            -1.6690894507143212,
            -0.418261527801207,
            0.8783286482862687,
            0.23125642201113603,
            1.1043312782178005,
            0.913704985268556,
            0.22220421327656678,
            0.0,
            -0.7359454369858005,
            2.2240028921721606,
            -0.5567287758524005,
            -0.9232412016622483,
            -1.6960321346804672,
            -0.5470794388603905,
            0.6965642240884986,
            -0.6520515674224987,
            -1.7867903365174649,
            -0.6378052791034109,
            -0.35847935767419525,
            0.2702049126636315,
            -0.0477788572004166,
            1.6171460452483073,
            1.4231319541250682,
            -0.014762762800032839,
            -0.23210000362882388,
            1.2829387151621907,
            0.6277115169414853,
            0.11635560857543888,
            1.0541821616305576,
            0.1670701508973193,
            0.2966516672267438,
            1.7180163892417564,
            -0.5166358968345496,
            -0.39446610728973563,
            -0.568116178915072,
            -0.4382063022380724,
            0.08368106784931965,
            -1.470259422638001,
            0.5991921966595606,
            0.0018364566471268926,
            -2.328423895026016,
            0.5372367240791381,
            1.2079179745329458,
            0.3267865086314894,
            0.03846421458861273,
            -0.42581620707408036,
            -0.12785030331515965,
            2.1080112063187437,
            -1.3808662057836716,
            -0.6348979243956757,
            0.3197338415066191,
            -0.007626325376848593,
            -0.472182580533918,
            -0.7599771045966264,
            0.024673401627117713,
            1.16321938925488,
            1.6363928764908262
        ],
        [
            0.2680742339377925,
            -0.6953056749203741,
            -0.8758687050743784,
            -0.9401895380550827,
            0.25417922866862463,
            -0.827457190227988,
            -0.36486476476374624,
            0.4424208208045849,
            0.06197956242798444,
            -0.5774835999355771,
            -0.07986129114370498,
            0.025795847592167784,
            0.40050149691725245,
            -0.8798298188084887,
            -0.7359454369858005,
            0.0,
            0.3109640063321709,
            -0.5415993485451762,
            1.1932254922870476,
            -1.367910859724068,
            -0.4066304352452893,
            -0.5919183620356254,
            0.9682871590224305,
            0.539763482197533,
            0.8493433617878728,
            -0.4660262212101426,
            1.2243735505957647,
            -0.45464856605220955,
            -0.4940750999240332,
            1.4844528263338184,
            -0.6261953261307353,
            1.97160460597751,
            0.013474299823234887,
            -1.0963643711656181,
            0.292177623103894,
            0.06236535716686659,
            0.5540964590439034,
            -1.980845602210406,
            0.47711202377000383,
            -1.4668125365421114,
            -2.1833472055085377,
            -0.35247415810155536,
            -0.7194577408018505,
            -0.9826382611908617,
            1.1788446793206206,
            -0.18701331273849284,
            0.7012091198179617,
            -1.6107757823644746,
            -0.10004691830137179,
            0.12894571838446262,
            -0.41055445283102043,
            0.39551770694072064,
            -0.18888961429244913,
            0.7472750217651054,
            -0.5240429206261034,
            0.75561266292038,
            0.4360191867886245,
            -0.4893918913820427,
            -1.1065712655634061,
            -0.07641992551283124,
            -2.315596431469855,
            -0.4039951386076576,
            0.9867375177482903,
            -1.2551222540428577
        ],
        [
            -1.1193822461436065,
            -0.4984018458065687,
            0.03595001298086171,
            -0.24248786086758056,
            -0.3807810530264049,
            -0.3020095028541527,
            -1.4536712019318125,
            0.9075770106108324,
            1.3436085871156103,
            0.37151325092685106,
            0.6717408300418788,
            -0.5767537231449162,
            1.4304167521662965,
            1.526792433857592,
            2.2240028921721606,
            0.3109640063321709,
            0.0,
            -1.2992531444302158,
            -0.7584774193007296,
            0.27830163515643774,
            0.7556006484097638,
            -0.6461799832872556,
            0.6285036506464123,
            0.42014901197595894,
            0.4322923129299328,
            0.48257795423980365,
            0.8119371868649182,
            -0.8667137850184363,
            0.1488251638421004,
            -0.7842803264566036,
            -0.6683317089998342,
            -0.25886907247911856,
            -1.9632500956740773,
            -0.07267730455639367,
            -0.015611047823832266,
            -0.056725480388550395,
            -1.2232784034127608,
            0.8823094119304488,
            -0.39005802995787914,
            1.1330139907681323,
            -0.32192796710958516,
            -0.8441039317996972,
            0.09805082090227787,
            1.2749047103387188,
            -0.6855406047377587,
            -1.118101646338851,
            0.24340051611069258,
            -2.0623815998416446,
            -1.0965709250775635,
            -0.8645657201984848,
            -0.4703997740400034,
            -0.5735332566350912,
            -0.08085225506256885,
            -0.5946855991020464,
            -1.5050127931700612,
            0.30987255683758375,
            -0.2645118342847986,
            1.2235931101081852,
            0.44025554237275993,
            1.1441453544908748,
            -0.43095441737289963,
            1.3978016210884123,
            -0.802857209699576,
            -0.3843864875953793
        ],
        [
            -0.4558195434331715,
            -1.0516325409497267,
            -0.6059521227468317,
            0.6850415755534699,
            0.652832698713509,
            -0.9441438157887695,
            1.4122724569126375,
            -1.3889664844126288,
            1.3982299659742636,
            -1.2949542809236914,
            2.3276469277416094,
            1.2634054023437897,
            -1.6374994436518768,
            1.0274929668922348,
            -0.5567287758524005,
            -0.5415993485451762,
            -1.2992531444302158,
            0.0,
            0.8957261715289785,
            -0.04066642517094057,
            -1.1994901390283612,
            -0.5372612979356299,
            -0.5913339155183966,
            -0.6138071541380645,
            0.007465836523086918,
            -0.6346154459306367,
            -0.826083033618583,
            -0.3809999721049727,
            -1.7152736652569005,
            0.0048119348804581425,
            1.725388034443217,
            0.03147272966543454,
            0.9720689987508129,
            0.33523689898535725,
            -0.07431698846109588,
            -1.0356641664896744,
            -0.08660349373395457,
            0.4568776362002862,
            0.361260145118769,
            -0.33113118108666345,
            -0.15595315752513567,
            1.0509475439538982,
            1.0254580275742533,
            -0.9877214004651093,
            1.3376785133474265,
            -0.4734484874143468,
            0.06308223390301272,
            -0.7049600572886503,
            -0.50522830091342,
            0.436204855377016,
            0.7261292140166736,
            0.6520744550497266,
            1.1157283991110967,
            -0.20295203486954771,
            0.6360322278909781,
            1.0500797134262192,
            -0.2320287880064527,
            -0.5159389943007161,
            1.0791558565356627,
            -0.8067270456584292,
            0.37501211265107603,
            -0.6971050863844651,
            0.45146039535534194,
            0.2911919254153976
        ],
        [
            -1.0729298996073517,
            1.73744933556998,
