{
    "N": 64,
    "id": "c30f9213-cdff-4af4-88bb-692bf14d3245",
    "problem_type": "SK Spin-Glass",
    "distribution": "gaussian",
    "spins": [
        -1,
        1,
        1,
        -1,
        -1,
        -1,
        -1,
        -1,
        1,
        1,
        -1,
        -1,
        1,
        -1,
        1,
        -1,
        1,
        -1,
        1,
        1,
        1,
        1,
        1,
        1,
        1,
        1,
        -1,
        -1,
        -1,
        1,
        -1,
        -1,
        1,
        1,
        -1,
        -1,
        -1,
        -1,
        -1,
        1,
        -1,
        1,
        -1,
        1,
        1,
        -1,
        -1,
        -1,
        1,
        -1,
        -1,
        -1,
        1,
        -1,
        -1,
        1,
        -1,
        1,
        -1,
        -1,
        1,
        1,
        -1,
        1
    ],
    "couplings": [
        [
            0.0,
            -0.06145567153618793,
            -0.9661689647251867,
            -0.9732289877688859,
            1.2688737099713006,
            0.016569344396938503,
            1.1528809347556903,
            0.49651924976542494,
            -0.31815571551161936,
            0.4724711389077843,
            -0.9387492757158372,
            -0.8284347754917634,
            1.8403251448309077,
            1.1826377618293338,
            0.6083247226567526,
            0.8842751699200555,
            -3.2390806415389055,
            1.1893571176870574,
            1.4687746466994203,
            1.7132899962509665,
            -1.0375646410036443,
            0.7259555590607363,
            1.4821548474314001,
            0.1629162082870018,
            0.20424708546315323,
            0.5203431874196057,
            -0.21127060947987608,
            0.30683302728105716,
            0.38804339470637633,
            0.9139225842346356,
            0.9940201416745666,
            0.6582017660859557,
            -1.0392905354957818,
            1.5053445766425515,
            0.38875839621238417,
            -1.8872514190990977,
            1.5489938978173514,
            -1.4204614431614457,
            0.3490114883717283,
            -0.05521659229557235,
            -1.209150421630183,
            -2.1469725376683564,
            1.0358509117354167,
            1.0579269547109893,
            -0.12774243003796731,
            -1.1664420818958827,
            -0.029837348291677914,
            -1.1227496769422414,
            0.17403299338562808,
            -0.38529739376687067,
            0.9272955446551625,
            -0.6199440172796994,
            -0.6672439744647444,
            -0.8081477359184023,
            -1.0873754361537316,
            0.2855789091723076,
            0.9978477751786325,
            -0.7888509143311502,
            -0.06875983181480895,
            -1.2832929079002469,
            1.2048086929746225,
            0.7629798689314822,
            -0.3472118044336093,
            1.2883776308641994
        ],
        [
            -0.06145567153618793,
            0.0,
            0.31913878307185517,
            -0.8825586686398889,
            0.11164246869624873,
            -0.05428517796099725,
            0.23123327009869302,
            -0.7506725573363388,
            1.3869204414162253,
            1.6315697406231875,
            -1.5997338930680491,
            1.4215791607686654,
            -1.4237941266788325,
            0.22361847489011105,
            0.10263651190969147,
            -0.6251056070529009,
            -1.494961265823827,
            0.25409721895409104,
            1.967163956641097,
            -1.24556802880295,
            -2.182335584916831,
            -0.1256796702016577,
            -0.2846909681550696,
            0.5212788298542002,
            1.2495600563757618,
            0.9908761568861354,
            -0.5068009402820243,
            1.7487289986389873,
            0.5734405918099054,
            2.3767457292512955,
            0.7810605056406816,
            1.557927625682945,
            0.8417494240119983,
            -0.8085121754841659,
            -0.14882375204710813,
            1.6151689362754282,
            1.3772897363719192,
            -2.4772190802186147,
            1.0409315494365494,
            -0.6559677558407557,
            1.5332601873991725,
            -0.3405408206878295,
            -0.16754491764532256,
            0.22438215005599407,
            0.39042178941155936,
            0.16931604287648278,
            1.2243084620545237,
            0.5369375606860094,
            -1.2621308063300727,
            1.3251074925874124,
            0.6417354592982492,
            -0.32291164354964846,
            -0.7991355867367635,
            0.33242139972993157,
            -0.4299681598628498,
            -0.7462581616045333,
            -0.23213049090547153,
            -0.6265299218887432,
            -0.5475549209068888,
            0.41877969070988635,
            0.09345880831712845,
            0.10530114732165387,
            -1.4013827808009702,
            0.5564168575901887
        ],
        [
            -0.9661689647251867,
            0.31913878307185517,
            0.0,
            -0.591915540970776,
            -0.4858428983643944,
            0.40582146499544125,
            1.0564871274296868,
            -0.35168909155181477,
            -1.0121073764577382,
            0.7788950805273565,
            0.43665344957966445,
            -0.40745213741378544,
            0.13830822069283916,
            -0.3005939233856724,
            1.4537112404833952,
            0.21080414483750212,
            1.6628284436455385,
            -0.45190374083586377,
            -0.867116989101555,
            0.6279965182750071,
            0.28331771549065415,
            0.22391050218949302,
            0.32577745158042065,
            -0.6156707975385154,
            0.781052834252769,
            -1.8850171405640894,
            0.5976713893048872,
            0.8263074516924945,
            0.5934298912641253,
            -0.4809279886357832,
            0.5993089383871155,
            -0.41948526491589594,
            0.658993451027342,
            0.8640109646465967,
            -0.750351212356888,
            -0.9604210019918201,
            -0.26875934792871115,
            0.4341129699993776,
            1.3427444874525514,
            -0.846451089567727,
            -0.9682118913163243,
            0.42057679011116045,
            0.20362256157873268,
            -0.6501967229969755,
            0.6310099913671543,
            -1.6086866165134595,
            2.006256792977591,
            0.4253744230142251,
            -1.1323988386629043,
            1.8755606126663784,
            -0.9607825133730785,
            -0.5876272585863024,
            -0.6520709098550173,
            0.5901237926045075,
            0.9152474601764796,
            -0.9812092241144872,
            -0.019855791397293234,
            -0.12268711697465588,
            -0.24583179074285225,
            0.03671232489124924,
            -1.1189597166240044,
            -1.1661327952942764,
            0.15957998015097508,
            -0.4280720912062235
        ],
        [
            -0.9732289877688859,
            -0.8825586686398889,
            -0.591915540970776,
            0.0,
            -0.25344078381881396,
            0.3462845349259032,
            -0.9804429885350996,
            -0.3990238113902467,
            -0.6957514320819194,
            -0.4571789527458383,
            -0.0566873427953869,
            1.5538022245978318,
            -0.5343228665057471,
            0.7018385886184845,
            0.7826065687709478,
            0.34438096441842914,
            1.1796927614457637,
            -1.336079072501491,
            3.0345355073277633,
            -0.9662175312130562,
            0.35792302039334334,
            -0.14143463094267053,
            -0.18261257423664454,
            0.1514597294884653,
            1.2199489791748865,
            -0.06021813058087821,
            -0.2500390806177684,
            -1.1488646725700398,
            -1.5360301920861423,
            -0.9822790653918724,
            -0.5990343039576628,
            -0.9112049124051417,
            -0.7811661271946908,
            0.41206448383936023,
            0.08996536196958896,
            0.585662174715642,
            -0.7333969132425849,
            0.14338392500537792,
            1.7210560311075727,
            -1.3274100993348685,
            -0.31924438128690436,
            -0.5585002735580894,
            -1.1901878780942994,
            -0.7428372272950292,
            -0.2594358411972717,
            1.9596571586878837,
            -0.27267340579824967,
            1.5784051131190058,
            -0.783501426306794,
            -0.4238171287033947,
            -0.8618443414122865,
            -1.1738343908564606,
            0.1689150035831409,
            0.9630719502630387,
            -0.9582283238763398,
            -0.4202090150212625,
            0.34970956591170077,
            -0.01669775718978005,
            -1.1473003086324576,
            -0.7170625706547823,
            0.07193025477884422,
            -0.8787502864446454,
            -0.08685453926235227,
            -0.5456310130061072
        ],
        [
            1.2688737099713006,
            0.11164246869624873,
            -0.4858428983643944,
            -0.25344078381881396,
            0.0,
            0.39191259195897865,
            -0.5680537166869527,
            -0.21137028232558194,
            -0.8175073110034649,
            -0.5081563622864524,
            1.158783304743097,
            1.650152853916729,
            0.6221120324359158,
            1.3968237262859657,
            -0.840720285271913,
            0.4218544801790865,
            0.04853469358260525,
            0.22793338678538633,
            -1.935541423377548,
            0.752639709142045,
            -0.5750942994106726,
            0.16913019261009554,
            0.7556862157606835,
            -0.7771975349834606,
            0.5118476514410667,
            0.4331391593201519,
            0.18649466153081237,
            1.0713522921349923,
            0.5028909910278185,
            0.9799957289007274,
            -0.4025164936494944,
            1.1279736409280239,
            0.6637253728814707,
            -0.07779140000252122,
            0.8023235847477436,
            0.5656884427724556,
            -2.503872090944255,
            0.6395291346754037,
            -0.972833163134596,
            -1.0214129364462274,
            0.18640523247595392,
            -1.330380337227945,
            -0.7778365725804567,
            0.07113207660485973,
            -1.0297768677534225,
            -0.1375126670428859,
            -0.04660212763240321,
            0.28624055549327815,
            -0.7329659005176173,
            0.43799017528270273,
            0.7770719690318986,
            -1.7119850658121467,
            0.25774601855335877,
            -0.3815527539797038,
            -1.8220036899585454,
            -0.8872169159791382,
            -0.5483638049189907,
            1.0317489715655497,
            2.3211560012467105,
            0.5066502072008544,
            -0.5790374174204003,
            -0.5052419682900473,
            -0.5299427543055668,
            1.951957536804924
        ],
        [
            0.016569344396938503,
            -0.05428517796099725,
            0.40582146499544125,
            0.3462845349259032,
            0.39191259195897865,
            0.0,
            -2.0846092675176733,
            0.14551982458143856,
            -0.37284682899235116,
            0.5650229812826496,
            -2.0315799597171518,
            -1.334181408199532,
            -0.4707942359492794,
            -1.2746902725899656,
            -0.7374026026651322,
            -0.7569904311429658,
            0.06680776015930749,
            0.34816662512513447,
            0.16918192343240077,
            -0.02964216921957587,
            -1.4469976548365449,
            -0.028120370693845227,
            0.2642826560213116,
            -0.4331987550148787,
            1.0247584963477603,
            0.7019989344149904,
            -0.6617089047067455,
            0.4804822981662792,
            0.7150063822646687,
            -0.3329624286713855,
            -1.3285194909293652,
            -0.1814780919980381,
            -0.2888724811775501,
            -1.4096461011760102,
            -0.17503173068446173,
            -0.671748222079375,
            -0.7329424160486362,
            0.6990634212948599,
            0.18132066218959983,
            0.7317903913803825,
            0.44327949447238396,
            -0.8758518364213045,
            1.778993396416782,
            1.2864730591827116,
            -1.8190401538022098,
            -0.5474274835963135,
            -0.0055905375585849175,
            0.8043896866819578,
            -0.3323250822268014,
            1.0582855395744315,
            0.8473747403030106,
            -1.1077502319310173,
            -0.5578816541539479,
            0.227679452844189,
            1.547759988784045,
            0.7939795844796533,
            0.34643294579479317,
            -1.045001930880299,
            1.1058209509485404,
            -0.24174482747879159,
            0.45999989701074023,
            0.5474025657511684,
            0.342630341881494,
            -0.9439659230353235
        ],
        [
            1.1528809347556903,
            0.23123327009869302,
            1.0564871274296868,
            -0.9804429885350996,
            -0.5680537166869527,
            -2.0846092675176733,
            0.0,
            2.9827884008402994,
            0.5416368568195389,
            -1.252516714359644,
            -0.3317700932502376,
            0.08402741793770169,
            -0.15600235817326394,
            2.4923913811892144,
            -0.2456029116185873,
            -0.24888192028349,
            2.1245691051766533,
            -1.5721558774777655,
            -1.2945589639655426,
            1.0354081496371494,
            0.9894690325643076,
            1.1114540050545645,
            0.30075049330287773,
            0.5791754131670125,
            -0.7543559774669304,
            -0.6542388703372131,
            -0.35969059406668347,
            -0.39509691839828653,
            1.380152107043079,
            0.5886866048027798,
            -0.5849573681112373,
            0.5628547951415805,
            0.49688748012960576,
            0.11503898649586666,
            1.4293275008213635,
            0.19576077023785377,
            0.6074138354607369,
            -1.882680882125109,
            0.9073121596690575,
            -1.5236857907447732,
            -0.7986587378736534,
            0.6809919602487069,
            -1.6920879358878234,
            -1.8311230138370795,
            0.5876909452484579,
            -0.7467131458561417,
            0.8368213876638885,
            -0.08987263072895563,
            1.263563595136292,
            -0.7254270431644642,
            0.816363106432013,
            0.8701841909455786,
            0.18252286919955468,
            -0.9695101589076528,
            -1.7352103104102727,
            -0.15553935397639362,
            0.0022117728331285686,
            0.18136985387808607,
            -0.8611858432236819,
            -0.8726774141444884,
            -0.03775027061193233,
            -0.8432249609902652,
            -0.4786031537353981,
            -0.33610784591300163
        ],
        [
            0.49651924976542494,
            -0.7506725573363388,
            -0.35168909155181477,
            -0.3990238113902467,
            -0.21137028232558194,
            0.14551982458143856,
            2.9827884008402994,
            0.0,
            0.6772421344846364,
            1.5033460347187892,
            -0.14872189533432204,
            -0.4853301968901925,
            -0.7658572221374134,
            1.9725823857346727,
            0.5982372220203637,
            0.7489773983847413,
            -0.9972003144532166,
            1.0929393703462145,
            -1.769201858957063,
            -0.13130493017991776,
            1.168269770875946,
            -0.7691406285835131,
            0.26160784467006926,
            -2.206460019200089,
            -0.9490259392198619,
            -1.4280422875313679,
            -0.9633621323895556,
            0.6634349005099714,
            1.33039642088026,
            -0.369255976452948,
            -2.4978198079716516,
            -2.251578488908494,
            -1.1174292199872813,
            0.29092966156224576,
            -0.8601573951549161,
            0.797091104666362,
            -0.31721543766589516,
            -1.3286291616357142,
            0.43503093265159976,
            -1.00348207851961,
            0.285664386368982,
            1.0443985325307994,
            -2.1841899442128447,
            -0.22584400288496204,
            1.4419525864564593,
            0.34977091476725714,
            0.017234413225171812,
            0.31774468411694523,
            0.41440684883017215,
            1.935827491351074,
            0.34285679073864506,
            0.22375463203571092,
            0.8311680444156888,
            1.414371129061916,
            0.37491906285082116,
            -0.6853728625454226,
            1.1193401551015338,
            -0.46696805841340133,
            -1.0996399426523238,
            1.7089181232128359,
            -0.4219550975643085,
            1.142859328278766,
            -1.445519158786428,
            0.677855987300108
        ],
        [
            -0.31815571551161936,
            1.3869204414162253,
            -1.0121073764577382,
            -0.6957514320819194,
            -0.8175073110034649,
            -0.37284682899235116,
            0.5416368568195389,
            0.6772421344846364,
            0.0,
            0.21431168772847745,
            -0.8330003313365743,
            -0.26897797488887204,
            -0.6870589459304712,
            -0.9883795650013351,
            -0.26004692693639797,
            0.2943669577287541,
            2.252419838397086,
            0.08653195170197746,
            -0.9407067979406569,
            -0.12256874728070662,
            -0.0199135738411854,
            0.7835588407047132,
            1.0130119478944417,
            -0.07292905950378868,
            -0.7081996893284176,
            1.1078549606208985,
            -0.4452756453697174,
            -0.336454948000616,
            -1.0547473128853118,
            0.027092422372134037,
            0.13009569431165158,
            0.3785664876868811,
            -1.2410268185561695,
            0.4190719597172966,
            1.7463108709756623,
            0.9666456081208172,
            -0.023184585634372062,
            -0.38224041100181794,
            -1.2121053477442816,
            -0.7623657109108893,
            -0.9784931809433438,
            0.08933987563669551,
            1.1314468188883469,
            -1.7073885851075314,
            0.39656787124083176,
            1.3428266334148427,
            0.539581553005622,
            -1.4507000834001416,
            2.5764157306521964,
            -0.7755348976561965,
            1.1326674613699288,
            -0.7369799090196174,
            0.1473738479892372,
            -0.942185755630797,
            0.5057808483616008,
            -0.24333874572714487,
            -0.915153012538014,
            0.11991089209667741,
            -0.149807690091378,
            0.20679440643099128,
            0.25663958209294707,
            -1.2341450130721043,
            -0.40768313311412313,
            -1.3864931295050444
        ],
        [
            0.4724711389077843,
            1.6315697406231875,
            0.7788950805273565,
            -0.4571789527458383,
            -0.5081563622864524,
            0.5650229812826496,
            -1.252516714359644,
            1.5033460347187892,
            0.21431168772847745,
            0.0,
            0.11720706284490731,
            0.34722239442088915,
            -0.05574387076594122,
            -0.9441392368587054,
            0.12748665270412718,
            0.7757564289106051,
            -1.286096563292654,
            -1.5799810606524447,
            1.2376679290266916,
            -0.2315227650902689,
            -0.9847942444948127,
            0.689980769380732,
            0.30928881781466677,
            0.09285406838635736,
            -0.8864766310633597,
            0.8775668435803684,
            1.3598823854139426,
            -1.5862017093328482,
            0.367713894929041,
            -0.2733497464165188,
            0.22020980407015178,
            0.45822265265467793,
            -1.1180428270438598,
            1.3319754963554153,
            -1.4495559115810634,
            -0.4478717346287574,
            1.0771947060995575,
            -1.0242369087493302,
            1.3141998838389715,
            1.3599467485135253,
            -0.359916452265738,
            0.8235570358102369,
            -0.005161040934852609,
            -1.0592762195043282,
            -0.6834955014901568,
            -0.11063240400851812,
            -0.7847430187739719,
            0.2966019004356645,
            -0.4829330537103367,
            0.5383995537063295,
            1.8065225297546919,
            1.184907087869455,
            0.5255521520556534,
            1.0334677113967285,
            0.14796674541995308,
            0.7891733508914672,
            0.1006403119430908,
            0.1963703248910329,
            0.26810508456512366,
            1.1738422607324528,
            1.2103566741514522,
            -2.592403038044416,
            0.10540447943262346,
            0.40437488329633386
        ],
        [
            -0.9387492757158372,
            -1.5997338930680491,
            0.43665344957966445,
            -0.0566873427953869,
            1.158783304743097,
            -2.0315799597171518,
            -0.3317700932502376,
            -0.14872189533432204,
            -0.8330003313365743,
            0.11720706284490731,
            0.0,
            -1.440155188861973,
            -1.1959572855857485,
            0.2764423469312275,
            -0.46696739601579806,
            0.5898857500814041,
            0.01656573193431665,
            -1.733931969628733,
            -0.15198572276583178,
            -0.9943486687397056,
            -1.0732510771334858,
            -0.2871317275829427,
            0.43354324263128335,
            1.1630772075085456,
            1.0397878510741985,
            -1.255103691124762,
            -0.06253926740077073,
            -0.480011043279688,
            0.447146758844727,
            1.0356221693096634,
            0.4797824298573403,
            -2.560318468341921,
            -1.6896295493138958,
            -0.15890412992061,
            -0.1835039911431427,
            1.2577396803410839,
            -0.6322647946430298,
            -0.08536229203861438,
            -0.224837393160953,
            -1.2225471132507166,
            1.0991054414199088,
            1.1376163806213118,
            0.90435510979191,
            0.8307218565135625,
            -0.027874474391933902,
            0.3605056633589685,
            -0.5883514071424404,
            0.3767335349960981,
            0.8774582248423515,
            0.08362761844980314,
            1.402802639592888,
            0.4543465031175434,
            1.456230753522488,
            0.03953184523562867,
            -0.2658876074302576,
            1.0774100909948208,
            -0.5280135808064466,
            1.0635010071976947,
            -0.6363908636155673,
            0.9439216926675147,
            0.5077766429138625,
            0.739149269656048,
            -1.095720494110326,
            -0.5237759862387635
        ],
        [
            -0.8284347754917634,
            1.4215791607686654,
            -0.40745213741378544,
            1.5538022245978318,
            1.650152853916729,
            -1.334181408199532,
            0.08402741793770169,
            -0.4853301968901925,
            -0.26897797488887204,
            0.34722239442088915,
            -1.440155188861973,
            0.0,
            -0.1886036706032635,
            -0.19911704772151848,
            0.6024058344554858,
            0.40276970484769004,
            -0.17688326121647382,
            -0.33121968064154156,
            -0.11057500641388071,
            0.18607334880782792,
            0.14505293192001842,
            -3.2832416486121763,
            -1.0621949394346573,
            2.372614492003103,
            -1.3645130491296247,
            1.9282470875421622,
            -2.8614087081793076,
            0.47822995122144346,
            1.0362062708484552,
            0.9342199624662006,
            0.3284814566035504,
            -2.4494781372458743,
            -0.6715408213154466,
            -0.44633883564225846,
            -0.21180569502566976,
            0.3164620739491261,
            0.6082149904138684,
            0.041616726777586294,
            0.7991947888601068,
            0.16486427428096384,
            -1.3605305117318072,
            0.10922965680205905,
            1.0829299296448849,
            -0.07507490356191507,
            0.30422779427974384,
            -0.09638839766746869,
            -0.05084651539371441,
            0.2688813203654194,
            -0.6551476058708456,
            -1.2912179722096921,
            0.2328873648019355,
            -0.3900895432058937,
            1.4043594160491926,
            0.11309032558947221,
            -1.1045629989849728,
            -0.1900603798492847,
            0.4086353842529774,
            1.5055225029113242,
            -0.007832179800716548,
            -0.15542545038055808,
            -0.8510056898331241,
            -1.743214421002279,
            0.22706107768986322,
            0.4447757960231705
        ],
        [
            1.8403251448309077,
            -1.4237941266788325,
            0.13830822069283916,
            -0.5343228665057471,
            0.6221120324359158,
            -0.4707942359492794,
            -0.15600235817326394,
            -0.7658572221374134,
            -0.6870589459304712,
            -0.05574387076594122,
            -1.1959572855857485,
            -0.1886036706032635,
            0.0,
            -1.115320470501962,
            -0.3655018147980083,
            0.782202060818672,
            1.680897287345479,
            -0.857523169748356,
            -1.261884801695051,
            -0.29116057571626913,
            -0.07725215016632675,
            -0.4141447062095049,
            -0.3759657777926538,
            -0.608979236043508,
            1.598132918493837,
            0.4708955242642242,
            0.8950102904974965,
            2.6425060845976276,
            -0.5777961197537745,
            0.28507904422086555,
            -1.2496301925404951,
            -0.032973130500813005,
            -0.33574206733725015,
            0.27483503558247807,
            0.16532814755503153,
            0.23904498379879155,
            1.478263982631638,
            -0.8245451525322849,
            1.448827257988175,
            1.7579945992088057,
            0.9444429731485111,
            -0.4422702639172016,
            -1.0080233764146151,
            0.28185790440896846,
            0.5341082319152795,
            0.7261513603012764,
            -0.3232019800023322,
            0.857166543220463,
            0.18910793970450226,
            1.182919453187841,
            1.1777169616921277,
            -1.2037714101706085,
            -0.3709555588726683,
            0.1397093098890991,
            1.847294860420783,
            1.0660760459458234,
            -1.908690002391231,
            0.9421647967571194,
            -0.0335111767422196,
            -1.74755739842042,
            -0.30324041747687497,
            1.8895622445863347,
            2.382641485610447,
            -1.3242875002408345
        ],
        [
            1.1826377618293338,
            0.22361847489011105,
            -0.3005939233856724,
            0.7018385886184845,
            1.3968237262859657,
            -1.2746902725899656,
            2.4923913811892144,
            1.9725823857346727,
            -0.9883795650013351,
            -0.9441392368587054,
            0.2764423469312275,
            -0.19911704772151848,
            -1.115320470501962,
            0.0,
            0.6360095075346207,
            -1.3796728221504613,
            -0.3705190440860648,
            0.29398239143010224,
            -0.2676578272626372,
            1.255352012312327,
            1.3350613302740808,
            -0.9317458889129967,
            1.5815213344670336,
            -0.5770796921690589,
            -0.1570856738450867,
            2.1028324207654636,
            -0.08979166969222194,
            -2.0096634735303547,
            -0.1281465514095256,
            -0.25583479540565995,
            0.025654770984144912,
            -0.2133505885334612,
            -1.6619285793893555,
            -0.5084324739466735,
            -0.15406100686887841,
            -0.11294883802688171,
            -0.07459685284092134,
            0.40709666936131333,
            -0.48062907738906097,
            0.20537146869135184,
            -2.179521296608119,
            -0.6812492947328824,
            -0.8219741540018844,
            -0.004035564791266551,
            0.1044521569529427,
            -1.0328645926385371,
            0.2901676719938627,
            -0.3382876444084591,
            -1.1582741425633734,
            0.21697490055604954,
            -0.5483040238310808,
            -0.7008641295171029,
            0.4749637737085102,
            -0.011681435913569273,
            -1.2655332139046085,
            1.2991208684086657,
            0.09514551498042952,
            1.7477360165869071,
            0.2057832648829823,
            0.01694890733844057,
            -1.2129691378960994,
            -0.07757269430658667,
            0.9253334135204275,
            0.47844169493990457
        ],
        [
            0.6083247226567526,
            0.10263651190969147,
            1.4537112404833952,
            0.7826065687709478,
            -0.840720285271913,
            -0.7374026026651322,
            -0.2456029116185873,
            0.5982372220203637,
            -0.26004692693639797,
            0.12748665270412718,
            -0.46696739601579806,
            0.6024058344554858,
            -0.3655018147980083,
            0.6360095075346207,
            0.0,
            1.1679630451865832,
            0.08376120040915487,
            -1.0748971519961927,
            -0.08866232454120522,
            -0.546942611158972,
            -0.054356564623317526,
            -0.7472005899696276,
            -0.6409797165856183,
            1.8900097058658936,
            0.6310819890610954,
            -0.3583493904580447,
            -1.7972691694216365,
            -0.617085130182151,
            1.9018392676715519,
            -0.20012426723710858,
            -0.3810319302527682,
            -1.3680762522624699,
            0.21120238804556438,
            -0.9632973479256699,
            -0.21345774128374062,
            0.3892979451835438,
            0.07122619530134827,
            -1.7857855780211065,
            0.4039441272200936,
            -0.48315744736411026,
            0.18308468917121182,
            -1.3700020357026195,
            -1.093758484076447,
            -1.2095041193751772,
            1.3274576139609089,
            -0.002380505114082485,
            -0.4475787244721158,
            -0.5816978885234635,
            -0.9542989356554286,
            0.14836836752389176,
            0.38099010617469614,
            -0.32754862680434066,
            0.6194696772974988,
            0.8009671308234175,
            0.7031145077731048,
            -0.3221982874103917,
            1.6395906968154832,
            0.8530066318372848,
            0.5899509610540331,
            -0.23010985129790065,
            1.0516687677282899,
            2.5921907422944725,
            -1.2407400353334028,
            0.6362811035149396
        ],
        [
            0.8842751699200555,
            -0.6251056070529009,
            0.21080414483750212,
            0.34438096441842914,
            0.4218544801790865,
            -0.7569904311429658,
            -0.24888192028349,
            0.7489773983847413,
            0.2943669577287541,
            0.7757564289106051,
            0.5898857500814041,
            0.40276970484769004,
            0.782202060818672,
            -1.3796728221504613,
            1.1679630451865832,
            0.0,
            0.11437492079171965,
            0.4922853399713514,
            -1.0214307467437704,
            -0.2822603248941331,
            -0.3986881454631339,
            -0.67616353183174,
            0.5085807838674493,
            0.13546459102052683,
            1.8271795648273674,
            1.533837341886454,
            -0.3562150908712955,
            -1.4935852443663227,
            0.13679819795994594,
            -1.1070687552391476,
            1.0100635080210743,
            -1.989328068061591,
            0.10278176286080036,
            -0.5212139231931208,
            -1.1410093748651902,
            -1.3538045114289399,
            1.1338861916901857,
            -0.12578572457911233,
            -0.9215329435131591,
            -1.8240956908900252,
            -1.4051843822675059,
            -0.10035463364106988,
            0.022602813244932227,
            0.9839169797599199,
            -1.0555899488393135,
            -0.4661796724689835,
            -0.3896655100249612,
            2.218326605291933,
            0.18441264725373047,
            -0.7128150401602257,
            0.6871335414614282,
            -1.823997383315202,
            -0.3023208399710777,
            -0.8876798067154617,
            -0.18181684951288146,
            -1.9528094739315423,
            -1.6600904030689148,
            -1.2222475020108259,
            1.3196709747875723,
            -1.7888086322085428,
            -0.19517369517199523,
            0.0034433748363304293,
            1.7142701001904326,
            0.4357319778316193
        ],
        [
            -3.2390806415389055,
            -1.494961265823827,
            1.6628284436455385,
            1.1796927614457637,
            0.04853469358260525,
            0.06680776015930749,
            2.1245691051766533,
            -0.9972003144532166,
            2.252419838397086,
            -1.286096563292654,
            0.01656573193431665,
            -0.17688326121647382,
            1.680897287345479,
            -0.3705190440860648,
            0.08376120040915487,
            0.11437492079171965,
            0.0,
            -1.3973756132929656,
            0.8218814704736208,
            -0.19403311885166422,
            -0.16739013663259536,
            -0.36595398384560995,
            -0.9798131994049517,
            1.221905655000972,
            -0.49278131345167436,
            -0.657036215139299,
            -1.1256198538394961,
            0.8165699738283815,
            0.6783544631261118,
            -2.3750824387703906,
            0.6569095707853808,
            1.2484573678548654,
            -0.9799453110123898,
            -0.005386554107168203,
            1.1154416107491953,
            -1.8202466984820678,
            1.5854358274688252,
            0.4216574561191207,
            0.33886823691834184,
            -0.696900112998385,
            0.9064995025011712,
            0.2589352337184149,
            0.27423786884462004,
            1.1774171419954986,
            -2.0452160827651498,
            0.21368283342699185,
            -1.830518726295376,
            -0.42029975791043717,
            -0.4685207757798997,
            -0.8232705870611348,
            -0.6847162344053633,
            -1.3788483769802584,
            0.3145419715148021,
            0.35851873264595036,
            0.12777286744968322,
            -0.6552336134882498,
            0.4044322558083258,
            -1.3579094483991758,
            -0.8209666426496992,
            -0.11851498098635359,
            0.33621942301826396,
            -0.34694312784557796,
            0.7858226329671734,
            0.5314761937398563
        ],
        [
            1.1893571176870574,
            0.25409721895409104,
            -0.45190374083586377,
            -1.336079072501491,
            0.22793338678538633,
            0.34816662512513447,
            -1.5721558774777655,
            1.0929393703462145,
            0.08653195170197746,
            -1.5799810606524447,
            -1.733931969628733,
            -0.33121968064154156,
            -0.857523169748356,
            0.29398239143010224,
            -1.0748971519961927,
            0.4922853399713514,
            -1.3973756132929656,
            0.0,
            -1.3995618386268378,
            0.25148543601848156,
            0.0742777070898463,
            -0.15623602283382176,
            1.1136364674518717,
            1.1663990971367721,
            0.9205828105624088,
            -0.9336006379673935,
            0.407134801581292,
            1.038556668725083,
            0.9465248342756657,
            -0.2963874696561487,
            -1.2466390657857507,
            -0.8206339764965447,
            -0.24901182264818386,
            0.6437362785420373,
            1.5092694798266042,
            -0.3092422712034399,
            0.4246917621118216,
            1.224240224137645,
            -0.9477729449077347,
            0.11862832483648446,
            -0.6946699285725414,
            0.8137799193010103,
            -0.246489459427776,
            -0.4760567985153615,
            -1.0455774854037059,
            -1.5146099893818823,
            -0.6898761771231143,
            -0.26822517199984613,
            0.879957134585055,
            -2.150638155354257,
            2.25925599249425,
            -1.694459346780678,
            0.7939382767954959,
            0.04005562311689586,
            -0.7174129208865271,
            -1.4686126389174323,
            0.24003273624917237,
            0.47636600679364094,
            0.17214821589625504,
            -0.6263289657367794,
            2.04975630905861,
            -1.7821136054597873,
            -0.24684746682647613,
            -0.3033616952669854
        ],
        [
            1.4687746466994203,
            1.967163956641097,
