{
    "N": 64,
    "id": "77eddba2-1fe7-4c7f-bd02-fca28f7f2f17",
    "problem_type": "SK Spin-Glass",
    "distribution": "gaussian",
    "spins": [
        -1,
        1,
        -1,
        1,
        -1,
        1,
        1,
        -1,
        -1,
        -1,
        -1,
        1,
        -1,
        -1,
        1,
        -1,
        -1,
        1,
        1,
        -1,
        1,
        -1,
        -1,
        -1,
        -1,
        -1,
        -1,
        1,
        -1,
        1,
        -1,
        1,
        1,
        -1,
        1,
        1,
        -1,
        1,
        -1,
        -1,
        -1,
        1,
        1,
        1,
        1,
        -1,
        1,
        -1,
        -1,
        1,
        -1,
        -1,
        1,
        1,
        1,
        -1,
        1,
        -1,
        -1,
        1,
        1,
        1,
        1,
        -1
    ],
    "couplings": [
        [
            0.0,
            -0.708591195676814,
            0.023233948761032002,
            -1.4115441786543494,
            1.1169686252555284,
            -1.4920952191128374,
            -0.7987228220903244,
            1.1169123664696075,
            -0.510901781819212,
            -0.5605125276123128,
            0.7803350744397901,
            1.9777019402718437,
            -0.045588908971887256,
            0.456615971150559,
            0.7378192894625648,
            -0.22515923639070076,
            -1.6786334918979462,
            -1.2298654383417378,
            -0.3359746175429568,
            -0.07741726381626557,
            -1.6839076316674637,
            -0.18362973354439133,
            0.4003275115322469,
            -0.44575912096666354,
            0.465852008873377,
            -0.4324391484522561,
            -1.1509280021683905,
            0.26349418925406654,
            -1.4361146378488876,
            0.9005814725274308,
            -0.918689280247385,
            1.8223723074655167,
            0.09238702412908298,
            1.1675290313784228,
            -1.171729891852902,
            0.6795709655989076,
            -0.545629856733726,
            0.1963139928972956,
            -0.5921734019486952,
            -1.8148445359264702,
            -0.7736843029416969,
            -0.4753298635489736,
            1.363263724402216,
            1.5105216868807756,
            -0.8839331303083667,
            -1.0677991440801669,
            0.728073155442688,
            0.5618122380614671,
            -0.09675191555168193,
            -0.5745834033916585,
            -0.15817670606815057,
            -0.39654492965387605,
            0.11452118281821534,
            0.5903994283046028,
            1.9763486080537915,
            0.5719900781408352,
            0.27274163466587137,
            -1.1375653427657113,
            -0.012671544617662137,
            0.30540680340294085,
            0.2423798705989807,
            -0.8437200108422359,
            -0.3552181415194756,
            0.12486750877962662
        ],
        [
            -0.708591195676814,
            0.0,
            0.36168937078960783,
            -0.309970273543412,
            -0.7125977585076368,
            -1.0294790379791319,
            0.9434764746237809,
            3.5148166057846173,
            -0.7952830970414606,
            -0.587998668665983,
            -0.9244511592323913,
            -1.082174960166304,
            0.36013940054758325,
            0.6629888967036561,
            0.03649598801187533,
            -1.4213157312132574,
            -0.33456634969013704,
            0.8177703162460562,
            -0.6823054331565086,
            0.3657475173838237,
            -0.8728225419770534,
            0.3128366329225341,
            0.2833229847245528,
            -0.4746475458971008,
            -0.33547131823915016,
            0.29186033941086753,
            0.237134138510955,
            0.7981851179745344,
            0.04444469448556024,
            1.057338859003361,
            0.12731758095011078,
            -0.05936269123992927,
            0.06712259998052919,
            0.4332173525827432,
            -1.5117397650455457,
            -0.7105366545396858,
            1.0161061351705558,
            0.8943252925878176,
            -0.6414225130817954,
            -1.5338914578906082,
            -1.204720161957998,
            -0.5938712339462545,
            1.597855439703159,
            -0.2945998809436589,
            -0.34070528935083655,
            0.22053600662135744,
            1.3511444804152792,
            -0.41642337792402356,
            -0.03719946940496024,
            1.0945747192008648,
            0.17933180073273924,
            0.34740863062734556,
            -0.1637215705879969,
            -1.1717571660777115,
            -0.04722918901351693,
            0.5416403236782772,
            -0.22304721510578435,
            -1.24776594016485,
            1.1049828078577473,
            1.0101092719897524,
            -0.014548059312938462,
            0.19712021936977928,
            -1.0611532269206359,
            2.278105783504389
        ],
        [
            0.023233948761032002,
            0.36168937078960783,
            0.0,
            -0.10673935915012546,
            0.5873451178354742,
            -0.8411056133405551,
            -0.6157024852211253,
            0.4761179358078649,
            0.45942399642469856,
            0.36027287643326195,
            -0.16170387072789907,
            -0.7147796249976245,
            1.1972347673751245,
            1.3016666973300435,
            -0.5487823341812695,
            -0.38690450831125156,
            -0.24821663963810334,
            0.7134487257120443,
            -0.725815774807142,
            0.6951084439318025,
            -0.7220458198486323,
            -1.4611694272197904,
            1.1099127457949167,
            0.3648525639646708,
            0.3469387881310833,
            -1.6963872677022371,
            -1.4178976930255274,
            -0.8721169901961104,
            1.6102384264065275,
            -0.21965074104505727,
            0.22299761969669576,
            0.8879921962465922,
            0.7327217638274166,
            -1.457028596073329,
            -0.7912094739669026,
            0.5373182577555159,
            -0.004845489327540739,
            -0.9605375155753235,
            -1.7611170925926125,
            -0.01153331747664787,
            -0.08301927639443218,
            0.1039301284560897,
            0.08331739860603021,
            -0.44265760248472136,
            -1.9533996180612483,
            0.6845951908145335,
            -0.4318484776527861,
            -1.4957684595709986,
            -0.5571259172486064,
            -1.1851312049955325,
            0.6649362428705791,
            -0.5125846834358004,
            -1.0549768278946217,
            1.1531386213350299,
            -0.5747173858192703,
            0.5445924862331096,
            -1.2782733746910522,
            -0.21511441285430202,
            0.00980831054364547,
            2.148224877640763,
            -2.099558418548304,
            0.14034085005630748,
            -1.3167949065928364,
            0.47771281610202904
        ],
        [
            -1.4115441786543494,
            -0.309970273543412,
            -0.10673935915012546,
            0.0,
            -1.600085104190491,
            -0.9378221370754607,
            -0.31061056689097605,
            -0.07583676752007483,
            -0.7439543869833113,
            0.21540568661426465,
            -1.9157357831147883,
            2.434508089351492,
            -0.14357695675888602,
            -2.6846466114363854,
            -0.07039218774355606,
            -1.539492211880927,
            -1.427004104318305,
            0.4119667233606314,
            0.3733370575428396,
            0.8378023730737205,
            0.09155548979739621,
            1.1286311896309127,
            -0.47988363683668916,
            1.4708514573189944,
            1.3420224616484198,
            1.365308167380803,
            1.021968045858861,
            -0.5852147752701453,
            -1.2126626977279809,
            -1.2835752206060311,
            -0.5816134626975648,
            0.30183038196331075,
            0.11457879438046815,
            -1.8765791625599708,
            1.006348442552864,
            1.1060189744351143,
            0.12576553579955801,
            -0.12088749068068778,
            0.693347185532722,
            -0.7927199982141933,
            0.05499975507825088,
            0.9897632954980375,
            0.08478513689119864,
            -0.292671679294051,
            -0.5846999975518445,
            0.041023275931413174,
            1.8948432695268727,
            -0.7637648266689099,
            0.5162340766860666,
            -1.5974788817468055,
            0.7229735480859164,
            -0.2273499596583712,
            1.4954391351093645,
            -0.584329082693012,
            0.36369955941455423,
            1.3222564343103274,
            -0.8845979250530072,
            1.0752672234441933,
            0.13902713816299272,
            1.1676480968790115,
            1.5251131035274643,
            0.14841415664606306,
            1.7029380869099662,
            -2.0167021239869065
        ],
        [
            1.1169686252555284,
            -0.7125977585076368,
            0.5873451178354742,
            -1.600085104190491,
            0.0,
            -0.04381002318463088,
            -1.0201219919008602,
            2.8298858545871663,
            -0.38254588216371244,
            1.6327954320917168,
            -0.12055472922139503,
            -2.0990895867699115,
            -0.001697807490157984,
            0.9506585970153291,
            -1.4933659584381709,
            0.18338326746297634,
            -1.2185200130166032,
            -1.6203478368333155,
            0.5622386191656361,
            -0.8417836917290992,
            0.32628015978950226,
            1.2100122656963492,
            0.049412786245802726,
            0.5576802152840329,
            0.12801421368301652,
            -0.815928439957444,
            -0.34963495694040336,
            0.5374438828437099,
            0.813379597737183,
            1.4737200191358457,
            -0.5411354952994625,
            2.840503815785871,
            0.036903130459348336,
            -0.7183367408230737,
            0.3062096814305263,
            -1.7607751182635054,
            -1.5815348935304896,
            -0.9287786506024471,
            -0.019452684460056813,
            -0.5545752789469172,
            0.40858964452314056,
            -0.4108335014150419,
            -0.3269298629542994,
            0.5625380408884967,
            -0.6469013692633029,
            0.42432393820756525,
            -0.6665378673659358,
            0.4292411379477869,
            0.025752421084198455,
            0.4342294904913096,
            0.3558867951751549,
            0.4646205123228462,
            1.742790182411694,
            0.6182212371887043,
            0.8345509437131049,
            -0.5769370807001284,
            0.4236091129127804,
            0.17432603439264283,
            0.2500113447499606,
            -0.277144151784434,
            -0.443356296367052,
            1.0061145087999097,
            -1.551457515353607,
            0.12232061060546338
        ],
        [
            -1.4920952191128374,
            -1.0294790379791319,
            -0.8411056133405551,
            -0.9378221370754607,
            -0.04381002318463088,
            0.0,
            0.17286207846101823,
            -0.34835185167484384,
            -0.44037792637461987,
            -0.4434040226607501,
            -0.6156220078534931,
            -0.7587501765970573,
            1.792939381748387,
            -0.3958038441745518,
            0.6367758049246462,
            -1.3376861988778175,
            -0.2562003048210597,
            -1.145650263124878,
            -0.6746800324863382,
            1.2224785094918718,
            0.4260960096048945,
            1.0731902204491224,
            1.8224400190877745,
            0.5125720345539114,
            -0.9978420327955936,
            -0.20504664131956485,
            -0.9178551273420522,
            1.6251213903357065,
            -0.20728301242726083,
            -0.947598229178237,
            -0.5938715206501194,
            -1.990031166286271,
            -0.07303284099377437,
            2.0056555596794428,
            -0.21036789656347432,
            0.7453347374212849,
            -0.46621964794594434,
            -0.628817363816051,
            0.7747275664933948,
            0.016188407229876575,
            1.4337528716590273,
            0.6437741233465002,
            -1.852559927633597,
            0.07991699048487848,
            1.5708381501475408,
            -0.3208186378269865,
            0.15692694223526474,
            -0.1706208915113582,
            2.6860016070276065,
            -1.6900193026943957,
            -0.3727842374924355,
            -0.47208189572456755,
            0.5271826711419333,
            0.33866746264113484,
            0.08390408481462099,
            0.3600951521702083,
            -1.020921001478579,
            0.07427291256021525,
            0.5000650005029078,
            -0.14471125942073054,
            -0.6736363255940864,
            -0.5909243836374901,
            -0.7992508473538953,
            0.5541235267390788
        ],
        [
            -0.7987228220903244,
            0.9434764746237809,
            -0.6157024852211253,
            -0.31061056689097605,
            -1.0201219919008602,
            0.17286207846101823,
            0.0,
            0.3211575816401256,
            1.6805908462693318,
            1.3563823063088516,
            1.650705598076253,
            0.5167831745344615,
            0.3965251849929588,
            -1.0110815700369418,
            0.9287831012437157,
            0.3423000757929367,
            1.4857013445076057,
            0.8621807133827235,
            0.6149837685872679,
            -0.45275329258663655,
            0.7360391428182707,
            2.234145375706158,
            -2.60719549316983,
            0.6967914185620784,
            -2.9288032843186054,
            -1.489692554106324,
            0.25541172397472267,
            0.3332281634003168,
            0.5689510512774727,
            -2.4665659760822907,
            -1.0732343050222146,
            -0.10202711277728291,
            2.0054406903797886,
            1.638556184995847,
            1.5837170298361742,
            -1.7379609485680796,
            0.8110468941607258,
            1.1740377773415551,
            -0.2578379839599609,
            -0.7694213056546289,
            0.07493277387985732,
            0.19838626610035884,
            0.0006823988182588837,
            0.8574941497985598,
            -1.4421450080748082,
            0.475164346625391,
            0.633306511941199,
            0.0708367362616824,
            -0.0671473374199755,
            1.0531800032522458,
            0.3559163270004993,
            -2.44249847660405,
            1.4885214244850835,
            -0.1426382095369202,
            -0.6432861956152255,
            2.055428827846009,
            1.1666217743711114,
            -0.517975675519838,
            0.6273200477818279,
            0.2482409594965139,
            1.7157635226995014,
            1.6226979659170602,
            0.17893889527526846,
            -1.8021284380600053
        ],
        [
            1.1169123664696075,
            3.5148166057846173,
            0.4761179358078649,
            -0.07583676752007483,
            2.8298858545871663,
            -0.34835185167484384,
            0.3211575816401256,
            0.0,
            0.6926887347242495,
            0.8005369293732739,
            -0.7398001642712618,
            -0.5631207107414902,
            -1.2302792249930874,
            0.6165590705865708,
            -0.09176584499283819,
            0.8171952592717121,
            0.2049839483308127,
            -1.8216091534854515,
            0.11745358072474035,
            -0.5242710526301083,
            -1.3582757572664224,
            -0.9399486078818317,
            -0.6783021926479567,
            -1.8198326232126891,
            -0.4950011836714826,
            -1.4679280756905246,
            -0.024789566945477428,
            1.5259316250985093,
            0.9645156797345571,
            -0.7139426130954406,
            -0.7137328289928094,
            0.13566288848311292,
            -1.2433946539550118,
            -0.2918994316551159,
            -0.6949836566162173,
            -0.03354227637807292,
            -0.9934059692783741,
            -0.12833914582895645,
            -0.8858842636097611,
            -0.49274358929365597,
            -0.9538018292627892,
            0.8642326403958321,
            -0.31094694422989466,
            0.01176321385844818,
            -0.9436907504425485,
            1.1817059016272315,
            -0.39549451533108493,
            -0.4596154675449651,
            -0.1417932559766638,
            0.480840599928408,
            -0.5790442573584917,
            0.6846708477071974,
            0.4851722009166822,
            -1.7657899529870107,
            1.3037576827172481,
            0.8615346258034149,
            -0.42158848895260503,
            -2.6568765048138214,
            0.11638668638390375,
            1.6545788316270837,
            -0.7332174862975167,
            0.28354490331319043,
            0.10664926421576283,
            0.3537471200048775
        ],
        [
            -0.510901781819212,
            -0.7952830970414606,
            0.45942399642469856,
            -0.7439543869833113,
            -0.38254588216371244,
            -0.44037792637461987,
            1.6805908462693318,
            0.6926887347242495,
            0.0,
            1.519922141064073,
            0.487282536167308,
            -0.4174952492718199,
            -0.7179559138007029,
            0.10152606108421874,
            0.03226209582057002,
            0.5921615656173499,
            1.8045199901004565,
            1.325160569992809,
            -1.2527455590858723,
            -0.7711351531738309,
            0.0988225673951704,
            -1.1425576152392924,
            0.872371658463796,
            1.3495738118994334,
            0.021793462736111584,
            1.4325749638688938,
            0.5746754488512957,
            -1.0457094111824712,
            1.177179491803126,
            -1.1535846522399684,
            -0.9193897908691107,
            0.11925577268714811,
            0.5066950246545074,
            -0.887780890072241,
            0.41896173673148196,
            0.07602494392611338,
            1.2423403868287908,
            2.134510733575666,
            0.3093006254092379,
            0.08055342748283245,
            -0.3918759810099946,
            -0.8794209478936217,
            -1.2423247567626907,
            -1.5927688497267272,
            0.5195427980331896,
            0.00025470774013138783,
            0.504836385390019,
            0.4840935191658739,
            -0.7211314594126067,
            0.0802454314233568,
            -1.3833558746206702,
            -1.7641941421336043,
            0.17750821827564428,
            -1.2522302701932189,
            -0.6717135508750142,
            0.8418725263635087,
            -0.16352749224740937,
            0.658674385818919,
            1.6497766264642575,
            -0.060913937808564834,
            -0.20877521879307195,
            -0.24403521903619624,
            -0.5372382864780408,
            -2.1535366691389406
        ],
        [
            -0.5605125276123128,
            -0.587998668665983,
            0.36027287643326195,
            0.21540568661426465,
            1.6327954320917168,
            -0.4434040226607501,
            1.3563823063088516,
            0.8005369293732739,
            1.519922141064073,
            0.0,
            -2.6183811802029275,
            0.37457377645512857,
            -0.30634381400216665,
            -0.79878081012504,
            0.2810334392777352,
            0.10875419069081456,
            -0.8429308488734795,
            0.6926031675373221,
            -2.2392394314264625,
            -0.6800691476232108,
            -1.3213447235969125,
            -2.694047022409157,
            -0.9358969269787324,
            -1.6926497485019536,
            -1.3001526230534035,
            -0.12733189365959569,
            -0.8532443521273105,
            0.08729295911571232,
            -0.5501282376668253,
            1.4471522545621789,
            -0.399859817237933,
            0.609779981965368,
            0.7714832230957485,
            1.2726780429691489,
            0.8560305267326193,
            -0.7832677254010736,
            -1.3210993098136021,
            0.06752961374454235,
            -0.5323862034282489,
            -1.605758881376026,
            0.5214488807261932,
            -0.23964755615153904,
            1.3514704785369633,
            0.024792812823028507,
            0.5788200642702004,
            0.9758168880934717,
            -0.13961028128979652,
            -1.2798122918805697,
            0.32596004070817897,
            -0.8416959646613875,
            -0.08492543526300572,
            -1.605737402236485,
            1.8631182648034523,
            -0.4570475928672381,
            0.48927866890019056,
            1.004613542513541,
            -0.10200267217574807,
            1.478972130449053,
            -0.026169309178237784,
            0.8105182671449662,
            -2.845950524925472,
            -0.38111959428505626,
            0.31686338737971775,
            -0.5717243212761676
        ],
        [
            0.7803350744397901,
            -0.9244511592323913,
            -0.16170387072789907,
            -1.9157357831147883,
            -0.12055472922139503,
            -0.6156220078534931,
            1.650705598076253,
            -0.7398001642712618,
            0.487282536167308,
            -2.6183811802029275,
            0.0,
            1.3382234618329798,
            1.1557794377918689,
            0.4802039782814799,
            -0.4420864168153086,
            0.48778761585662295,
            0.7345456818804197,
            1.1129759913321864,
            0.37657165666273273,
            0.30832562053019463,
            -0.4544345098707182,
            -2.439697312478992,
            -0.284804129268519,
            -0.9130372319256235,
            0.6336719113880587,
            -0.13035776589260936,
            1.1132658660444406,
            -0.6539266301449624,
            -0.8734770423397327,
            -0.4004727201900601,
            -0.29011672233933716,
            0.7544446956590951,
            0.8379726358275631,
            0.8673880432049127,
            -0.16462094005578437,
            -1.2813768517670623,
            -0.30988903787049626,
            -1.1694949007226583,
            -0.8003667055645196,
            0.4269542432914884,
            2.073439194464103,
            0.2944434115882841,
            -0.9608584923964159,
            -0.35161488941311875,
            -0.811286597536224,
            0.6761131245113545,
            0.7850009977344948,
            2.333624242198045,
            -2.3791318259927423,
            -0.5643693394194264,
            1.7968605035139347,
            -1.1138571147142216,
            0.5671674414319909,
            0.6142699064703862,
            0.03735929135743435,
            -2.537575813895198,
            1.1073957144056188,
            1.2726340830757714,
            -1.2994429842281459,
            -0.7395067351552316,
            -0.08217451242200731,
            1.264028167336382,
            -0.1193342322953628,
            -0.6076576601163245
        ],
        [
            1.9777019402718437,
            -1.082174960166304,
            -0.7147796249976245,
            2.434508089351492,
            -2.0990895867699115,
            -0.7587501765970573,
            0.5167831745344615,
            -0.5631207107414902,
            -0.4174952492718199,
            0.37457377645512857,
            1.3382234618329798,
            0.0,
            -0.9282879167107043,
            -0.9114774757110958,
            2.0571621009394905,
            0.2812998819229234,
            0.9825577749960861,
            -1.6397672041459557,
            -0.8078577500829702,
            -0.09904210740566322,
            1.2443903463274009,
            -0.033375510735621595,
            1.0496785318183879,
            2.5485148745368145,
            1.1802522556011819,
            -0.07087052899119697,
            0.4224246761961493,
            2.3120948572830984,
            0.6994866992875873,
            0.3377253159949459,
            -0.16921247351188923,
            0.6049242779143706,
            0.2649545473543298,
            1.2967925822862845,
            0.5542322510513072,
            1.1170821412588445,
            1.3381895830648367,
            0.5191141086174753,
            -0.8931722848066573,
            0.4828185388440794,
            0.2424425322098161,
            0.5719859778654982,
            -0.11365966140411257,
            -1.1942272861081096,
            -0.17077728173273715,
            0.3182178712926084,
            -0.014783549109097458,
            -0.40170489849118685,
            -1.074480936107069,
            0.5483753574894861,
            -0.7415111566088849,
            1.251275577306938,
            0.7256274815574973,
            1.3106070483965684,
            1.4201677392718481,
            -0.14404460856790335,
            0.005680748117476458,
            -0.3350173054665565,
            2.1874730477925795,
            1.4353321981350708,
            1.0579179159029062,
            -0.9039177450118759,
            -2.386803067234844,
            0.1595872276482102
        ],
        [
            -0.045588908971887256,
            0.36013940054758325,
            1.1972347673751245,
            -0.14357695675888602,
            -0.001697807490157984,
            1.792939381748387,
            0.3965251849929588,
            -1.2302792249930874,
            -0.7179559138007029,
            -0.30634381400216665,
            1.1557794377918689,
            -0.9282879167107043,
            0.0,
            -0.77080114096796,
            1.221977531776717,
            2.192576525558057,
            1.1758375983651521,
            0.5477315641384113,
            -0.39409408459911627,
            1.095430558359711,
            -1.318554883482468,
            -2.181817425254425,
            0.04118764342932515,
            1.7936479126714584,
            -1.81734088937922,
            -0.629218101474761,
            1.2003104928590014,
            -1.2938922407582933,
            1.8046556936023506,
            -0.7234538001019286,
            -0.5483501219230483,
            1.104040224937326,
            2.2322367982398794,
            2.119406927789025,
            0.03417579715438612,
            0.48756042598311033,
            -1.5770326492518199,
            1.2361599120756666,
            1.4458120176253586,
            0.5883133861184895,
            -0.7790803319485317,
            1.4728803977898774,
            -0.6396217198379279,
            0.32468040299851,
            0.49336233810303354,
            -0.6308728552602513,
            -0.93086197895299,
            -1.2250300190356809,
            0.6628886873287714,
            0.723461679318588,
            1.2700826103443712,
            -1.0578923812631786,
            -1.4339385889117764,
            -1.1640979015295756,
            -0.4031695564324906,
            -0.9875212355212799,
            -0.9482667020583827,
            1.196589365231157,
            1.2180513188693751,
            -0.3856253108383559,
            0.21393022656919475,
            0.12480982113928336,
            -0.50628605474869,
            -1.1586251829374765
        ],
        [
            0.456615971150559,
            0.6629888967036561,
            1.3016666973300435,
            -2.6846466114363854,
            0.9506585970153291,
            -0.3958038441745518,
            -1.0110815700369418,
            0.6165590705865708,
            0.10152606108421874,
            -0.79878081012504,
            0.4802039782814799,
            -0.9114774757110958,
            -0.77080114096796,
            0.0,
            -0.29955546579163395,
            0.4685320910222748,
            -0.09040351031882424,
            -1.7171578369568055,
            -0.31223593339887423,
            1.6635382871016962,
            1.3279429441909167,
            -0.4565346984761823,
            -0.3499945351090238,
            -1.180796550773195,
            -0.8900054627177126,
            0.06760431987711862,
            0.5410632765455227,
            0.6447315700650215,
            -0.2313207354994784,
            1.0227685131712916,
            -1.2258787378004348,
            -0.46891188890710706,
            -0.9090085635676183,
            1.7768739686202264,
            -1.9142186847257752,
            0.5683100241016049,
            0.9000409655365516,
            -0.3572229644703923,
            1.2343415673849711,
            -0.3670623491434458,
            1.2588785628631527,
            -0.4415045946137068,
            0.7397788783940028,
            0.03437235151127993,
            0.47152740988893793,
            1.6054993683526093,
            -0.38343597353927317,
            2.531437093046555,
            -3.1029723142825008,
            0.5219435317557122,
            0.14183270476720988,
            -1.0958015288223608,
            0.6221057844050082,
            1.288288999452452,
            0.11010114910838632,
            -0.7673247247777383,
            -1.3035174076179783,
            0.2711716621046837,
            0.2798598959359384,
            -1.1853421447656218,
            0.5561620820585312,
            0.13625709656544982,
            0.5681877473177863,
            1.819491373398468
        ],
        [
            0.7378192894625648,
            0.03649598801187533,
            -0.5487823341812695,
            -0.07039218774355606,
            -1.4933659584381709,
            0.6367758049246462,
            0.9287831012437157,
            -0.09176584499283819,
            0.03226209582057002,
            0.2810334392777352,
            -0.4420864168153086,
            2.0571621009394905,
            1.221977531776717,
            -0.29955546579163395,
            0.0,
            0.9445408672347444,
            -0.3978117681669121,
            2.365741048441731,
            0.5607958244767091,
            0.32419851436142433,
            0.8269867315161346,
            1.6822536445188094,
            -0.41426672488672095,
            -0.2501444323025039,
            0.06123662937564281,
            -0.5112373527696042,
            -1.5405601790125096,
            0.8629553729249857,
            -0.9372048630330915,
            1.226903918066131,
            -0.31674393688975583,
            -1.8906368977780306,
            1.7350763621981924,
            1.0092625276191258,
            0.024302659364139587,
            -0.796613234031996,
            -0.6115479599141352,
            -1.5630699673876574,
            -0.700959917584137,
            0.7442234029924066,
            1.1264008466239228,
            0.09365536875583813,
            -0.5594194252708365,
            0.3562764501588782,
            0.684630960680911,
            -1.6470971911242815,
            -1.3117741969502115,
            -0.9202140449073919,
            0.7300955144678039,
            0.4465611566366014,
            -0.28014412003968875,
            -0.5310484249363184,
            -0.02776272739925356,
            -2.062292769949934,
            0.6575313432661886,
            -0.2443257290777163,
            -1.4449706685443233,
            -0.327651575417783,
            -1.3665030681529264,
            -1.2354976545690992,
            -1.1685079636392237,
            -0.9251550328887329,
            0.9165925308987757,
            -0.5100064504834452
        ],
        [
            -0.22515923639070076,
            -1.4213157312132574,
            -0.38690450831125156,
            -1.539492211880927,
            0.18338326746297634,
            -1.3376861988778175,
            0.3423000757929367,
            0.8171952592717121,
            0.5921615656173499,
            0.10875419069081456,
            0.48778761585662295,
            0.2812998819229234,
            2.192576525558057,
            0.4685320910222748,
            0.9445408672347444,
            0.0,
            -0.6501620345261088,
            -0.3104030306492106,
            -0.4565519725125496,
            0.9070039189627469,
            0.3129557190232792,
            -0.4931809929123036,
            1.2324697458109688,
            0.860504501575706,
            0.6645465048784871,
            -1.2214769372969987,
            1.0143826856595408,
            -1.7617208900399006,
            1.3401679454192599,
            0.8409249636111544,
            -0.27775395455336604,
            -0.24645651609233585,
            1.154917223295215,
            0.3872389373501867,
            1.139181468083249,
            -0.051025199280238985,
            2.2190359397157686,
            0.7137804171499029,
            -0.4878538116335804,
            0.14493833227409467,
            -0.9288929421252679,
            0.9766278174185851,
            -1.8416019672159831,
            0.7395004638148618,
            -1.2621227471356733,
            -1.154942727171925,
            -0.46647998236781674,
            1.5932239122215717,
            0.4485434520780058,
            0.42452491873694226,
            -0.1945389464151413,
            1.1101565802194027,
            -0.23767567616702975,
            2.4820888168992257,
            0.12563862356890462,
            -0.7996391016111228,
            -0.8005748754631443,
            -0.762223437930404,
            0.6099878598046427,
            -0.8287570891845383,
            0.7678466748852393,
            1.466053441306489,
            -0.45043664431940167,
            -0.3525245667962602
        ],
        [
            -1.6786334918979462,
            -0.33456634969013704,
            -0.24821663963810334,
            -1.427004104318305,
            -1.2185200130166032,
            -0.2562003048210597,
            1.4857013445076057,
            0.2049839483308127,
            1.8045199901004565,
            -0.8429308488734795,
            0.7345456818804197,
            0.9825577749960861,
            1.1758375983651521,
            -0.09040351031882424,
            -0.3978117681669121,
            -0.6501620345261088,
            0.0,
            0.3754491429424173,
            -0.34184548646461643,
            -2.6809440677992438,
            0.5294525470890558,
            1.2737205884136678,
            -2.297730851635627,
            0.4567816047510989,
            0.9962850870640283,
            -1.2841196464792342,
            -0.3263382383357031,
            -0.26223789193119307,
            1.11583401478751,
            1.4797159102459922,
            1.3336839042378648,
            -0.41120085999431644,
            1.933932921434511,
            1.8793213324780071,
            0.4341816730119715,
            0.26196774406917533,
            -0.20615276628848914,
            -0.2922948416178916,
            0.043284572630294706,
            -1.5354161568847802,
            -0.2761987827364734,
            1.6121752631385802,
            1.0284715694733266,
            0.041292880099166804,
            1.3719754376747455,
            0.37022686578994474,
            1.0786937210945533,
            0.15256708474763295,
            -0.25477469744127773,
            -1.9448820539853364,
            -1.1838535754244282,
            0.3239544745737252,
            -0.22447857096232599,
            2.761788741220376,
            -0.988876017634984,
            -0.7265593409364706,
            -0.38743320473495574,
            0.13229778898420752,
            1.0231558466311919,
            1.489164288446844,
            1.197991010268617,
            0.19320209044206477,
            0.3575315417456573,
            -1.1341108599221699
        ],
        [
            -1.2298654383417378,
            0.8177703162460562,
            0.7134487257120443,
            0.4119667233606314,
            -1.6203478368333155,
            -1.145650263124878,
            0.8621807133827235,
            -1.8216091534854515,
            1.325160569992809,
            0.6926031675373221,
            1.1129759913321864,
            -1.6397672041459557,
            0.5477315641384113,
            -1.7171578369568055,
            2.365741048441731,
            -0.3104030306492106,
            0.3754491429424173,
            0.0,
            0.6195484952045343,
            0.504966908674171,
            0.6415869827791895,
            -0.8852516344855403,
            1.171325093124378,
            -0.13202086236669194,
            -0.4306250708998292,
            -0.503308346206269,
            0.9886228678443114,
            0.24972703001094532,
            -0.3379411422456384,
            0.029629572090471488,
            -0.5473821381105334,
            -1.3170840047323629,
            1.1302075971199492,
            0.9808436167538008,
            -0.7340129173325496,
            2.3812634808645305,
            0.6211883459611244,
            -1.1385534920699438,
            -0.8936457064322605,
            1.8599335955435232,
            0.6801676397201963,
            1.5272700286366974,
            -0.08319786011035302,
            0.8949558465602215,
            -1.7860205833760376,
            -0.6337429617414257,
            -0.27271884928348694,
            1.305640860041545,
            -0.04553421481647854,
            -0.6293723471408672,
            -0.1456879291468057,
            0.9462072823843891,
            0.975441888041347,
            -0.31420390366676104,
            -0.8950467863307745,
            -3.4442224096817893,
            0.057805152319544424,
            0.2339189041339199,
            -0.02261250165609975,
            0.21359347538453122,
            1.473832470027453,
            0.3849489204460135,
            -0.05022918149844342,
            -0.6468246257391751
        ],
        [
            -0.3359746175429568,
            -0.6823054331565086,
            -0.725815774807142,
            0.3733370575428396,
