{
    "N": 64,
    "id": "ba885779-4fc5-4004-96e0-6191939d9384",
    "problem_type": "SK Spin-Glass",
    "distribution": "gaussian",
    "spins": [
        -1,
        1,
        1,
        -1,
        1,
        -1,
        1,
        1,
        -1,
        -1,
        -1,
        1,
        1,
        -1,
        1,
        -1,
        1,
        1,
        1,
        1,
        -1,
        -1,
        -1,
        -1,
        -1,
        1,
        -1,
        1,
        -1,
        1,
        -1,
        -1,
        1,
        1,
        -1,
        1,
        1,
        1,
        1,
        1,
        -1,
        1,
        1,
        1,
        -1,
        1,
        1,
        -1,
        1,
        1,
        1,
        1,
        -1,
        1,
        1,
        1,
        1,
        -1,
        1,
        1,
        1,
        1,
        -1,
        1
    ],
    "couplings": [
        [
            0.0,
            0.08192004764635764,
            0.2552099992818128,
            -0.7451417666905003,
            1.5707468200454027,
            -0.13777012301948086,
            -0.15285428586487934,
            -0.022991320180603757,
            0.4222122087612077,
            0.36446785374290813,
            -0.8539635791500378,
            0.5259522048905206,
            -0.8700709934022052,
            -0.5184186033172706,
            -1.131938536996426,
            0.8199082533059774,
            -0.4404944810830814,
            1.2327293941424158,
            0.221155116908593,
            1.2331179863539752,
            0.7753303415816559,
            -0.4715906092961287,
            0.2538820059088356,
            -1.0743627606182966,
            -1.8474249124799433,
            -2.7496158518682163,
            0.8470971907585931,
            0.24791846389002722,
            -0.8475631833355431,
            -0.5204681370165669,
            0.3666849233397033,
            -0.5261629719678798,
            0.24010346923214007,
            0.769978846471048,
            3.231116870702932,
            -1.4672773886613393,
            0.7472935238250152,
            0.6516857106598073,
            -0.10553331707859748,
            2.049557114296128,
            -0.1007682543632868,
            0.5790280515956316,
            -0.2607778420875356,
            0.6081550279565492,
            0.8160316464463633,
            2.115655039241091,
            0.6768330200712394,
            -0.010602026748651242,
            0.4282071268187119,
            -1.3613347433257519,
            -1.1412885009331961,
            -0.7963229946189915,
            -2.5077973275130696,
            1.4950039360539957,
            0.9499697885024602,
            -1.079168234276533,
            0.3541886917407535,
            -0.8001836626135143,
            1.1318242854923382,
            -0.7640435520257907,
            0.942819977472887,
            1.0287616740180128,
            -1.1553264632218172,
            -0.5853378083980829
        ],
        [
            0.08192004764635764,
            0.0,
            0.7876138758593275,
            -0.12703259510219925,
            1.2643509231613286,
            1.5540428075987258,
            1.0846123502155671,
            0.43702632974091005,
            1.1974977517070735,
            0.23542847693653737,
            1.2480032399944476,
            1.9720693138814684,
            -0.24287955534195654,
            -0.2631469857493967,
            -1.9667933097801356,
            0.9431747870035567,
            -0.33592058611533143,
            -1.2672077365418646,
            0.8756293202642592,
            0.2708660671371745,
            0.9805275563068021,
            -1.733648097369851,
            0.06300757640546269,
            1.1228181044816334,
            -0.8182918964728023,
            -1.8124009945942938,
            0.9288091724920355,
            -0.2489094363401858,
            -1.0149119902417902,
            1.0024910843210113,
            1.2271111819842875,
            -0.13027681296356927,
            1.377365488654873,
            -0.8119612632068356,
            -0.9882838840107544,
            1.5805794747415405,
            0.08338299526678192,
            -0.3600523644303824,
            -0.16775852775867559,
            0.4158092076708725,
            -0.8610598999624658,
            -0.08346096072776606,
            2.532733585342301,
            -0.36597920543064855,
            0.343687226774605,
            0.7730752994630226,
            -1.2146494366344935,
            -0.5296968242092222,
            0.3201729964870468,
            1.1533753867360452,
            1.7181808995267358,
            -0.37150725221847114,
            -0.6021170509018022,
            0.9016706447966799,
            0.39016128510949644,
            1.3235292273135597,
            3.1163551835256227,
            -0.33030298822529003,
            -0.6795766380120181,
            -0.34092693150919895,
            0.21840776896405906,
            0.5478939517306711,
            1.559333648698775,
            0.9416011002114177
        ],
        [
            0.2552099992818128,
            0.7876138758593275,
            0.0,
            -0.46862583264718033,
            0.6213582088631411,
            1.174109706201564,
            0.1694826445474802,
            -0.6653739579187856,
            -0.00980923112119223,
            -0.21718316949637684,
            0.407093829397416,
            -2.4544161004340665,
            -1.4164978347552228,
            -1.087552904233788,
            0.8413561867900916,
            -0.1877359104729767,
            -0.23587053356298537,
            -2.0046428954761444,
            -1.6261839057804153,
            -0.8273788549740353,
            0.06801260708609269,
            -1.0371981094630023,
            -2.203658777171029,
            -0.7766802935054502,
            0.18574422385388967,
            1.3320513250243722,
            -0.9846468120178392,
            0.6747367686651322,
            -0.1283289527453468,
            0.3183592948256303,
            -0.5149587394037571,
            -0.5096440872059657,
            0.8746594049251508,
            0.2894624017017952,
            -1.0703878707041967,
            -0.5480120573284922,
            1.275300377223158,
            -0.4326120815327197,
            -0.10463214773603359,
            -0.42783237725586565,
            0.8575873148964528,
            -0.45595752104920995,
            -0.5612785101884782,
            -0.39515374779436113,
            -0.6075353351183895,
            -0.2493900292279385,
            0.7776141003866264,
            1.088154054352543,
            -0.39345470113539066,
            1.1253163893304698,
            -0.6331611026491727,
            -0.4795827154172911,
            0.8999338480469695,
            -0.12409057317820896,
            0.37235638594997017,
            0.3824922326874888,
            0.3610532100528957,
            -1.0520797730902092,
            0.8258477842406816,
            -0.062867767649512,
            0.8367981288554798,
            -1.1613307085797357,
            -0.07239410185911412,
            1.3935860040874395
        ],
        [
            -0.7451417666905003,
            -0.12703259510219925,
            -0.46862583264718033,
            0.0,
            -0.9003945848964956,
            -0.217684078153574,
            0.28004817650393365,
            1.6011870448988041,
            -0.32654516254241306,
            0.6619198721542215,
            -0.7735525591446939,
            0.08977217931792755,
            -0.5031909022259969,
            -0.25431973072595226,
            -0.20346922774608095,
            -0.0002873808567695288,
            2.3210502345082347,
            -0.24496698072225243,
            -1.34973401031671,
            -0.015786260143618197,
            -0.18933435628982448,
            0.3426179202873731,
            0.2911834740469529,
            -0.1328326256780698,
            0.38725985107015237,
            -1.9430406657177142,
            0.674104906832538,
            1.4286314883565612,
            -1.1083864474732044,
            2.0082932167687306,
            0.09079043592700042,
            -0.08586973668388619,
            1.2690375713488404,
            1.1147081748231886,
            0.5457999138108711,
            -0.9857744835113018,
            0.04715749843478325,
            0.33790238101939046,
            0.2690680856722583,
            -0.10963996726288433,
            0.18673582777299694,
            -2.6289041795432535,
            0.9007440774457989,
            0.41927847315644945,
            -0.9103798551317601,
            -0.18501004762445367,
            -1.9541615679008117,
            -0.05146941624445679,
            -1.5155599760054212,
            -0.5790838704131576,
            1.5028458555081212,
            1.819423038907457,
            0.009569779978566952,
            -1.3587159544868017,
            -0.04411604507178234,
            1.0638683608539128,
            -0.18364626135680004,
            -0.5152277393768913,
            -0.5811093520220656,
            0.09560356553155483,
            -1.454570325762633,
            -0.029267085901382106,
            0.05185675380491348,
            0.425269206677085
        ],
        [
            1.5707468200454027,
            1.2643509231613286,
            0.6213582088631411,
            -0.9003945848964956,
            0.0,
            0.5837095334369161,
            -0.45917430412948157,
            -0.2240849171415516,
            -0.56216711806632,
            -1.533101700656555,
            -1.2639716616343555,
            -2.543214295596472,
            -0.30809006968731756,
            -0.41031767396825414,
            0.3277170160034206,
            0.804180693065663,
            -0.2116802133744045,
            0.4195135143344594,
            -0.3949870402837965,
            0.3739518963611423,
            -0.20562762860453077,
            0.918313525692513,
            -1.1337130252714551,
            -0.14795186364985055,
            0.9214670648048343,
            -1.0944834280279465,
            -0.8926219557381491,
            0.9076287022461763,
            -0.9251764760491022,
            -0.4662729779659165,
            -0.30032440169340235,
            1.2837796045767158,
            -0.747885382167176,
            0.7337251171678347,
            0.699534111820816,
            0.5275639707596239,
            1.4299571205676131,
            -0.5186642818446671,
            1.184194998908162,
            -1.4309507548999711,
            0.8406596983641265,
            -0.21167583523782596,
            -0.4339612437365614,
            0.9756741222535152,
            -0.24200395663070357,
            0.41521161126302425,
            -0.933680069502619,
            0.10507501291024172,
            -0.7536818431747326,
            0.8139623707940035,
            -0.17330857488225007,
            -1.3623860893588446,
            2.3170674512664293,
            0.17662199037777007,
            1.3594800816074823,
            -1.7609975511470721,
            0.48585632253739036,
            0.4168781326926747,
            -0.04958266942433537,
            -0.9609049368751911,
            -0.5726578539552983,
            0.3763219169926349,
            0.20063317904375494,
            0.23472298807260208
        ],
        [
            -0.13777012301948086,
            1.5540428075987258,
            1.174109706201564,
            -0.217684078153574,
            0.5837095334369161,
            0.0,
            -1.479403276053911,
            -0.11285255878812041,
            -1.5101856721481024,
            0.6704192418342488,
            -1.5895593680108477,
            -2.2824847380990025,
            -0.406601309936241,
            -0.34518316515837,
            1.4572027163493488,
            -0.6529246806145524,
            0.8818898496542427,
            -1.1571198570289098,
            -0.3119197511452351,
            0.41022571429819416,
            1.3715801468522857,
            -0.3234189471448039,
            1.7989858769663074,
            0.5717129420039163,
            1.1710987946805735,
            0.8926375202025227,
            0.6020972475080275,
            1.5502792144950528,
            -0.2521824224316824,
            0.3306834607932755,
            0.3703879403322435,
            1.9975830809801502,
            0.06538102160605751,
            0.0649427027089201,
            0.4865108929099881,
            -0.3640522918206115,
            1.1463675301618867,
            0.5016447710952304,
            1.5021414975580591,
            0.2733628393382019,
            0.9955157606970235,
            -0.7554391231515314,
            -1.3499322305309347,
            1.484680070264425,
            0.6602117065292642,
            -0.5995435734692987,
            -0.6507647175288741,
            -0.5248999511109322,
            1.7689038605521665,
            -0.5071592461946697,
            0.6774315641954286,
            -0.7461902479222039,
            -0.21422803361026893,
            -1.2352375838317686,
            0.13353214859707085,
            0.904417039865976,
            1.338619599162478,
            1.0870168232702428,
            1.9472699129046638,
            1.0538226983082235,
            -0.6091710313121628,
            -0.28004610630795956,
            0.2970789635155962,
            -2.103778610406983
        ],
        [
            -0.15285428586487934,
            1.0846123502155671,
            0.1694826445474802,
            0.28004817650393365,
            -0.45917430412948157,
            -1.479403276053911,
            0.0,
            0.12088568307779572,
            0.565932712179886,
            0.8680980955105175,
            -0.9566429949801317,
            0.2288663192821433,
            0.8459315619044575,
            0.9716473215318745,
            -0.7769539849223551,
            1.2896020901028673,
            0.6096454197397811,
            -0.24310019822675324,
            -0.2306628310640282,
            -0.5115145935426337,
            0.2669374715788131,
            0.8943953665244943,
            -0.336166196784891,
            1.2458681817365562,
            0.4312016178975055,
            0.7053731427157313,
            0.9298980184680137,
            0.5659644877986653,
            1.1591382314538925,
            -0.5363157338829315,
            0.9635044452986211,
            -0.20628130290550492,
            -1.223533113723867,
            0.3112187592027999,
            0.11648567062857114,
            0.09744010512689039,
            -0.6316329039124433,
            -0.8214455566708592,
            0.2604614433484586,
            -0.6121684125332113,
            -0.7891095562408112,
            0.059042169404730775,
            1.449412696836272,
            0.09140896353705383,
            -0.6653712355582933,
            1.1952894589962286,
            -0.2153506593384315,
            1.5032757324889183,
            1.7925363937600962,
            -1.3747157141889985,
            -1.446798042973014,
            -0.12747748246022864,
            -0.5669090664421246,
            -1.4390940835248558,
            0.33923984650950395,
            -1.1269814362819865,
            0.7037254707027581,
            0.6738849605124234,
            0.9362600076971863,
            -1.454453484673236,
            0.4081921332423177,
            -1.3253869679318389,
            -0.19396963547992804,
            -1.1574011553964239
        ],
        [
            -0.022991320180603757,
            0.43702632974091005,
            -0.6653739579187856,
            1.6011870448988041,
            -0.2240849171415516,
            -0.11285255878812041,
            0.12088568307779572,
            0.0,
            1.290722608032629,
            1.282124080698071,
            0.486960626737581,
            -0.5401850452652498,
            -0.020957465588947424,
            -0.011091531927300623,
            -0.5479461509312646,
            -0.16285507218578668,
            1.1891456780936773,
            -0.05877060707878571,
            -0.5253055228250124,
            -0.7348417655983751,
            0.5400147732063855,
            -0.5858102116186129,
            -0.6428435789076747,
            -0.2966003529149163,
            -0.5191743056798956,
            0.5832351498357786,
            0.9659006177387033,
            -0.5200174467569798,
            0.18107880980513022,
            2.52352389073548,
            0.6324793799216806,
            -1.1532346186157314,
            1.5106964911360474,
            -1.041345998104181,
            -0.5523599017035083,
            1.077498156494563,
            0.7032619865305207,
            0.24327058719116879,
            0.6388785466525689,
            -0.7169303202629272,
            -0.8110872905243919,
            1.2992769547526277,
            1.1466565583756099,
            0.9584273643891322,
            -0.0982099311876424,
            0.08980880465227495,
            0.5728818347073777,
            -0.9981293823646048,
            1.0522734984258368,
            -0.3482063338621235,
            -0.8226740898889613,
            -1.4041542840050218,
            0.3929942380907774,
            -0.8403236507459053,
            -0.3527113353813537,
            0.16610276710746472,
            -1.009211552481279,
            0.28513102686174346,
            -2.1724303142188552,
            1.7713400611815866,
            -1.2063263654567984,
            0.8037578836055607,
            0.6002198825280741,
            0.2104463814675746
        ],
        [
            0.4222122087612077,
            1.1974977517070735,
            -0.00980923112119223,
            -0.32654516254241306,
            -0.56216711806632,
            -1.5101856721481024,
            0.565932712179886,
            1.290722608032629,
            0.0,
            0.13022522232912395,
            0.21280905332676964,
            -0.24710086166494286,
            0.4074587968697032,
            -1.5615253022484135,
            -0.45729942741727486,
            0.6965959360070968,
            0.4497785409801082,
            1.1085130684899758,
            0.7204082448410518,
            0.9117559007774271,
            0.3083603048315762,
            -1.5427624944105185,
            -0.9254654993446505,
            -0.037929885574229355,
            -0.5323041596182494,
            0.10814270986099406,
            0.6968303038745003,
            0.43532813382931235,
            -0.7383331198226527,
            -0.05130920763244458,
            1.3443554302619212,
            -1.1404965997565049,
            -1.3038233419865113,
            -0.03871619256661501,
            0.19991603529538424,
            2.810893524618547,
            -0.05460346111198277,
            0.5748135623799868,
            0.6207901544926572,
            0.5152863485929327,
            0.460733287882333,
            0.7053358454742333,
            0.7275598224460186,
            -1.2960390725580793,
            -0.07214016878133689,
            -1.8800807722958341,
            -1.7329100205173047,
            -1.6709948804624606,
            0.7896724560279637,
            -0.3500728917638234,
            0.5299364263082026,
            0.5206984669504576,
            0.43126858598713635,
            -0.33978188344477206,
            0.22185570391773002,
            1.3146016994104057,
            -1.1241510040595382,
            -0.42816095776035223,
            -0.1977861190659566,
            -0.11125630742791671,
            0.39310499145564065,
            -1.4925676469358773,
            0.6362602169851241,
            -0.9073527416843887
        ],
        [
            0.36446785374290813,
            0.23542847693653737,
            -0.21718316949637684,
            0.6619198721542215,
            -1.533101700656555,
            0.6704192418342488,
            0.8680980955105175,
            1.282124080698071,
            0.13022522232912395,
            0.0,
            0.15250000994657117,
            -0.5056948456291726,
            -1.1906554118386212,
            1.528907914599348,
            1.3009228010060039,
            -1.2401773804746046,
            -2.213417373870252,
            0.2190584511656115,
            0.9567199319568772,
            -0.9220081877500572,
            0.31253044791871987,
            0.7484817983223897,
            2.408862927191939,
            1.8643282591624362,
            0.7086769170673245,
            -1.6964312061442552,
            -0.3818617538064206,
            0.2933027822398112,
            -1.3046420032451997,
            -1.25847416799088,
            0.5548705116564344,
            -0.3296026630534196,
            -0.9839539183688897,
            -0.9471639332234947,
            -0.5813303563732554,
            2.8225496607677845,
            2.5107953995281034,
            -0.3715360174407737,
            -0.4805116546503212,
            -1.1344817276449928,
            1.5209480228907206,
            -0.29931867820964647,
            -0.36083664025649287,
            0.20776638092478214,
            -1.790655627860978,
            0.0881781326067582,
            0.8174750786983944,
            -1.4365040162714062,
            -1.4025655387236913,
            1.3967944466826712,
            -0.0668890967060218,
            -1.9217131565926502,
            -0.32422477203688543,
            -0.27531694694568515,
            -0.6983961963563078,
            0.8417595109479715,
            -0.4089399687609753,
            0.6757092850220056,
            0.6129962867559291,
            -0.0407371786522713,
            -0.9007576274145424,
            1.6192936186017797,
            0.985402223600977,
            -1.2166747020671673
        ],
        [
            -0.8539635791500378,
            1.2480032399944476,
            0.407093829397416,
            -0.7735525591446939,
            -1.2639716616343555,
            -1.5895593680108477,
            -0.9566429949801317,
            0.486960626737581,
            0.21280905332676964,
            0.15250000994657117,
            0.0,
            -0.28094768574187506,
            -0.1844856547998364,
            -0.0451435617215616,
            -0.6460156975695581,
            -0.38690678119976835,
            -1.6642585079536105,
            -0.8447712313400761,
            0.17809011552197096,
            -0.5019310512025611,
            0.15174297085582636,
            -0.3275045798190454,
            1.7590609391037848,
            -1.3173852046177263,
            0.3302301947472784,
            0.5511858423813446,
            0.5247467058836967,
            -0.04858140634414387,
            -1.1156075752282992,
            1.5318499808050108,
            -0.9760850280433891,
            -0.027953115726819768,
            0.34276672250693035,
            0.043999335464188084,
            -0.5183664742462764,
            -0.852155230073912,
            -1.2354936949149826,
            0.5005703806576968,
            0.9820229842469923,
            0.5030271208008952,
            0.16287595749048475,
            -0.29027404016087793,
            0.09476452275304038,
            1.0777235655296897,
            -0.3599042452446572,
            -0.06856403149849744,
            -0.8217182066381656,
            1.3529648033841357,
            -0.6391996684388869,
            0.989208118389074,
            -0.8123147995856144,
            -0.14684645681178027,
            0.8676502912538434,
            1.4689576791502885,
            -1.247324343469464,
            0.10176970774624546,
            0.26290855189896356,
            -0.9315520149096914,
            0.2374984279661872,
            0.6881370899683378,
            -2.461002038978902,
            -0.9980943708799315,
            0.2633634065830247,
            -0.9833918497784753
        ],
        [
            0.5259522048905206,
            1.9720693138814684,
            -2.4544161004340665,
            0.08977217931792755,
            -2.543214295596472,
            -2.2824847380990025,
            0.2288663192821433,
            -0.5401850452652498,
            -0.24710086166494286,
            -0.5056948456291726,
            -0.28094768574187506,
            0.0,
            0.04309547984396863,
            0.38167225763531165,
            0.5014449431754243,
            0.031247622608831262,
            -0.8942622575739362,
            0.7916311335609625,
            -0.03240243259147256,
            -0.33013428413686685,
            1.4310854468813918,
            0.49540175802991654,
            0.5145843504635803,
            0.04964568846284417,
            0.4538502232566768,
            -0.3023789511667221,
            0.6664361277938179,
            -0.954415421826632,
            -0.9223898273286029,
            -0.9518501976771959,
            0.6624731414058753,
            0.8850339153577326,
            -0.33302281680810747,
            -0.5336236544032261,
            -0.15204480728522224,
            -0.6884199451493284,
            0.008838504740186498,
            0.26897329287407334,
            1.4387689874133138,
            -0.18285498300633335,
            0.12251410548110475,
            0.6512802772586025,
            -0.27918564014630803,
            0.23713814459681948,
            1.6271989729362577,
            -1.738604617748574,
            -0.4248928145437061,
            0.17235230531114404,
            -0.46017687442237515,
            -0.45303459155651876,
            0.08175043033558009,
            0.9933429590050337,
            0.0899666861396884,
            0.8862166742980805,
            0.755613146603057,
            -2.0897030174292612,
            0.01544409700269636,
            1.3570195509105534,
            1.5139978653296702,
            0.36367475403997435,
            -0.5474571408495097,
            -0.12826639696478426,
            1.0198307141793141,
            -1.3417035684402185
        ],
        [
            -0.8700709934022052,
            -0.24287955534195654,
            -1.4164978347552228,
            -0.5031909022259969,
            -0.30809006968731756,
            -0.406601309936241,
            0.8459315619044575,
            -0.020957465588947424,
            0.4074587968697032,
            -1.1906554118386212,
            -0.1844856547998364,
            0.04309547984396863,
            0.0,
            0.1782757397191335,
            0.4596067878442901,
            -1.1119595092598815,
            0.3756716226335159,
            -0.9204388697844329,
            -0.12428175173920379,
            -1.616231399777957,
            -0.38443819242785515,
            -0.09236737848624672,
            0.5780339096628837,
            0.7436661721862815,
            0.8935079231839198,
            0.29581690552530604,
            -1.3069725318770515,
            0.2645169017082039,
            0.36252884225146575,
            2.0466528513836564,
            -0.12568349727979647,
            -0.08183406448783385,
            1.9382942168953021,
            -0.4575395378625154,
            1.4930884474890511,
            -1.4193044352997106,
            0.7857545649573331,
            -0.46204125392429873,
            -0.6465035378516589,
            0.9621977938649949,
            0.9437423712167533,
            0.6984115025283336,
            -0.35646183371421813,
            0.21093268079020916,
            -0.2858140884238282,
            1.2647880977556372,
            0.2714431156024474,
            0.2572249839325836,
            -2.4427780908903194,
            0.0059071157587586645,
            -0.8100865567278447,
            0.016243816894464545,
            -1.2197256356526889,
            0.4328715356343138,
            0.8988430811096708,
            0.00869552911224921,
            -1.7218949662834162,
            0.8737849434007009,
            0.7914026579601069,
            0.19057628441877653,
            1.054928849269136,
            -0.4315383216824828,
            0.44138492552919806,
            -1.1065447051239252
        ],
        [
            -0.5184186033172706,
            -0.2631469857493967,
            -1.087552904233788,
            -0.25431973072595226,
            -0.41031767396825414,
            -0.34518316515837,
            0.9716473215318745,
            -0.011091531927300623,
            -1.5615253022484135,
            1.528907914599348,
            -0.0451435617215616,
            0.38167225763531165,
            0.1782757397191335,
            0.0,
            0.7241431753823667,
            -0.36012361771156354,
            1.1878190324262545,
            -0.6451993097874413,
            0.8923501733340266,
            0.9253653658042631,
            -2.0273566279423987,
            -0.7061099202071848,
            -0.6292587678373565,
            0.21557632447694575,
            -1.8968613949716278,
            1.3278131387342942,
            -0.8263597874435374,
            -0.2737851085994424,
            -0.09809943777064847,
            -0.6251534616478729,
            0.8714164481795906,
            1.6921834278888395,
            0.5289068881007694,
            0.3328454319431955,
            -0.44251753590356063,
            -1.1968856669971926,
            0.3947378211949517,
            -1.2314028827130992,
            0.05111035017984199,
            -0.44022039347047476,
            -0.40134393344885816,
            -1.1797569281620415,
            1.9898416709206632,
            -1.6916100369663756,
            0.15596531208149672,
            -2.4153101450087306,
            0.8982990076874625,
            0.9350503639333643,
            1.6378587437023624,
            -0.5360910578182017,
            -0.5978621107975644,
            2.0166904636991743,
            -0.04675045068250586,
            0.38169835600882307,
            1.258319955454763,
            -1.064578098519212,
            0.27337746554398246,
            0.5852958886688765,
            0.3940086563590477,
            0.31399317445181024,
            1.471107299964375,
            -0.5757343842261805,
            -0.02448010785166695,
            0.3461780611011383
        ],
        [
            -1.131938536996426,
            -1.9667933097801356,
            0.8413561867900916,
            -0.20346922774608095,
            0.3277170160034206,
            1.4572027163493488,
            -0.7769539849223551,
            -0.5479461509312646,
            -0.45729942741727486,
            1.3009228010060039,
            -0.6460156975695581,
            0.5014449431754243,
            0.4596067878442901,
            0.7241431753823667,
            0.0,
            0.6335727217926186,
            -0.20794351928321037,
            0.9709800921042618,
            0.3920683014291632,
            1.035431732857905,
            -2.6480574831352914,
            0.34275979628102704,
            -0.38072456800358734,
            -1.1031328074686078,
            0.008715067538671375,
            -1.2789284429491414,
            0.47806699021528126,
            1.7213262046565525,
            -0.5279291998225492,
            -0.4024304784560305,
            -0.4039457526305334,
            2.0137517484872105,
            -0.9984345613775009,
            0.23894552339136235,
            -0.07026520340057685,
            -0.18116573118072749,
            -0.7338089790648988,
            0.8773120328262461,
            -1.0781187721528724,
            1.8560265179331334,
            -0.2776115120685065,
            -1.8045462074539655,
            1.6170938684572171,
            -0.8716425053517777,
            -0.899580495813644,
            -0.1587679632055085,
            -0.1520082491991491,
            -0.6152843077481184,
            -0.05614768059312836,
            -0.8788426876713461,
            0.5970265170676112,
            0.7755106785457916,
            1.8875851160768886,
            1.2962251155097486,
            0.37123313659348134,
            1.0138007927177837,
            -0.6454124287959244,
            -0.08917871719231595,
            -0.05959841285611712,
            0.45913282016461077,
            -0.6338716569468602,
            0.043355006461580574,
            0.18020795509903298,
            -1.0170194415788127
        ],
        [
            0.8199082533059774,
            0.9431747870035567,
            -0.1877359104729767,
            -0.0002873808567695288,
            0.804180693065663,
            -0.6529246806145524,
            1.2896020901028673,
            -0.16285507218578668,
            0.6965959360070968,
            -1.2401773804746046,
            -0.38690678119976835,
            0.031247622608831262,
            -1.1119595092598815,
            -0.36012361771156354,
            0.6335727217926186,
            0.0,
            0.22681859646671373,
            -0.049839138346841214,
            2.54212674043897,
            1.1365118459896526,
            -0.4728485731293617,
            -0.5753875083467418,
            -0.3505500093031479,
            0.3879847724824398,
            -0.8892305557694402,
            -0.9943186895903068,
            0.48850518427632905,
            -0.4141037323569087,
            -0.5677940997485651,
            -1.6100405731280105,
            0.4362146096849033,
            0.6866180217279705,
            1.6448915280027303,
            0.8888917467195424,
            -0.42343444277973086,
            -1.7334859357465437,
            -1.4203913098122112,
            -1.3232541696747908,
            -1.2802878401122002,
            0.5929894743716628,
            -0.19722537836588605,
            0.2571975252652879,
            0.5111746156955523,
            1.072602368239117,
            0.8905423732028245,
            -0.26793840824287163,
            -0.3030644699317735,
            -0.3514082499406435,
            -0.012550400518052318,
            0.23771762315389264,
            1.2321387824207377,
            -0.18044773038089357,
            -1.2576231919485268,
            0.5428090849475777,
            0.27079214739143986,
            2.2522727463143974,
            -0.35708825436095165,
            -0.18300264251621068,
            -0.24350920702423284,
            -0.08420185441071097,
            0.2645191556643915,
            0.6857228583269775,
            -0.31045302224931387,
            0.26834508724027
        ],
        [
            -0.4404944810830814,
            -0.33592058611533143,
            -0.23587053356298537,
            2.3210502345082347,
            -0.2116802133744045,
            0.8818898496542427,
            0.6096454197397811,
            1.1891456780936773,
            0.4497785409801082,
            -2.213417373870252,
            -1.6642585079536105,
            -0.8942622575739362,
            0.3756716226335159,
            1.1878190324262545,
            -0.20794351928321037,
            0.22681859646671373,
            0.0,
            -0.05937305850817523,
            1.1976689917677092,
            0.09978209021324778,
            -0.1648786521552252,
            0.15015682291683496,
            -0.6174201675598362,
            0.359128398219374,
            0.22915519833096998,
            0.7386854560579984,
            -1.5860817479088294,
            0.17274829191531516,
            -2.176876672550954,
            2.233013726271917,
            1.513332333113731,
            -0.6581276380752539,
            1.125241361331768,
            0.5443657863609365,
            -0.15867089310416307,
            0.5074283500636827,
            -0.4590004661692141,
            0.4395040709437741,
            -0.339823150949244,
            -0.8644845227123199,
            0.5727469348877557,
            1.2679643193391423,
            -0.5677513073157708,
            -0.20241540131762345,
            -0.21893199011323092,
            0.47102878861028186,
            -0.6351747345307851,
            0.12921397333163034,
            -2.206886744661798,
            -0.522496609095319,
            0.5594411382569696,
            -0.9663149790926706,
            -0.00027416971460976573,
            -1.583965531570868,
            0.13431968686736354,
            -0.18578872650458159,
            1.3346590221790386,
            1.1402176603778187,
            -0.4400622602765883,
            -1.0221845624055113,
            -0.0703350359343113,
            -0.7953173445529789,
            0.6894787111945095,
            -0.7621513601716686
        ],
        [
            1.2327293941424158,
            -1.2672077365418646,
            -2.0046428954761444,
            -0.24496698072225243,
            0.4195135143344594,
            -1.1571198570289098,
            -0.24310019822675324,
            -0.05877060707878571,
            1.1085130684899758,
            0.2190584511656115,
            -0.8447712313400761,
            0.7916311335609625,
            -0.9204388697844329,
            -0.6451993097874413,
            0.9709800921042618,
            -0.049839138346841214,
            -0.05937305850817523,
            0.0,
            -0.5927877491000828,
            0.1915605526507967,
            0.6670531400283398,
            -0.49030942240124215,
            -1.2875385218837274,
            0.26669171339444386,
            -1.6545021209659385,
            0.16697917043623056,
            -0.6048373323792615,
            0.6294505191859118,
            0.829312367043972,
            -1.6638379572398674,
            0.10113904517726738,
            1.5990251828198543,
            -1.7264470404319008,
            1.3990871388641928,
            1.430869367329061,
            -1.2091383568425578,
            -1.0443387785406941,
            0.1944412265765245,
            0.361912813291353,
            0.510836973116639,
            0.34789644811444487,
            -0.5573734642348995,
            0.9847336830137887,
            0.760297417645269,
            -0.7711350857536758,
            -0.8054800202326468,
            -1.1637830493894994,
            -0.11112882836359496,
            -0.1819141254368072,
            0.06428742809058505,
            0.8267362109508649,
            0.06045091968058392,
            -0.006291821613160311,
            0.43262151184344183,
            -0.17430384247919284,
            0.5795819913032799,
            -0.42681252051927493,
            -0.061089555146590584,
            -0.7510298992700445,
            -0.7938924043584564,
            2.4504872000492184,
            0.9478124560827353,
            -0.5024352753375871,
            -2.172149807670587
        ],
        [
            0.221155116908593,
            0.8756293202642592,
