{
    "N": 64,
    "id": "3a21138c-ec74-485c-9f03-19efadbf7143",
    "problem_type": "SK Spin-Glass",
    "distribution": "gaussian",
    "spins": [
        1,
        -1,
        -1,
        -1,
        1,
        -1,
        1,
        1,
        -1,
        -1,
        -1,
        1,
        1,
        -1,
        1,
        1,
        -1,
        -1,
        1,
        -1,
        -1,
        -1,
        1,
        -1,
        1,
        1,
        1,
        -1,
        1,
        -1,
        1,
        -1,
        -1,
        1,
        -1,
        -1,
        -1,
        -1,
        1,
        1,
        -1,
        1,
        -1,
        -1,
        1,
        1,
        -1,
        1,
        -1,
        -1,
        -1,
        1,
        1,
        1,
        1,
        -1,
        1,
        -1,
        1,
        1,
        1,
        -1,
        -1,
        -1
    ],
    "couplings": [
        [
            0.0,
            0.8852291135856952,
            -1.5838908743523696,
            -3.344590649138777,
            0.8945638786432233,
            0.22779372409511045,
            -1.387049387608429,
            -1.897660347843071,
            -1.2679340086656934,
            -0.48556471994132167,
            -0.6305667043952089,
            1.3547323507263045,
            2.3107509024362605,
            0.7396802577285866,
            -2.580036582434807,
            2.1168371933367642,
            -0.8225271314210096,
            -0.8071443698787949,
            1.3982327749278618,
            -1.0004651325564888,
            0.005969239875591688,
            -1.8552877862365245,
            -0.21236492669355897,
            -1.9130474813244758,
            0.2604205263775084,
            1.3927339129556415,
            0.8049972768221673,
            -0.7875944681997287,
            0.9886297011225177,
            0.2612381588428667,
            0.8103705911953052,
            -0.04290765874053657,
            0.07748578866675387,
            1.9326671955641188,
            -0.5332980087889052,
            -1.2551250379730565,
            0.26836615227731603,
            1.8614943553810037,
            0.7013325885311366,
            -0.5356390998697904,
            -1.5173319643897256,
            -1.005236924517877,
            -0.37838758142741274,
            2.178299121507317,
            1.2762165762989797,
            0.8580249626902786,
            -0.9673440995903964,
            1.086750745533041,
            0.893899512086157,
            -0.21808436065969686,
            1.1564964494276029,
            -1.3597334651267265,
            0.7406489378645734,
            1.221467825455869,
            0.33620655161366225,
            0.09818362420682732,
            0.9016615161128615,
            0.7105651354115138,
            -1.2970034759199898,
            -1.0272907389431325,
            0.41721802988498763,
            -0.6748181248452011,
            -0.5232749712549051,
            -0.04420675296276069
        ],
        [
            0.8852291135856952,
            0.0,
            0.754729116423743,
            -1.076972207179288,
            0.07142825381417679,
            -1.2104990162188332,
            0.41427871600237626,
            0.7819879728946643,
            0.4805247957959926,
            -2.418992255367153,
            -0.07218440876458385,
            -1.0705551631491086,
            1.754476905254148,
            0.19764841556871363,
            1.5208926953183588,
            0.2784999335326099,
            -0.3607037269915066,
            0.7661999550564746,
            -0.641255590055265,
            0.5526063082478345,
            0.2872988735768971,
            -1.680229075916548,
            0.7342706800140042,
            2.462515999742223,
            -0.09153040682688729,
            0.14986002467561652,
            -0.36546085783481913,
            0.05685322285899591,
            -2.263852388133258,
            0.4733833888332591,
            1.2137170701822568,
            0.15972684191432726,
            -0.4385457195980898,
            1.9242202605238654,
            1.4654797677276565,
            0.8992066404684221,
            -0.2000827380992053,
            -0.8809919121929273,
            -0.5253272847812839,
            -0.025665595319680136,
            0.33753123834211807,
            1.0149045219000032,
            -0.13568335000592513,
            0.7041322123830358,
            2.085287658879444,
            -0.2558803218646458,
            -0.9418398638795312,
            -0.20862424461586979,
            -1.0619615979397428,
            -1.3667726034646275,
            0.07775666272266112,
            0.3504976800861555,
            -0.6505711297063966,
            -0.5471793029967309,
            0.16015125193687732,
            0.22566750076271602,
            -1.9401402736684377,
            1.9233047071615497,
            -0.5645550242609376,
            1.3621183802128904,
            0.6515173494458004,
            -0.0059106216643165285,
            -0.48308721428511336,
            0.1590476221641888
        ],
        [
            -1.5838908743523696,
            0.754729116423743,
            0.0,
            0.00407420752413719,
            -0.8832629995950809,
            1.0281908132790447,
            -2.509119317448955,
            -0.13717985618135864,
            0.5004733467449076,
            0.8810297461266149,
            -1.2751185201865782,
            0.7396827246991671,
            -1.6272374997901355,
            -1.332632785736896,
            -0.9156135419198784,
            -0.49313167544995085,
            -1.1502017353544032,
            -0.037199066723492984,
            0.048813947736613905,
            -0.5218730578664237,
            -0.7291519524768105,
            -1.0975888010046229,
            -1.8083108140123674,
            -0.7104427458348398,
            0.6267743869193704,
            0.016816326999969603,
            -0.8629915635227742,
            1.4054266407018476,
            0.7716494871766145,
            0.9711706432085523,
            0.9309390431420852,
            1.3807035784490553,
            0.5290773428119083,
            0.6393398810563813,
            -0.009275368107190343,
            0.3719693407346897,
            0.08566879573972788,
            -1.2838199911347166,
            0.811674482895268,
            -1.3233828140442374,
            0.2058184880390266,
            -0.4311593435178465,
            -0.4008977775939848,
            -0.04250132826665906,
            -0.6720751390548568,
            -1.8623142455760309,
            -0.3719973272298239,
            -1.4320758945335688,
            -0.039231949525431166,
            -0.0771464653962109,
            -1.0668732436504162,
            0.08614967488312951,
            -0.06796705225366445,
            0.8139687513700059,
            -0.5306830564493014,
            -1.3706643950023505,
            -0.7889278428779907,
            0.746155623503898,
            -0.7882673640478082,
            0.40255593978667314,
            1.0979561251800525,
            0.8844612461624476,
            0.6899659194766959,
            0.29378073625452894
        ],
        [
            -3.344590649138777,
            -1.076972207179288,
            0.00407420752413719,
            0.0,
            0.11987399667221098,
            0.3379986926369319,
            -0.03256564094360128,
            -0.9167476757611048,
            -0.9735938766581148,
            -1.3629090956044903,
            0.3272038916083012,
            1.2119482544659161,
            0.06772588117474605,
            0.07245530768791247,
            -1.389633220573205,
            2.0583042950654034,
            -0.030308964242752246,
            1.2353690549390546,
            0.4582759477871645,
            -0.24203420662286032,
            -0.3933214776974605,
            0.34749104740575293,
            -0.07194814744065119,
            0.648262247885248,
            0.5343373901461203,
            1.9517252689026254,
            0.6870682907051284,
            0.1352196531661864,
            0.2601064565756495,
            0.3316235693388982,
            0.5745312829002373,
            -0.2582239638171763,
            -0.3608793654303331,
            0.1150824821051435,
            1.1815839989667114,
            0.721742175903919,
            0.32121908947457595,
            -0.44180192468185725,
            0.5506200059342929,
            -0.03850627389553495,
            -0.7498403880892954,
            1.2102606032909575,
            -2.6852802226614036,
            0.9398098537104873,
            1.1833238133860045,
            -0.987219611561226,
            1.1344737112791865,
            1.0305895073910858,
            0.5015514829964264,
            0.8591772993150676,
            -0.449587889186432,
            0.29385570914045694,
            0.7234085087576023,
            1.6317292542639545,
            0.983890134282166,
            -1.3582961656717727,
            -0.49095262605599355,
            -0.2598888004005055,
            -0.2389985345387334,
            -0.31478342347516236,
            -2.8631473005621353,
            -0.8019853974240373,
            1.6369623426542015,
            1.5591393035491794
        ],
        [
            0.8945638786432233,
            0.07142825381417679,
            -0.8832629995950809,
            0.11987399667221098,
            0.0,
            -0.22933462324806325,
            0.6483866682982656,
            0.47628071238986913,
            -0.12712859699407472,
            -0.24848114574473193,
            -1.3405435717830008,
            -0.5277337982806747,
            0.10770255585267431,
            0.47372322969962105,
            -0.6513543056303052,
            -0.9442733638995349,
            -0.7411744292272365,
            1.1545150011442806,
            -0.8917980973322117,
            1.0599051117040252,
            0.5585801477755856,
            0.5243534774966582,
            -0.6972444122260884,
            0.33460265838096104,
            0.47744873255827674,
            0.2871146101873433,
            -0.23761493909696135,
            1.239895836770254,
            -0.5288178260902885,
            -0.7108121575017817,
            -0.7175808926913052,
            0.8333415483633119,
            2.3993266192552736,
            1.2768785667922717,
            1.9589995096543356,
            -0.672932662232848,
            0.6359137204825437,
            0.5731764453677829,
            -1.5109163225557405,
            -1.1632323353557632,
            -0.014445871540451457,
            0.4340851299224345,
            -0.3791015665751552,
            -1.8371936006109497,
            0.3804552233064058,
            0.6105336588237654,
            -0.5554003143923918,
            -0.3162921243641739,
            0.05570062753799097,
            1.13780582905038,
            -1.5612031039713734,
            0.9231043156476336,
            -0.4669456547501674,
            -0.15258153336533883,
            -0.07900497048859932,
            -0.9552852790648209,
            -0.327603245991067,
            -0.08593732382429682,
            0.30030382668649813,
            -0.5968510302617565,
            0.7623949749507827,
            0.4167563393552488,
            -1.342365920447248,
            1.686562761520406
        ],
        [
            0.22779372409511045,
            -1.2104990162188332,
            1.0281908132790447,
            0.3379986926369319,
            -0.22933462324806325,
            0.0,
            -0.04895964005837402,
            1.194392731003469,
            -1.830246387006919,
            -1.6630194376952074,
            -1.3204179262534357,
            -0.11938121145444952,
            -0.8906940322388377,
            -0.9330436911155743,
            -0.4744672618064194,
            0.9882984930241043,
            0.13361701128772438,
            -1.0235853103808168,
            -1.6595175495987557,
            -0.55027861670293,
            -0.3543067391488312,
            1.5852814624671985,
            2.2771482342346796,
            0.3750026449338044,
            0.11912476289348231,
            -1.3328886725739697,
            0.07950795965544068,
            0.29025012166772574,
            -0.4263697974627495,
            -0.2174729210989056,
            0.20675032117308773,
            0.7540990374375496,
            0.2623399666276894,
            1.0203200607874545,
            -1.381722581491812,
            -0.6062180518960361,
            0.9875079435233707,
            -0.1889689867737152,
            -0.2528970043446057,
            -0.169654348302216,
            -1.0212154084476546,
            -0.48327887228796834,
            -0.47946256370582724,
            -1.4898870622041558,
            -0.10384590805711151,
            0.7529130724179302,
            -1.3342971942734603,
            1.2577517985360822,
            -1.108889300234483,
            -1.643889950272095,
            -0.06811143551065786,
            -0.8928839678434934,
            1.4533822091190458,
            -0.791347349256406,
            -0.3720308361307419,
            -0.5918079531069396,
            0.15035101616284288,
            1.0068918401038836,
            0.05913423594245761,
            1.1568032610863341,
            -1.6398870110932013,
            -1.5660694889743778,
            -0.34573459499177095,
            -0.4234233981833259
        ],
        [
            -1.387049387608429,
            0.41427871600237626,
            -2.509119317448955,
            -0.03256564094360128,
            0.6483866682982656,
            -0.04895964005837402,
            0.0,
            -1.3394306953558734,
            -1.441336644581923,
            -0.6959892503002477,
            1.6382423673308661,
            -0.013360774984931772,
            -1.7280195160779357,
            -1.0015117661479813,
            0.03410329350311832,
            0.0561380984645974,
            0.19306424208219172,
            1.2134722662229982,
            0.17661772710474888,
            -0.330800958996407,
            -0.7205234575183416,
            1.6047972839231304,
            -0.9903387178450669,
            -0.9194944255335692,
            1.3793136934180825,
            -0.21738974450116996,
            -0.0747063797311645,
            0.8721645216105214,
            -0.16121364270912417,
            0.2547459794805771,
            0.008226154793914992,
            -0.17690369045252158,
            1.5186965257467842,
            1.8352709645565852,
            -0.1323205398999109,
            -1.6810880747577328,
            -0.9006747771685488,
            -0.08907365392770476,
            -0.9793962919368003,
            0.01824711530829613,
            -0.5118377819276602,
            -0.12274617488856726,
            2.811129042896805,
            0.9178503956976718,
            0.5267838978050735,
            -0.18377540214321983,
            -0.6814517734106216,
            1.0427410334082603,
            0.02258438310650687,
            0.4678842720904889,
            -0.1617775192377022,
            1.1553754433639902,
            0.3972778883658941,
            0.1090455000649177,
            -0.35915732671184675,
            0.5192200719630914,
            0.1897385436944761,
            0.9987599787271213,
            -0.12814533271463807,
            -0.23904951186705942,
            0.1614037694741333,
            0.4967619479424758,
            0.1381100290635196,
            0.5262578935323416
        ],
        [
            -1.897660347843071,
            0.7819879728946643,
            -0.13717985618135864,
            -0.9167476757611048,
            0.47628071238986913,
            1.194392731003469,
            -1.3394306953558734,
            0.0,
            -0.3555389010590668,
            -1.8212253311550899,
            -1.7108122970396098,
            -0.5412320444418148,
            -0.509755553385893,
            0.6505525379604985,
            1.7640023806074054,
            -2.617590716438718,
            0.04999400224442258,
            2.0087517695989874,
            0.47692029890568477,
            -0.7501110582641665,
            -1.5299972656795289,
            -0.4780821245575075,
            0.054885360908705716,
            -0.33602286328397624,
            -0.7270840753888366,
            0.1085970184453483,
            1.5694833836750213,
            -0.8769431075900476,
            1.0008177388885595,
            -0.7500080121165781,
            1.0304671916416706,
            0.5702587786385648,
            0.026773123697095936,
            -0.7256280798740827,
            -1.0529732158482834,
            0.44671594981064555,
            0.6665233784313856,
            0.7684943592643599,
            -0.4292569303540082,
            1.5181502496437242,
            0.7064994639182727,
            3.1156783905685064,
            -1.7191325879280503,
            0.1499764251316209,
            -2.378339266170769,
            -0.05806359833487535,
            0.43617577824474446,
            0.30642787217797757,
            -0.883017256230085,
            0.2812640454436974,
            0.4875914636844353,
            1.5341101643221682,
            0.07720123955931064,
            -0.21152187385988958,
            1.0947971625196702,
            0.7887127814423261,
            0.38210785891679283,
            -0.3776057988947047,
            0.21506842134119164,
            -1.2435359908547312,
            -0.6780522548264379,
            1.836270897678349,
            -0.8285076466236401,
            2.095444177127299
        ],
        [
            -1.2679340086656934,
            0.4805247957959926,
            0.5004733467449076,
            -0.9735938766581148,
            -0.12712859699407472,
            -1.830246387006919,
            -1.441336644581923,
            -0.3555389010590668,
            0.0,
            -0.7772782511763683,
            -0.22076808968780415,
            0.1753850162464481,
            -0.12004706342691487,
            -0.18744524108796037,
            -0.46135496297858114,
            1.3014139699045821,
            0.5649887614220892,
            -0.43306839446186773,
            -0.6505187529150285,
            1.6578930736060011,
            -0.6462615151676201,
            0.5634677223499721,
            1.0932196633098554,
            -0.09119670804766519,
            -0.5358225518392339,
            0.36423558519623067,
            -0.796877952914256,
            0.7487984713338137,
            0.7002501612906191,
            0.2698295609195422,
            -1.239123631842034,
            0.5674798216452192,
            -1.1254073335691708,
            -0.7420562949910746,
            -0.5918851423947099,
            -1.2835791574591124,
            0.5440535575234864,
            1.0017527935170523,
            -1.6321332943365379,
            0.2916608041310734,
            -0.19955273784277547,
            0.7323402879738194,
            0.774543866099737,
            -1.465653888454598,
            -0.16011218324027107,
            2.0424307817051037,
            -1.1723391439681994,
            0.5869847821019013,
            0.007239886846419543,
            0.9387007982840351,
            -0.06164774937100157,
            0.5845174634463289,
            -1.272915395174821,
            0.1735071835797945,
            -0.08450055377879552,
            -1.5605276614795032,
            -0.23576081027103868,
            0.023532937715502276,
            0.3015705724422653,
            0.66450579382609,
            -1.6173597232538786,
            1.8731698941472392,
            1.612071254364992,
            -0.523946704203563
        ],
        [
            -0.48556471994132167,
            -2.418992255367153,
            0.8810297461266149,
            -1.3629090956044903,
            -0.24848114574473193,
            -1.6630194376952074,
            -0.6959892503002477,
            -1.8212253311550899,
            -0.7772782511763683,
            0.0,
            -0.06812617234107812,
            -0.4518069781660267,
            -0.2588471077269057,
            -0.11971263662670899,
            1.738561799461102,
            1.319887877333086,
            0.0344102407487504,
            -0.5739275479984607,
            -0.423355694273959,
            -1.586799371157549,
            0.3367104434423708,
            0.4374686456200253,
            -0.82710109526572,
            -0.6825589812400061,
            0.8393897391381059,
            0.2871286163932909,
            0.1635840041878896,
            1.5177058333617093,
            -1.8936872320021958,
            0.6493270136256287,
            0.7636038579256429,
            -1.4216403278476288,
            -0.9269332778391969,
            0.19390397566228632,
            0.3178499502504091,
            -0.6485360699895825,
            0.05830184140529322,
            -1.9319652218236938,
            -0.19837322238749078,
            -0.37959731715931627,
            1.2399747091613371,
            0.1078099715638828,
            1.722150116638837,
            -0.8485678567564086,
            -0.5658020957785289,
            1.660020227191977,
            1.6941977519550566,
            -1.2444406855208554,
            -1.2287832284197462,
            -0.6441655138820845,
            -0.9902117539630291,
            -1.1598181573707225,
            -0.4530863429113422,
            -0.26176947935643136,
            -0.7749784250263432,
            -0.2535638423507791,
            -0.9198235207733229,
            0.5066247514662354,
            0.6787316272800079,
            -0.03546039298026875,
            -1.001394832978884,
            1.7393956829972903,
            0.037738686091442444,
            -0.8829402350395114
        ],
        [
            -0.6305667043952089,
            -0.07218440876458385,
            -1.2751185201865782,
            0.3272038916083012,
            -1.3405435717830008,
            -1.3204179262534357,
            1.6382423673308661,
            -1.7108122970396098,
            -0.22076808968780415,
            -0.06812617234107812,
            0.0,
            -0.1597678601959774,
            -0.07212869417164135,
            -1.6823159570854553,
            -0.5883604353278659,
            0.22135142756989015,
            0.9008964260710125,
            0.49189079527831653,
            -0.07372542916864876,
            -0.3043602868840987,
            -1.0840189236729307,
            1.5134552888197474,
            -0.3570768941867575,
            0.5087577589690938,
            -1.8594280763441544,
            -0.9337046120710779,
            0.7300299960332305,
            0.7413864010718639,
            0.2782570340790487,
            0.8100339393092257,
            0.01700034130389912,
            0.4856693739133903,
            -0.9361146493409177,
            1.4506653663643654,
            -1.629647016434089,
            0.17729145245958056,
            -0.09172628892318685,
            -0.1696020886829402,
            -1.2177596393810648,
            1.2541951936285531,
            1.2976498704859647,
            1.4704233203603458,
            -0.19016781519806614,
            -0.06170529652338919,
            1.7214189588735476,
            -1.1972499274872137,
            1.340782728129739,
            1.142709595150154,
            0.44720084362075097,
            -1.1154066752173029,
            -1.0604759644100021,
            -2.512193730669986,
            -1.2146875852314356,
            1.241369328065325,
            -0.06895957452654478,
            -0.1284345300506219,
            0.34168857644336803,
            -1.5532792939787814,
            -0.30746563397763693,
            2.6831070571444307,
            -0.609696194779289,
            -0.24347335910675888,
            -0.04305650144353852,
            0.772970422530115
        ],
        [
            1.3547323507263045,
            -1.0705551631491086,
            0.7396827246991671,
            1.2119482544659161,
            -0.5277337982806747,
            -0.11938121145444952,
            -0.013360774984931772,
            -0.5412320444418148,
            0.1753850162464481,
            -0.4518069781660267,
            -0.1597678601959774,
            0.0,
            1.9204408680412393,
            -0.3713831246775812,
            -0.7913839971866863,
            0.47383133714783515,
            -1.6075195112290972,
            -0.3275384762210571,
            -0.3772041653201563,
            1.6552691877086614,
            -0.1381239606569873,
            -1.2119231424907055,
            -0.7739350559272079,
            -0.9813991775276075,
            -0.10025094915044687,
            0.7921112738583512,
            0.985558002151648,
            0.028310576047188053,
            1.8294142939578149,
            0.9354710563514423,
            -1.3916303878657512,
            -0.5543163572142981,
            -0.9589381742693389,
            -0.6564702857845801,
            0.5603430574083008,
            1.593917936795986,
            -1.7422571585739084,
            0.5704099377425786,
            -1.2653422480212424,
            -0.6996628579507663,
            0.9250656210038603,
            -0.8009570929258165,
            1.4648183813455835,
            -0.8150359852361256,
            0.7470681012405603,
            -0.7399745686194088,
            -0.023429083651101582,
            -0.09475014643969117,
            -0.09385719578363551,
            1.0511338430685704,
            1.1307185318892583,
            -0.1704803032258933,
            2.4845771387534916,
            1.016860826190049,
            -1.0214917331200994,
            -0.6955307717472287,
            -0.28527780568207384,
            -0.31859405157430276,
            1.1778546073011775,
            0.29448797713406677,
            -1.189782916893212,
            1.376244749874733,
            0.974063607719333,
            0.7216176867648164
        ],
        [
            2.3107509024362605,
            1.754476905254148,
            -1.6272374997901355,
            0.06772588117474605,
            0.10770255585267431,
            -0.8906940322388377,
            -1.7280195160779357,
            -0.509755553385893,
            -0.12004706342691487,
            -0.2588471077269057,
            -0.07212869417164135,
            1.9204408680412393,
            0.0,
            -0.5083490818623619,
            0.8185779688304532,
            -0.4319840886910442,
            -0.2987318510723869,
            -0.33835671080960833,
            -1.0906264552142988,
            -1.2875006353358636,
            -0.8900985104765351,
            -0.5705218272101942,
            -0.545609786697553,
            -0.016863313973236878,
            -0.7652030344228629,
            -0.22856271755098861,
            0.6756303789220378,
            -1.5345364253159846,
            1.2820701339857292,
            1.195919880114757,
            0.8536269818984464,
            -0.3170875403155343,
            -0.2652102913641661,
            -1.0750436319053092,
            1.3353525296681168,
            -0.376825007471791,
            -1.2335257131880857,
            -0.9405257849567921,
            0.8586342733767582,
            1.5005368440387332,
            -0.6076218959339613,
            -0.5048349700597488,
            -0.8212935581786713,
            0.5183046414378409,
            0.3379621823745821,
            1.106006781546929,
            0.9889659746521817,
            -0.08020913030230295,
            0.2197385596909919,
            0.3602766278083977,
            0.39146470116398246,
            -1.3691665323195352,
            1.2767016744559823,
            -0.46033248753901856,
            -0.570713441045789,
            0.7971023397535244,
            0.3389414094705135,
            0.5626534104236433,
            -1.2390790804565168,
            -1.4339628312800592,
            -0.8761373965514668,
            -0.6259772268111566,
            0.27269926334379957,
            0.9556564863802531
        ],
        [
            0.7396802577285866,
            0.19764841556871363,
            -1.332632785736896,
            0.07245530768791247,
            0.47372322969962105,
            -0.9330436911155743,
            -1.0015117661479813,
            0.6505525379604985,
            -0.18744524108796037,
            -0.11971263662670899,
            -1.6823159570854553,
            -0.3713831246775812,
            -0.5083490818623619,
            0.0,
            -0.6823993835045494,
            1.5201675980883422,
            0.19433152971264428,
            0.4947775599166853,
            -2.519108935040343,
            0.762079731089847,
            -0.16444459824263422,
            0.9326040953331837,
            -1.474265817424153,
            -0.10248014476467308,
            1.6494307261550567,
            0.0119957652486253,
            -0.45817900301664605,
            -0.09248482710573255,
            0.6574618688220952,
            -0.0964076482045915,
            0.6332599064259334,
            -0.032678364531284414,
            -0.6477979269490342,
            1.5286162120372844,
            -1.2602585724133457,
            -0.5873531769482591,
            -0.16114088029017945,
            0.3172699519378385,
            0.1183936436155352,
            -0.29135435741868065,
            0.46287820585943773,
            0.1804481021550957,
            1.3898795508552264,
            -0.17440677824879203,
            0.37972546401875096,
            0.11212431642979714,
            -0.9917895648544156,
            1.824153484916424,
            0.39881117239147756,
            0.6002016176119831,
            -2.098467628709374,
            -0.5375707788129969,
            0.08684769287424218,
            0.9125105637243168,
            -0.1171458219155986,
            -0.8779978271256785,
            0.00048360547194953687,
            -1.4253589960422093,
            -0.20618452975571475,
            0.4231733195617478,
            -1.317769563939594,
            1.6694377442810568,
            0.8466378667522814,
            0.40634675640168133
        ],
        [
            -2.580036582434807,
            1.5208926953183588,
            -0.9156135419198784,
            -1.389633220573205,
            -0.6513543056303052,
            -0.4744672618064194,
            0.03410329350311832,
            1.7640023806074054,
            -0.46135496297858114,
            1.738561799461102,
            -0.5883604353278659,
            -0.7913839971866863,
            0.8185779688304532,
            -0.6823993835045494,
            0.0,
            0.3648754679676096,
            0.29825993401791234,
            -0.13289322320237568,
            -1.214874738917036,
            0.13285779908496628,
            0.3718085121426599,
            1.7952057568282567,
            0.644300063373719,
            -0.2737426135522934,
            0.4503236865050981,
            -2.316119809549678,
            -0.14929104413171454,
            -0.2396744128675347,
            -0.728094111435528,
            2.202313238572415,
            -0.22365324169465903,
            -0.5576558677816684,
            0.12388892414897343,
            0.6565226673590601,
            0.5429481845245229,
            0.4040619791556212,
            0.46980619431925474,
            0.1623319860018676,
            0.33031764588151635,
            -0.06915283396347877,
            -1.1029405346360721,
            -0.5543937071458193,
            0.9596286466747036,
            2.876519238341467,
            1.9985823421874502,
            0.7450347996600153,
            -0.5921734023936032,
            0.24895510973489812,
            0.5675127694871878,
            0.6845960887439865,
            0.14080852378173217,
            -0.42138093191230874,
            -0.5068249325696883,
            1.0401805219131735,
            -1.0177576033514768,
            -1.1240118843561189,
            -1.0214335673707913,
            -0.9621238290391977,
            -0.2798775999269073,
            0.853395601148051,
            0.952798730010936,
            -0.23819329264100497,
            -0.3611707283293204,
            0.08043584010194867
        ],
        [
            2.1168371933367642,
            0.2784999335326099,
            -0.49313167544995085,
            2.0583042950654034,
            -0.9442733638995349,
            0.9882984930241043,
            0.0561380984645974,
            -2.617590716438718,
            1.3014139699045821,
            1.319887877333086,
            0.22135142756989015,
            0.47383133714783515,
            -0.4319840886910442,
            1.5201675980883422,
            0.3648754679676096,
            0.0,
            -1.2223624609253345,
            1.9036003111125857,
            -0.5443137083858545,
            -1.2380941986145848,
            1.4881078172730944,
            0.3421249681145606,
            -0.4474518920799384,
            -0.4513765456764342,
            -1.6151485793696378,
            0.7813373088620301,
            0.5231547815954412,
            -0.11039146884662834,
            0.189274148544604,
            -0.23569846408557202,
            -0.42634020461977323,
            -1.2661104596439647,
            1.0614079666238385,
            -1.084305417685538,
            0.13961938227317322,
            1.170334892174349,
            -0.3545469650233032,
            0.9487184723122366,
            -1.5237415215028618,
            1.2434044164444975,
            1.3858135380887229,
            -1.637200213337869,
            0.8562626904023553,
            0.353198278653686,
            -0.7666622532589451,
            1.3542700904246203,
            0.990483404511484,
            -1.6654274133313711,
            1.4185971059572238,
            0.9919505189624127,
            0.34250912954481066,
            1.5928017008653936,
            0.1769387609453087,
            -1.6562252754318385,
            -0.9637815245660858,
            -1.7475227464292522,
            -0.6160708018272266,
            0.8348599133483829,
            0.7800249643195959,
            -1.5398299333151149,
            0.5884915330849918,
            -0.5265256550150531,
            -0.06261377058531008,
            0.48179776597748997
        ],
        [
            -0.8225271314210096,
            -0.3607037269915066,
            -1.1502017353544032,
            -0.030308964242752246,
            -0.7411744292272365,
            0.13361701128772438,
            0.19306424208219172,
            0.04999400224442258,
            0.5649887614220892,
            0.0344102407487504,
            0.9008964260710125,
            -1.6075195112290972,
            -0.2987318510723869,
            0.19433152971264428,
            0.29825993401791234,
            -1.2223624609253345,
            0.0,
            1.2483219318196601,
            1.0231847990096374,
            0.9370774101067761,
            0.6465913628087304,
            -0.07627148053517978,
            1.576656126638698,
            0.77520579608789,
            -0.18672642298527242,
            0.8487551034448892,
            -0.6854292373039693,
            1.2192765968374006,
            -0.9635360542564001,
            -0.7694121419999029,
            1.0638249913194247,
            1.5308728904218065,
            -0.8535391431838543,
            -0.30378984879079757,
            -0.5357080251147628,
            0.7659830914346766,
            -0.5742969961807385,
            -0.6416036231198713,
            -0.3436837021416703,
            -0.3556162048763876,
            1.168317643739272,
            -0.022693745435921828,
            0.8342717643254717,
            0.4609179199598347,
            0.7832135060219725,
            0.644261053094341,
            1.0924904516117644,
            -0.6911040382114906,
            0.68321863156437,
            0.4526012872297025,
            0.3006149392650215,
            -0.7887843892507336,
            -0.48841366613832693,
            -1.3326093472784433,
            -0.9795721551922448,
            0.08173508046433572,
            0.5540102437635532,
            -1.4608365323843013,
            -0.7489092727687463,
            0.34711807223699254,
            1.1878351278747528,
            -0.2861926764515383,
            0.3727421317907713,
            -1.1534148753393008
        ],
        [
            -0.8071443698787949,
            0.7661999550564746,
            -0.037199066723492984,
            1.2353690549390546,
            1.1545150011442806,
            -1.0235853103808168,
            1.2134722662229982,
            2.0087517695989874,
            -0.43306839446186773,
            -0.5739275479984607,
            0.49189079527831653,
            -0.3275384762210571,
            -0.33835671080960833,
            0.4947775599166853,
            -0.13289322320237568,
            1.9036003111125857,
            1.2483219318196601,
            0.0,
            0.9664835031218152,
            -1.1378920983023482,
            -0.6507326644808018,
            0.48169420231103693,
            -1.8961981494302036,
            -0.48662542054097974,
            1.6408639155160125,
            0.1482767268339197,
            1.050164081707101,
            -0.6536249438026637,
            0.8850398676439238,
            0.6818798895630238,
            -0.7915430687024068,
            1.042017367684472,
            -0.05750610218998378,
            0.5097987015212632,
            0.4956066138064091,
            -0.058804955226713126,
            -1.1885658991114976,
            0.9341110912662034,
            -0.07682057124999159,
            -1.1823753581485532,
            0.5147943660596175,
            -0.11778119313647367,
            0.4173782568324612,
            -0.6025587649384129,
            -0.7835664584616452,
            -1.660777439826179,
            -1.1326672581396038,
            -0.06015233655502785,
            -0.15664813239553058,
            0.6062263745084734,
            0.8709602616330384,
            0.8438938338049273,
            -0.39286397760156416,
            0.4355758119592645,
            -0.23412860943627223,
            -0.6815510524735932,
            -0.776250666284322,
            0.7825182492791347,
            -0.033217678190388115,
            -0.6671955613383377,
            -0.5104269250029391,
            0.6931731953447149,
            0.7261533966281926,
            1.3554788555153146
        ],
        [
            1.3982327749278618,
            -0.641255590055265,
            0.048813947736613905,
