{
    "N": 64,
    "id": "3b4ef9fb-3bb3-40f3-ae07-4d690b96bbbd",
    "problem_type": "SK Spin-Glass",
    "distribution": "gaussian",
    "spins": [
        1,
        1,
        -1,
        -1,
        -1,
        1,
        -1,
        -1,
        1,
        -1,
        1,
        -1,
        1,
        -1,
        1,
        -1,
        1,
        -1,
        -1,
        -1,
        1,
        1,
        -1,
        1,
        -1,
        -1,
        -1,
        1,
        1,
        -1,
        -1,
        1,
        1,
        1,
        -1,
        1,
        -1,
        1,
        1,
        1,
        -1,
        1,
        1,
        1,
        -1,
        -1,
        -1,
        -1,
        1,
        1,
        1,
        1,
        -1,
        -1,
        1,
        -1,
        -1,
        1,
        -1,
        -1,
        1,
        1,
        -1,
        -1
    ],
    "couplings": [
        [
            0.0,
            -1.6743873612369902,
            0.4392601479638196,
            0.30673320224304357,
            0.671844001346904,
            0.9709034952403052,
            0.43882202331784037,
            0.08475067765246462,
            -0.43552455257356465,
            -2.736250836271951,
            0.6667429109682309,
            0.13742889145203482,
            -0.16207006219076056,
            0.6544351947168721,
            0.8520522127879622,
            -0.3381671775408828,
            2.4678845477018827,
            -0.43989306291921276,
            -0.39600074729181417,
            -0.6717119272874423,
            -0.6876354219573984,
            0.41104177740253534,
            0.23678635717445984,
            -0.49538074764709167,
            -1.298732567455781,
            -1.1110571187745963,
            0.9536394654912058,
            0.9156685642247745,
            0.28761170249574464,
            0.6282019991078068,
            -0.04376679391874828,
            -0.3331431977167044,
            0.1022383723881208,
            1.446982186379172,
            0.6467865882429708,
            -1.1716102815886196,
            0.3700273641177127,
            0.04623671216546092,
            -0.22942109281098855,
            -1.1302551405724757,
            0.07950377037104783,
            0.6612191026056393,
            -1.4940437529180244,
            -0.5244890705057512,
            0.7495991523794404,
            0.6013358111533069,
            0.6640510781952671,
            0.46452546368432895,
            -0.543538564792922,
            -1.2611966373232932,
            -0.5211398794151932,
            -0.39153515424654034,
            -0.42631394428179853,
            0.38757448200667766,
            -0.5070351749325851,
            -0.03673353654735814,
            -0.4696401719830756,
            -1.6411789409108215,
            -0.9132685478595725,
            -0.37079647106580016,
            -1.2470751489086953,
            1.0674507291906408,
            0.9802703775093405,
            -1.7919264549653737
        ],
        [
            -1.6743873612369902,
            0.0,
            0.27612812218646016,
            -0.10791878662364723,
            -0.8965118406144262,
            -0.39530023908294765,
            -1.0318698241615871,
            -0.05058762947037062,
            -0.8256061975352611,
            -0.2757840316936589,
            0.4833940944110586,
            1.2560681146919044,
            -0.7288160533035796,
            -1.9422456527750804,
            1.0120623133575732,
            1.6277319433172677,
            -1.6978107375531484,
            -0.44462245122289706,
            1.6553483161104732,
            -0.5799488518279772,
            -0.9261648031842138,
            -2.0858058772679744,
            1.3644134865555073,
            0.8422042344891284,
            -0.2369215238353959,
            0.23993641904312074,
            0.11741438765731375,
            -0.037055230178888315,
            -0.34405845438575194,
            1.308214438460907,
            -0.06757661535775762,
            -0.05444075976177115,
            1.6922231170867341,
            0.41729795905786826,
            0.3337975221637152,
            -0.2760997905494284,
            -0.6311106656512074,
            0.8466287693860994,
            0.34319809392926964,
            -0.3172232723072298,
            -0.37868223835167786,
            0.3286667599742745,
            0.808236513871124,
            0.536146419473127,
            -0.4177685825663298,
            -0.7998604604449964,
            0.11733697877091666,
            1.5385116114020387,
            -0.3815202704547526,
            -0.7017089371224474,
            0.11527330166214977,
            0.21388743790081338,
            -0.647704468153016,
            -0.23459627829397792,
            1.6172337333518958,
            -0.9280550905694027,
            0.7494596234117528,
            -0.63078612273627,
            1.681094464936987,
            -0.15383941641774942,
            -1.4752195223437496,
            -2.066175984088299,
            -0.6715955329873139,
            -1.3436342274919881
        ],
        [
            0.4392601479638196,
            0.27612812218646016,
            0.0,
            0.005853580330967806,
            -1.3061501403373643,
            1.5096460742104438,
            0.8875953051084721,
            0.8310886713053677,
            1.607821532993116,
            -1.4434087575935732,
            -0.44454616497691324,
            0.8880474343211078,
            0.6013053079142264,
            -0.22501723563177622,
            0.8865907593758882,
            1.3352542765262791,
            2.209196498216083,
            0.5543649968460296,
            -1.7724696015326806,
            -0.449781621522601,
            -1.7596196818496197,
            -0.043249403308242486,
            -0.9045308935594838,
            0.9645377117506398,
            0.18417854893906158,
            -0.10343759654301782,
            0.795014558100588,
            0.8151280289597616,
            -1.4878901114347933,
            -0.167730983886646,
            -0.9646222600715899,
            -1.5583667688777618,
            -0.5894146826514995,
            -1.6513440198759908,
            0.8367477365999492,
            -1.2384807367015507,
            2.742553016565726,
            -0.8503718473544297,
            -0.41714615525576787,
            -0.2498737284370541,
            1.9236664092497504,
            1.2560516432940192,
            -1.0080910814110473,
            0.31385516019807636,
            -1.3879264038547774,
            -1.8574002135984353,
            -0.3186855635951239,
            2.924098446275242,
            0.8971639169350072,
            0.2645976797473394,
            0.6706394655822647,
            -1.2438207917358504,
            -1.0721445006762829,
            0.5404270337147244,
            -0.15502767270852913,
            1.697236527655143,
            -0.48922181834665307,
            0.36644358931166676,
            0.7908752210715666,
            -0.534801485257406,
            0.18065298340747332,
            0.2816325221011758,
            1.6050738281541777,
            -0.3475940500627507
        ],
        [
            0.30673320224304357,
            -0.10791878662364723,
            0.005853580330967806,
            0.0,
            0.3609641163438496,
            -0.3759911354725698,
            -0.31000712741590386,
            0.5916860702079207,
            -0.7900960878074555,
            -1.519309575813746,
            -0.24316536549211681,
            -1.8938964022270064,
            -1.545520160209223,
            -0.6680892900557911,
            -0.48546731783389324,
            0.8650075645327663,
            1.7906905955892038,
            -0.2165919658918977,
            1.2821668623618474,
            -0.12282990373649567,
            0.4108151309029622,
            -1.5577151462216958,
            -3.023141994321733,
            -0.07210649003355377,
            -1.049668305485467,
            0.9131212826872505,
            0.26494191331517747,
            0.3673051873023647,
            0.32155742150361266,
            1.8857751164306364,
            -0.047440352184546744,
            0.3319760601880575,
            -1.4488839456576352,
            1.7853049373437535,
            -0.442318401536949,
            -0.20960731711574374,
            0.41128603904743943,
            0.8627452459576422,
            -0.6525198398326484,
            -1.663821525094979,
            1.0711929754668532,
            -0.472632615573846,
            -0.4059094108145014,
            -1.8262882686485924,
            0.8872341710232571,
            -0.8045045531800876,
            -0.9930522587087363,
            -0.2819632120266779,
            1.3671135354285666,
            0.36092062179203316,
            -0.5348358931291348,
            1.5597169670098934,
            0.3438984677046393,
            0.7321240268725742,
            1.579685832272315,
            0.47270805089043294,
            -0.53492267823879,
            0.13525476553306176,
            -1.1044061539809877,
            0.5188528953629556,
            -0.9371873933302455,
            -1.0446344348591736,
            0.0285923242408485,
            0.18852638245203954
        ],
        [
            0.671844001346904,
            -0.8965118406144262,
            -1.3061501403373643,
            0.3609641163438496,
            0.0,
            0.8107112691993963,
            1.580919977769127,
            -0.4581858237881368,
            -0.4039173399469832,
            -0.8436169653194538,
            1.0505748551661942,
            -1.275238749767957,
            -0.8839653100660908,
            0.26457795043477156,
            -0.1740465614261404,
            -0.5237448253727239,
            -0.02671810610352604,
            1.1823853099369999,
            0.7837305539413085,
            -0.042124596670604565,
            1.4321066091704928,
            2.4532221656779503,
            0.470013299649463,
            -0.9673226947897675,
            0.3605450258217308,
            -0.5167595207212202,
            -0.017037130479601578,
            1.3045987116906164,
            0.09670761014270246,
            -0.867533017611838,
            -0.48959246934578965,
            -0.8306155401960827,
            -1.9094470233313952,
            -0.36579293478238184,
            -1.3529379146174778,
            2.48514202563578,
            1.2044313499695607,
            -1.9353982851516736,
            -0.22456912437921311,
            -0.5534695672482429,
            -0.3448800441786479,
            -1.5856127805338665,
            -2.146392904907032,
            -0.4700506150418787,
            -0.1149215380101287,
            -1.2916818626602438,
            2.1301564853008585,
            0.5177258257706882,
            1.4522659230647974,
            0.1694067966156998,
            0.25231791795962183,
            0.6127711605633401,
            -0.27913404082199367,
            0.27211071316234026,
            -0.623177326260778,
            0.9214109975752429,
            -0.5630323320222963,
            -0.5662205586294219,
            -0.3490716893770511,
            0.3042396309360423,
            -0.05074375031152251,
            0.429497493734792,
            0.03001954499680932,
            -0.15724628364354695
        ],
        [
            0.9709034952403052,
            -0.39530023908294765,
            1.5096460742104438,
            -0.3759911354725698,
            0.8107112691993963,
            0.0,
            -0.33499013680195816,
            0.40213393978902284,
            -1.6612702497698493,
            0.23808541741123962,
            -1.301382379534818,
            -1.6598708222130774,
            -0.8956395178146322,
            1.0558269028424794,
            -1.835877663028459,
            -1.1066357402889964,
            -0.7883556334262467,
            0.8203577658594525,
            -1.5885349773301587,
            1.8736224706240896,
            -1.7155055771536936,
            -1.377896747215099,
            -0.7465928200403402,
            -0.0018564515314034068,
            0.295980703157404,
            -1.623398295286504,
            0.4580118584782274,
            -1.7584043104560838,
            0.14605611820563352,
            1.1051272327204689,
            -0.17963645570286907,
            -1.6981204651873398,
            2.757249035103277,
            0.6923593282773157,
            -0.33082838665214354,
            0.6224182460581763,
            -0.8276385202613812,
            -0.27983215677234896,
            -0.3893834075659733,
            -0.28855496841468775,
            2.119730917169074,
            0.6530270064472394,
            -0.5057478535159289,
            -1.0723411787697394,
            0.2476573950309364,
            -1.5596461699516726,
            -0.07512679837884483,
            0.6157427533397815,
            -0.5861328642612852,
            -0.14759098813041874,
            0.08639004367597058,
            0.6767948298972288,
            -0.151885931178047,
            0.17789576422685555,
            -0.9163860567446591,
            1.9792441841722133,
            1.0775666286157146,
            1.3721848991530128,
            -0.27536501435913957,
            1.7305948509194986,
            -1.9403391614411725,
            -0.44608495434937795,
            -0.8550938060865322,
            -0.174386525798951
        ],
        [
            0.43882202331784037,
            -1.0318698241615871,
            0.8875953051084721,
            -0.31000712741590386,
            1.580919977769127,
            -0.33499013680195816,
            0.0,
            0.31751523034303236,
            2.209062579628359,
            -1.1455892076375904,
            -0.7149201534789911,
            0.5090360738067772,
            0.14808059760312636,
            -0.6531173974464871,
            -1.231845249107045,
            -0.49003331086831464,
            0.7275376762412563,
            -2.6627418491536936,
            -0.21306675198622518,
            -0.6010105524341098,
            -1.4551324844856592,
            1.8118587821818193,
            -0.8268759111347515,
            0.0039407773040392455,
            0.6172355188126672,
            -1.804218426859272,
            -1.1327745265328057,
            1.0032562570142711,
            -0.4914717607294329,
            1.4172909221719547,
            -0.13967110947335476,
            0.13627139975637864,
            -0.9701775646042916,
            0.7869453762503552,
            2.064568519282125,
            1.117982231365136,
            -0.05817122925460557,
            0.4473273715425431,
            0.2613253969443719,
            -0.7029485710944792,
            -1.0491226388105093,
            -0.4460580228890964,
            -0.317616125880314,
            1.3002179185196547,
            -0.5103683198480202,
            -2.331179265632913,
            0.6640766790107682,
            0.1055884027125348,
            -1.1892350311633726,
            0.2873431804698486,
            0.31158190725292595,
            -1.0210254162745525,
            2.5030222433093976,
            -1.7501150258332403,
            0.5169531922671158,
            -0.7996346351072754,
            0.4058745134690886,
            -0.22264368195913042,
            -0.904109004357666,
            -0.5577561462750196,
            0.3606148347892053,
            -0.4931478617934846,
            -0.9913026618822035,
            -0.7654988092497178
        ],
        [
            0.08475067765246462,
            -0.05058762947037062,
            0.8310886713053677,
            0.5916860702079207,
            -0.4581858237881368,
            0.40213393978902284,
            0.31751523034303236,
            0.0,
            0.2594910261720302,
            0.5493954653589256,
            -1.0116648533278558,
            1.5902814750382162,
            -1.5031466699938383,
            -0.2285339713996668,
            -0.01726880285944116,
            0.6106430489421985,
            0.9962871517573391,
            0.511424376044899,
            -1.6602099305367397,
            -0.12801294597697374,
            -1.0268381414120007,
            -0.18474656468537187,
            0.11373426115504104,
            -0.19364304850304487,
            0.6269950466276244,
            -0.3864030848972482,
            -0.08683934517883139,
            0.7640050057181282,
            0.796366941420697,
            -0.3764338521529549,
            0.8216628174948742,
            0.16605284485860963,
            2.0503692370143796,
            -0.04635531554905336,
            -1.3053476983277053,
            -1.6834813296164066,
            0.4810396723269426,
            -0.38408603155659193,
            0.09978295999150569,
            2.054192822087195,
            0.5908008020592002,
            0.5878470280205463,
            -0.34368917332036253,
            1.0780816618637865,
            -0.2863069795716167,
            1.9293166516791516,
            0.5244278604735508,
            -0.7297962692870797,
            -1.0669291961020893,
            1.1715784763931794,
            -1.4112806502180288,
            -0.07683651819425955,
            -1.1846920537812817,
            0.8615238280803549,
            1.2381819342379203,
            0.29440834006403666,
            0.4221176462664956,
            0.587173766956733,
            -0.6047248882323467,
            -0.9802624507986062,
            -0.22752909217445474,
            0.6248347067865236,
            0.5818966877539835,
            -2.110220257174457
        ],
        [
            -0.43552455257356465,
            -0.8256061975352611,
            1.607821532993116,
            -0.7900960878074555,
            -0.4039173399469832,
            -1.6612702497698493,
            2.209062579628359,
            0.2594910261720302,
            0.0,
            -1.0139433649321334,
            0.5666002421850761,
            0.830935389553545,
            0.43553202525394313,
            -0.5793116689974321,
            0.025571461892259572,
            -1.8423496552869325,
            -1.10861407961705,
            -0.5647503143007856,
            -1.2724452564439066,
            0.3830835945913471,
            1.7568553727119052,
            -0.7752742789377907,
            0.6483483243263907,
            0.5099179580864132,
            0.11617021569654308,
            1.0781945286040042,
            -1.546072410589507,
            0.2357965173451009,
            -0.4916004393495213,
            0.8990417631175779,
            1.6053947854392574,
            1.3980430001705777,
            -0.2342929806049272,
            1.0078841069696127,
            -1.1501108495868997,
            0.6927220822612232,
            0.2502705694666662,
            0.17012876031712393,
            0.7104782194861006,
            0.35827204688176834,
            0.1767960305952513,
            -0.13893769104406614,
            -0.3359056486719246,
            -0.3472571666213896,
            0.3670849421047417,
            0.9619573080151308,
            1.7490492446467651,
            -2.0641840042071258,
            -0.416611636144689,
            -0.552501508813096,
            1.0344465894308676,
            0.3282527470585019,
            -0.07338875379730932,
            0.15898331219338924,
            -0.08243363697022857,
            0.7000098057614237,
            -0.28067398302362795,
            0.4400693387629912,
            -1.8527694639640184,
            -0.054669473035534696,
            -0.09101823665215292,
            0.30709457903117476,
            0.2136080643012057,
            0.557761707615644
        ],
        [
            -2.736250836271951,
            -0.2757840316936589,
            -1.4434087575935732,
            -1.519309575813746,
            -0.8436169653194538,
            0.23808541741123962,
            -1.1455892076375904,
            0.5493954653589256,
            -1.0139433649321334,
            0.0,
            -0.51074306177415,
            -1.5085174119098717,
            0.36856211545539386,
            -0.5205713631706476,
            0.8724332882321685,
            0.0011718872871097795,
            1.3447561696544403,
            0.23386233942459894,
            -0.682055055493035,
            -1.643446673325603,
            -0.6771337785207265,
            0.30763316255282186,
            -0.2423222864429413,
            -1.045172879423927,
            -0.5666529535613034,
            1.9855456318635603,
            -1.1601410891633512,
            -0.7063976602419725,
            1.0109193680283148,
            0.48786141403752686,
            0.7881044330063377,
            -0.9614552949170051,
            0.8502067689054769,
            0.8667985389966215,
            -0.2423292412225023,
            -0.11387101286985002,
            1.048599962024607,
            0.3896981349367761,
            -1.2099854800985397,
            -0.2869850619702208,
            -1.3097768033381691,
            1.1413990432114192,
            1.7852720076364519,
            1.2466525959424186,
            -0.7726354740840882,
            -0.8296181001396186,
            0.9186435119502354,
            -0.28894201783012596,
            -1.3200449219988761,
            2.4678271809802634,
            -1.386941500033393,
            -0.557269179983952,
            0.2715876226938864,
            0.8920744311821683,
            -2.2092936023254017,
            0.36626973639404464,
            1.4175838811161263,
            0.4388771928512632,
            -1.1274418202558654,
            0.47346426908561273,
            0.5161606359202998,
            0.5739973401363753,
            -0.14141566885037857,
            0.16348470603328713
        ],
        [
            0.6667429109682309,
            0.4833940944110586,
            -0.44454616497691324,
            -0.24316536549211681,
            1.0505748551661942,
            -1.301382379534818,
            -0.7149201534789911,
            -1.0116648533278558,
            0.5666002421850761,
            -0.51074306177415,
            0.0,
            -1.9584257662476865,
            0.45947848437906214,
            0.42430844180178706,
            -1.6236521854207218,
            0.6765884689062799,
            1.0391359917826772,
            0.3895648935642205,
            1.0079056542143408,
            0.0024999441695281732,
            1.390333092834525,
            -0.296080287567213,
            -0.5317641131752852,
            -1.174113469742485,
            -0.5062633545450586,
            0.004051548163805699,
            -2.2414369663437315,
            1.5948879078336495,
            -0.3106195695314614,
            0.34367013497395243,
            0.11634365686213197,
            1.9494609432458494,
            -0.5226061731750419,
            0.9892694808060375,
            -0.4649508116886858,
            -0.5387835219722744,
            -0.3148864697353875,
            -0.2902579471639648,
            0.47336020872102874,
            0.25324865001895897,
            0.5006314560759973,
            0.956481889255788,
            1.0288466514892376,
            0.06035254122637309,
            -0.25962670567628654,
            -0.1456383760341522,
            -0.31432489111679135,
            0.13117946653096746,
            -0.6153249620997606,
            -1.3265620272847305,
            0.6840047195051562,
            -0.09032855300152903,
            0.7093978179043892,
            0.8130734857455454,
            -1.3440419396209111,
            -0.3643317717529538,
            1.7301065257718757,
            0.6184452436475314,
            -0.7819969908884074,
            -0.06064641862270846,
            -0.32430823211991877,
            -0.3742277310402652,
            -0.5945119647716747,
            1.6364631665846745
        ],
        [
            0.13742889145203482,
            1.2560681146919044,
            0.8880474343211078,
            -1.8938964022270064,
            -1.275238749767957,
            -1.6598708222130774,
            0.5090360738067772,
            1.5902814750382162,
            0.830935389553545,
            -1.5085174119098717,
            -1.9584257662476865,
            0.0,
            -1.1044253005306301,
            -0.30203675128483054,
            0.774382395482301,
            -0.3481110235189357,
            -0.3285416672207393,
            -0.7937874406330926,
            0.3355310857230426,
            -1.8021108383300817,
            -1.710366207705362,
            -0.7019800015580568,
            1.940093265432544,
            -0.347535245277781,
            0.27248586909376266,
            -0.9744929752092742,
            -0.5459079475815128,
            0.1818090900935054,
            2.2170213654893582,
            0.5163898272573144,
            -1.1010387360582705,
            0.43135943811634786,
            -0.9070612086840036,
            -0.20916403366753988,
            -1.7866451457077317,
            -0.13064778960199425,
            -1.2184549304892087,
            1.089366399991226,
            -0.0005780021008242925,
            1.451482029200985,
            1.0911582304420848,
            -0.5064488581842892,
            -0.9984556483081204,
            0.05586293745151761,
            0.19365799280926507,
            1.4614216554263246,
            -1.2265186073668277,
            1.2354961794045867,
            -1.2493934559759348,
            0.17804098936818186,
            0.658179318454173,
            0.7484081306400221,
            -1.3307721222738296,
            0.1689794497991524,
            -1.1602171102428152,
            1.4493082917846165,
            0.7140885552646725,
            -1.8038341784630814,
            -1.7523365491990175,
            -0.15636892277131278,
            -0.41941450165046795,
            -0.17141496338411794,
            -0.43726373911280003,
            0.12407818525137738
        ],
        [
            -0.16207006219076056,
            -0.7288160533035796,
            0.6013053079142264,
            -1.545520160209223,
            -0.8839653100660908,
            -0.8956395178146322,
            0.14808059760312636,
            -1.5031466699938383,
            0.43553202525394313,
            0.36856211545539386,
            0.45947848437906214,
            -1.1044253005306301,
            0.0,
            -0.3299133373975622,
            0.8208694811761643,
            -0.2191912402040921,
            0.5160942638500308,
            0.08440450174607719,
            1.284302392713961,
            -0.5585163852274246,
            -1.1062661025579084,
            0.153558005107178,
            -0.6068313372281691,
            0.293731171500071,
            -0.537494211499597,
            0.9459256557006993,
            1.705343073386827,
            2.136300986647613,
            -0.6368699095679222,
            0.1339866352209173,
            -0.1552409046414346,
            0.7059562378128997,
            -0.5973167605846142,
            -0.2157545812625793,
            0.6545675784658966,
            -0.9533896758985535,
            -0.7237838021529,
            -0.3573580968218658,
            -1.8212066600852825,
            0.007119397441323618,
            0.3114162163015042,
            0.6000917460525119,
            -1.482263952070713,
            -0.0690150551588644,
            -0.3930908630324282,
            -0.23203347088324072,
            -0.382646077722113,
            1.4641137435666243,
            -0.08665989350119262,
            -1.1580284979273003,
            0.5948073707044038,
            -1.4709542167666578,
            -0.39432349072216727,
            -0.30688424697343203,
            -0.3133378217960348,
            -1.9226380135646624,
            -0.49570452950975374,
            -1.5575414159859002,
            0.7852409585848225,
            1.0283751741403087,
            -0.11819853180505062,
            1.181429377057127,
            -0.7017721011955181,
            -0.06723572993346529
        ],
        [
            0.6544351947168721,
            -1.9422456527750804,
            -0.22501723563177622,
            -0.6680892900557911,
            0.26457795043477156,
            1.0558269028424794,
            -0.6531173974464871,
            -0.2285339713996668,
            -0.5793116689974321,
            -0.5205713631706476,
            0.42430844180178706,
            -0.30203675128483054,
            -0.3299133373975622,
            0.0,
            -0.9085805534842094,
            -1.2273518450274725,
            -0.5420706500332158,
            -0.6902715980627914,
            -0.18079399136058202,
            0.3822501352670968,
            0.3911412230668471,
            1.280330917063092,
            -0.7528987246383845,
            -1.7993905853330545,
            -0.9309153056216511,
            -1.014204612174822,
            1.2519839468223568,
            0.05073567670762435,
            1.1856060509412885,
            0.030093400043440587,
            -0.5960917180033651,
            -0.12014327226066804,
            0.7607979442333883,
            0.05923831403551251,
            0.17816046607537006,
            -0.2096725048676595,
            0.6796647747851045,
            -0.29802733533411774,
            0.034893236406102535,
            -0.7665765419333911,
            -0.2917424039510206,
            2.064375113723784,
            2.1734439263226037,
            0.5611150927291211,
            0.46780128097123064,
            0.014412274101449574,
            -1.701351120464819,
            1.0416378473916224,
            -0.8528720452189625,
            1.3097517131072154,
            -0.3156691393250069,
            0.470212035552854,
            1.2132649886435054,
            1.486609031363445,
            -1.6939235563252406,
            0.9649117063769758,
            0.8271709463540722,
            -0.5456639831602904,
            0.24614195091990834,
            -0.7308074541275867,
            -0.19891439848403358,
            -0.9390544170749258,
            -0.24253655559330847,
            0.4327228695924556
        ],
        [
            0.8520522127879622,
            1.0120623133575732,
            0.8865907593758882,
            -0.48546731783389324,
            -0.1740465614261404,
            -1.835877663028459,
            -1.231845249107045,
            -0.01726880285944116,
            0.025571461892259572,
            0.8724332882321685,
            -1.6236521854207218,
            0.774382395482301,
            0.8208694811761643,
            -0.9085805534842094,
            0.0,
            0.6407600410363208,
            -0.901237445509421,
            -0.059942650654213725,
            -0.2833809325839614,
            -0.20685162549994926,
            -1.5920751380713816,
            -0.35308891078007143,
            0.44215474455460446,
            -0.013833291317137742,
            1.2174515624620639,
            -0.04214399265501818,
            1.6736178199165312,
            -1.7579873512610764,
            1.0116682180813585,
            2.125859009288963,
            0.15219600115851625,
            -0.5139560027476904,
            -1.0911537720992117,
            0.994058262982253,
            0.2590083287345911,
            0.2905274137195169,
            1.539957813367182,
            0.9045628473659009,
            0.017340728456864875,
            0.29675639333809745,
            -0.7955120036001714,
            0.0005136849598933831,
            -0.8246027071142816,
            -1.2697603356296396,
            -0.048893216955828246,
            1.23392561610451,
            -0.4149457693258215,
            0.22844188917549751,
            -0.19778803617851617,
            -1.8646161721577492,
            0.6358631916422183,
            0.207457221218929,
            0.3354860184734335,
            -0.5094715843687396,
            0.5911630299383237,
            0.4758961353593341,
            -0.6425821328470359,
            -0.4824006104414133,
            0.5882443620902847,
            -1.4830899933808908,
            0.14766356097881453,
            -1.7136451286794065,
            0.405199869330092,
            1.130422959233745
        ],
        [
            -0.3381671775408828,
            1.6277319433172677,
            1.3352542765262791,
            0.8650075645327663,
            -0.5237448253727239,
            -1.1066357402889964,
            -0.49003331086831464,
            0.6106430489421985,
            -1.8423496552869325,
            0.0011718872871097795,
            0.6765884689062799,
            -0.3481110235189357,
            -0.2191912402040921,
            -1.2273518450274725,
            0.6407600410363208,
            0.0,
            -0.16596035785018481,
            -0.6845530426071126,
            0.5997066121252846,
            2.266311581265275,
            0.6506364620381201,
            -0.5884480083615121,
            1.3993665787440035,
            -1.0298103841990638,
            0.13526824586612546,
            1.4240322168170685,
            0.3153159562315212,
            0.08247869922183279,
            -0.8511336353894295,
            0.0006482836498300147,
            -1.6070616355882457,
            -0.42449159934847286,
            0.5923256256439645,
            -0.6150082696778734,
            -0.16155860475347084,
            -0.04395018329815005,
            1.4383104147547776,
            0.8450767604887396,
            1.4198970698127,
            -0.5513378607804589,
            -0.26021639260664725,
            0.20145566014709324,
            -0.3478148254896874,
            -1.042738897919182,
            0.17344224130555397,
            0.9358177398760139,
            0.02471836538651797,
            0.914405197419102,
            -0.3061959037421434,
            0.2665499000537389,
            1.5446375747447287,
            -2.5790133458280184,
            0.8562580764823502,
            -1.4678900658322287,
            -2.987197780269545,
            -0.36986407434998747,
            0.9947928229613409,
            1.0966464771790527,
            0.26629620212039684,
            -1.510130632773915,
            1.47758027433097,
            0.8770774575529616,
            -0.9447116067605128,
            0.37009580205332077
        ],
        [
            2.4678845477018827,
            -1.6978107375531484,
            2.209196498216083,
            1.7906905955892038,
            -0.02671810610352604,
            -0.7883556334262467,
            0.7275376762412563,
            0.9962871517573391,
            -1.10861407961705,
            1.3447561696544403,
            1.0391359917826772,
            -0.3285416672207393,
            0.5160942638500308,
            -0.5420706500332158,
            -0.901237445509421,
            -0.16596035785018481,
            0.0,
            -0.03542821508662191,
            -0.331697797217779,
            0.10443211606518388,
            -0.22013426229985125,
            -0.2751419212342303,
            0.07088238776597174,
            0.9493293758303993,
            -0.6199739767871751,
            0.002609024786446083,
            0.016283187316116162,
            0.7142991437201304,
            0.8416686431069644,
            -1.8999103572414422,
            0.27232256228641505,
            -0.8345538466967345,
            0.5256443067235652,
            -2.0935186851062824,
            2.07779076107046,
            1.5593740270947933,
            0.00016269165433926226,
            0.3384726129127786,
            1.1008533299798664,
            -1.4496435868000226,
            -1.7956500716193593,
            0.07696459613408761,
            1.0892220523801865,
            -0.13137538159774867,
            -0.18905859881906942,
            -0.3057472517681696,
            1.1646136151543098,
            0.16200542580263072,
            1.1161263384784652,
            -0.29332046264191325,
            -0.8881333831416682,
            0.5266954693940794,
            -0.11131249181373691,
            1.0453080054408463,
            -0.9749558507639393,
            1.0238581539829144,
            -1.158081111866085,
            -0.09587409528946077,
            0.40291212445805613,
            0.9429994153186094,
            -0.35495226341386926,
            0.11529715433673188,
            -0.22499294019189006,
            0.28636683559873516
        ],
        [
            -0.43989306291921276,
            -0.44462245122289706,
            0.5543649968460296,
            -0.2165919658918977,
            1.1823853099369999,
            0.8203577658594525,
            -2.6627418491536936,
            0.511424376044899,
            -0.5647503143007856,
            0.23386233942459894,
            0.3895648935642205,
            -0.7937874406330926,
            0.08440450174607719,
            -0.6902715980627914,
            -0.059942650654213725,
            -0.6845530426071126,
            -0.03542821508662191,
            0.0,
            -1.002592694439627,
            0.46077384777179925,
            0.6683915334187365,
            1.00549842214684,
            0.2543288055907946,
            -1.781918549908326,
            -0.0895669875062118,
            0.2716014780373155,
            1.5196285062810744,
            -0.8212611322938839,
            -0.678323557286936,
            -0.8001241165680073,
            -0.3130284589322133,
            -1.036906785956508,
            -0.32396507649396256,
            0.2620594123522142,
            1.0458941629840812,
            0.22721481665470497,
            1.1997544344383404,
            -2.7804650452313404,
            1.1816803529086264,
            0.4962024224218023,
            -2.6904338485100534,
            0.6633460897823815,
            -0.563089815023765,
            0.02659163620243365,
            -0.09635074332813033,
            0.24935115472526348,
            -0.8957659241236993,
            0.713032451944446,
            -0.8707162738638619,
            0.29516368315151154,
            0.7621129617341824,
            0.5226002570615557,
            -1.061829642174175,
            1.45273441961822,
            0.0023999564577185223,
            -0.5837184137587333,
            3.6763092554055254,
            0.7980824370081424,
            1.1596904966646533,
            -0.9123861944240242,
            0.4188023129456567,
            1.8768468734917625,
            0.27172029256067104,
            2.0738984331368937
        ],
        [
            -0.39600074729181417,
            1.6553483161104732,
            -1.7724696015326806,
