{
    "N": 64,
    "id": "86d707a6-4019-4b99-a279-8212f06dfc29",
    "problem_type": "SK Spin-Glass",
    "distribution": "gaussian",
    "spins": [
        1,
        -1,
        1,
        1,
        1,
        -1,
        -1,
        1,
        -1,
        -1,
        -1,
        -1,
        1,
        1,
        -1,
        -1,
        1,
        -1,
        -1,
        1,
        -1,
        -1,
        1,
        -1,
        1,
        1,
        1,
        -1,
        -1,
        -1,
        1,
        -1,
        -1,
        -1,
        -1,
        1,
        -1,
        -1,
        1,
        1,
        1,
        -1,
        -1,
        1,
        -1,
        -1,
        -1,
        -1,
        -1,
        -1,
        1,
        -1,
        -1,
        1,
        -1,
        1,
        1,
        1,
        1,
        -1,
        -1,
        -1,
        1,
        1
    ],
    "couplings": [
        [
            0.0,
            1.2251232879269538,
            -0.03527011373126943,
            -1.7827306927104185,
            -0.49692357125887304,
            -0.0805467348202975,
            0.3195511447611467,
            -0.5165775308239123,
            0.4545657520091342,
            0.32625485301613205,
            0.9367926462165546,
            -1.1276788786388419,
            -2.4732252289971557,
            -0.09574273329587514,
            2.5551581250930147,
            0.6696573781864378,
            -1.2529204955334525,
            -0.001970744454777062,
            -1.4607538108130098,
            2.118671060741135,
            -0.7258447782378268,
            0.5120898316355303,
            -1.2024492404524967,
            1.6685904487633363,
            0.9281370137953585,
            1.2675813161095737,
            1.0822247779596028,
            -1.7276185900295584,
            0.2677235094143323,
            -2.2330505942993075,
            1.0017113846436958,
            -1.3583060489975014,
            1.21837538458618,
            0.038195357612802024,
            0.2006610546481999,
            1.7388565992408238,
            -1.1018002318755133,
            1.262196357985588,
            0.4629115289718738,
            -2.180813621321828,
            -0.5498624327802555,
            -1.405744215366131,
            -0.1147285783206504,
            -0.35254495221740567,
            0.6370501203771438,
            0.6268183435512487,
            0.381879957922178,
            0.16008157535429662,
            -1.142673553849059,
            1.847262319780389,
            1.6754173613798953,
            0.5302420337789013,
            0.29790934025609883,
            -0.4185975929899745,
            -0.5961203648293109,
            -0.912482485225948,
            -0.800435969082878,
            -0.34493945579959095,
            0.5580969003603827,
            0.6816586070225161,
            -0.2750749747514542,
            -0.5774297422123515,
            -0.5721011867390876,
            0.6692623937372987
        ],
        [
            1.2251232879269538,
            0.0,
            1.482294211220456,
            2.337546922920321,
            1.9570737605702815,
            -0.6320515066585446,
            -0.7157930545242984,
            1.2043893936761187,
            0.3989561055129323,
            1.4531389068849678,
            0.311195378841148,
            0.20033656230174535,
            2.3301532075160996,
            -0.4825133269277074,
            -1.3687178172350434,
            1.116318020522672,
            0.741525129489528,
            -0.023969013890043262,
            2.1306062337011715,
            0.9749508823882888,
            -0.8437832545709042,
            0.2277085551322284,
            -2.950860972458188,
            0.8917337291314007,
            0.7712457284872023,
            0.13549827632935108,
            -0.7142230490101296,
            -1.136397561004408,
            1.1536406276051776,
            0.33462779729341335,
            -0.7260974396705557,
            0.038304427867021595,
            -0.991309339913802,
            -0.40300185051513315,
            -0.36338586989271265,
            0.16656029129672875,
            0.4930762412093037,
            -0.6338749192105398,
            -1.1172917231706068,
            -0.31390633901132353,
            0.5663164263745166,
            -1.084017627891685,
            1.3467654164564504,
            -0.47373526434541197,
            1.6910992029914884,
            -0.46953253299862924,
            -1.5366412076843845,
            1.2285043782942784,
            3.2168053580530667,
            -0.034887812635046686,
            0.37867568870964613,
            0.0567618042641357,
            0.8192504024251623,
            -0.033862360423684415,
            0.4603426761524761,
            -0.21469033331230408,
            -0.5689419381109587,
            -0.6135176030070465,
            -1.4743724765360877,
            -0.014836557351934442,
            2.7987719600482115,
            -1.7434256998808415,
            -1.789076259009899,
            -0.355975966558747
        ],
        [
            -0.03527011373126943,
            1.482294211220456,
            0.0,
            0.761430578582047,
            0.5277712695686514,
            0.11031638066432033,
            -0.5487023224225639,
            -0.2900949535823721,
            1.3872969083483264,
            -0.4419745976455342,
            -0.272872859435652,
            -0.8018215613994439,
            -0.563234081810086,
            1.4326739763475647,
            0.8320050175852939,
            -0.5580458766958162,
            -0.5617823577570983,
            0.36794826046674767,
            0.2549463293700903,
            2.265413272775558,
            -0.7036801287495806,
            -0.22041117586135933,
            -3.0835215167177243,
            0.12319856549040213,
            -1.2635327827929992,
            0.38211494498916576,
            0.4592059298918633,
            1.4447840338396745,
            -0.09305571642713084,
            -0.4856209250199658,
            0.44602614344865055,
            0.873634621295997,
            0.7011563221251061,
            0.68015595583446,
            -0.27452866787800206,
            1.4523016427514766,
            0.35570847314925863,
            0.7868705094647842,
            1.5074544414867703,
            -0.6997133171087834,
            0.6224580675551069,
            0.22463536494978342,
            -1.2187341477157083,
            0.8011301836536052,
            0.0855883216475492,
            1.576818627658239,
            0.6237840452618761,
            0.7538951627331973,
            -1.7754394844745947,
            -0.0370248195244576,
            0.3387811377112396,
            0.4284211389023965,
            0.9689446941805157,
            -1.1810148921798482,
            0.5478457849455556,
            -0.06082743801123449,
            -0.9874429971438962,
            -0.5164112985366246,
            -1.564214949031443,
            0.1758509243539592,
            0.6872752247534235,
            1.3069967475101967,
            0.28721279653148124,
            0.47582534364624274
        ],
        [
            -1.7827306927104185,
            2.337546922920321,
            0.761430578582047,
            0.0,
            1.2642410441126832,
            0.19850588173838576,
            0.07523194400600926,
            -0.9193795211134961,
            2.7461904365123173,
            0.2881073809025458,
            -0.050845759488441125,
            -0.18735388229904643,
            0.2725819910865995,
            -0.15555384882160772,
            -0.3381218939251627,
            -1.1841269470832607,
            -0.7103159175265661,
            -0.12164817144628434,
            0.7403571887497387,
            -1.7459035820959938,
            1.377428080612529,
            1.0162102632049668,
            -0.7329258690527258,
            -2.1466751789235157,
            -0.4784391648986352,
            1.3522581909103808,
            1.4503991182833795,
            -0.5548661276760182,
            1.9000088882756014,
            0.14308957106125927,
            0.799206380489312,
            0.012666602274186709,
            0.44231363649107547,
            0.15090426600775103,
            -1.2636455991990228,
            -1.4561054282095456,
            -1.7141073342423372,
            -0.8273689036525725,
            -0.45816599871327734,
            -0.9063512461352371,
            -0.8405478420745146,
            0.5891009123225163,
            1.9508564768156458,
            1.2230448440713646,
            1.9894322329352276,
            0.1280788108482782,
            -0.24760605657444518,
            -0.14594363078614744,
            -0.23791133636362338,
            0.30183398127588407,
            -0.18807690343925257,
            0.8244545063646633,
            -2.2236496584107077,
            -0.06647376835945301,
            -0.1683120029343337,
            -2.04128753067735,
            0.0780222294134188,
            0.302409091772286,
            -1.348049368665009,
            1.8206962487356693,
            -0.9034855102993481,
            -2.0752021383395807,
            -0.2949658759762703,
            -0.5506652150874589
        ],
        [
            -0.49692357125887304,
            1.9570737605702815,
            0.5277712695686514,
            1.2642410441126832,
            0.0,
            0.46515219033163624,
            -0.7094059218862004,
            -0.3675847747153876,
            -0.8180186186414792,
            -0.9017720582246237,
            -0.7133663794387415,
            -0.14731216650939793,
            2.1056374656073005,
            -0.36820535027618834,
            0.6176739636350213,
            -1.4226577090463615,
            -0.3275517755858949,
            -0.09461127682512821,
            -0.20115373599241296,
            -0.21157986465982162,
            0.36634821375983534,
            0.20171126484078306,
            -1.2304974203370704,
            0.03889595156291829,
            0.8406447952605492,
            1.6016792412600884,
            -0.3745961266255349,
            -2.1955977284779604,
            0.6424632788041859,
            0.7666215520314227,
            1.2037630550386162,
            0.614252989913569,
            0.0035504163538865137,
            1.881338487955995,
            1.2348867511893866,
            0.09336507584773132,
            1.3810730533832984,
            -0.641937920838643,
            1.5098796156805645,
            -0.9992311433038986,
            -0.9299143828724344,
            -1.019450738666826,
            -0.15291467509842324,
            0.05072847587855185,
            1.1874834611459104,
            0.5600151337867584,
            -1.5499350260253866,
            0.6785610263956393,
            -0.3400423549276392,
            0.7346272360146752,
            0.12428480076439948,
            0.0795347855579976,
            -0.4691701485665042,
            -0.280634288172357,
            -0.710982793122176,
            0.4608471628836687,
            0.8905445910975835,
            1.5168674323107765,
            -0.25885348571861255,
            -0.38357740058414247,
            -0.4213599861474627,
            -0.08628630865692066,
            0.9547072150703059,
            -0.6294856120740558
        ],
        [
            -0.0805467348202975,
            -0.6320515066585446,
            0.11031638066432033,
            0.19850588173838576,
            0.46515219033163624,
            0.0,
            -0.28032820106774714,
            -0.6697955074738401,
            2.1005356986581027,
            1.1343296010917276,
            0.24028758244622667,
            -0.43106940046616465,
            0.5418768602089016,
            1.0284857940091168,
            -0.07806750762102442,
            -1.8998107273029503,
            -0.0418816422496306,
            0.7188514195210834,
            0.5975812589263292,
            0.050542877474049126,
            -1.158490011899057,
            -0.3722651435778463,
            2.15301933107609,
            -1.154495782885259,
            0.7149244637571193,
            -1.4967896402922887,
            3.0267172908090196,
            -0.1449292098122204,
            0.25828788278689835,
            -0.9552796317579262,
            -0.48204960777770756,
            -0.3987981000472206,
            0.8739757608994958,
            0.6151997866116401,
            0.017460380215388698,
            -1.594311542604545,
            1.9033151320826114,
            -0.3975661196809855,
            0.5379840968299542,
            -0.6724595161994738,
            1.01378204772897,
            0.9669105411735691,
            -0.3339819356336752,
            -0.46384980372298323,
            0.8360302249351752,
            2.422528911605319,
            -0.5058458039589411,
            0.7520079064704267,
            1.2418280339519423,
            0.9029332072852675,
            -0.09229118562361033,
            -0.5930998115611619,
            1.3100328134244366,
            0.35842815857661486,
            -0.451399243115898,
            0.6588842811231492,
            1.3788134463494308,
            0.1316095575664396,
            0.9630168279671141,
            -0.05582518392517286,
            0.4561333094857247,
            -2.1770273798109563,
            -0.14038920918317713,
            -0.2232301685379916
        ],
        [
            0.3195511447611467,
            -0.7157930545242984,
            -0.5487023224225639,
            0.07523194400600926,
            -0.7094059218862004,
            -0.28032820106774714,
            0.0,
            0.4224427085681298,
            0.02827462895142784,
            -0.9607454288908902,
            -0.8821131237953671,
            -0.04495271012777667,
            0.6405058731272061,
            1.0878150589579227,
            -0.5015113211693888,
            0.3338027613169906,
            0.5247400151418139,
            -1.0527922927377964,
            0.04625876389484873,
            0.13439263658378123,
            0.2601759663225764,
            1.7641927604850307,
            -1.1755792058342076,
            -1.0635034848456157,
            -0.3683771904520946,
            0.3099123158992718,
            0.8042742227004523,
            1.4019706759876531,
            -2.068607396651254,
            -1.0111902620818873,
            -1.231763634924619,
            0.3187592688957771,
            1.5831002490494086,
            -0.10707772244796905,
            -0.4224852556980015,
            -0.6245916185925637,
            -1.0347860248653173,
            0.43915230001907807,
            0.029817917961824657,
            -1.1346770769836008,
            0.46154086806781774,
            1.5496300889493686,
            -1.5520587811315778,
            -0.6952139603053116,
            0.18919038929743626,
            -0.5491325849771017,
            0.12070775413171755,
            -0.6976141627048407,
            -0.75492137188253,
            0.5341786208230341,
            -0.3658301253033297,
            -0.42403999557344757,
            -0.48014699370077757,
            -0.3483293179497683,
            2.812710562001318,
            -1.959713514369708,
            -0.3901311626876982,
            0.4047866107347824,
            -2.389126153045921,
            -0.27599649774867135,
            -0.1997727092614575,
            1.3985384349392116,
            0.46955449107922637,
            1.2739718782879892
        ],
        [
            -0.5165775308239123,
            1.2043893936761187,
            -0.2900949535823721,
            -0.9193795211134961,
            -0.3675847747153876,
            -0.6697955074738401,
            0.4224427085681298,
            0.0,
            0.45611712369608015,
            -1.5999766620432103,
            0.6017455849675657,
            1.7458787541582703,
            0.3809369709107045,
            -0.3399881739177361,
            0.3026767718269758,
            -0.5633618283860129,
            -0.10580298236228557,
            1.9657352917531201,
            0.8825986657848733,
            -0.3913604441250943,
            -0.8106223397627458,
            -0.8424480216709841,
            -1.6345849866459625,
            -0.5775405549233084,
            -0.4122592423346794,
            0.8779684586971986,
            0.5483472148431139,
            -1.8643433039012427,
            0.5305241219794703,
            1.2235816335377843,
            2.169048493532423,
            0.7758589434813699,
            -0.08296750885975045,
            -0.5206621147726662,
            0.37044974557503885,
            1.6767397048097346,
            0.7275286521860784,
            -1.355310784229967,
            0.6770250459004106,
            1.7921539029409745,
            2.6148957508650095,
            0.7574706598542262,
            0.5147355615224992,
            1.7246744169690709,
            -0.6421338831288305,
            -0.5756137442472119,
            -1.558419542862451,
            0.9433523662889509,
            -1.4540262305633045,
            -0.7867858487568125,
            1.800401976529918,
            -1.4398817659969965,
            -1.2462012645745533,
            -0.699076056943657,
            -1.276085019804772,
            -1.4281246088132888,
            -0.1941086836319588,
            -0.7065449179305482,
            -0.40782514996953667,
            -0.26447199925653475,
            -1.1323074144459149,
            -0.9082770086464984,
            -1.2200217419318686,
            -3.2907856925081487
        ],
        [
            0.4545657520091342,
            0.3989561055129323,
            1.3872969083483264,
            2.7461904365123173,
            -0.8180186186414792,
            2.1005356986581027,
            0.02827462895142784,
            0.45611712369608015,
            0.0,
            -0.6769990042757483,
            -1.1622704815634892,
            0.09798465812981046,
            1.4529429418935247,
            0.018620214071749668,
            -0.7691861304862524,
            -1.0195101239389428,
            0.2892292535601419,
            0.9243189106137235,
            -1.001896648330384,
            0.5871508493269709,
            -0.33541287376386253,
            -0.6976251425657203,
            -1.604022610003778,
            -1.2718878066796935,
            -1.3751518195398291,
            -2.073088015898209,
            -1.8351545644061789,
            0.08130899612371457,
            0.8392659445073042,
            -0.7973174669762702,
            0.842840637631355,
            -0.7510302324904398,
            -0.6950634225718922,
            2.001303232164099,
            0.2506749515270574,
            -1.1773071564850788,
            -0.29871135345830835,
            -0.6477888769613639,
            0.12087698103869848,
            -0.396086985532175,
            -1.2272883636868959,
            0.6428319288794746,
            -1.2926566529679357,
            -1.162519976024904,
            0.1409160422846943,
            0.0965340793972472,
            -0.29943800804837584,
            -1.126214661439821,
            -1.2781508106267538,
            -0.5661023921822252,
            -0.6621113622801174,
            -0.26784967079626326,
            -0.47185634608511684,
            2.1034909149006427,
            -1.1324196709972143,
            0.309635021666421,
            -0.6971931457009457,
            -0.26099169810839934,
            1.0268121167577764,
            0.5363100050163667,
            1.0473031246678186,
            -0.5081050005594786,
            -0.6406536192154929,
            0.9984690706138709
        ],
        [
            0.32625485301613205,
            1.4531389068849678,
            -0.4419745976455342,
            0.2881073809025458,
            -0.9017720582246237,
            1.1343296010917276,
            -0.9607454288908902,
            -1.5999766620432103,
            -0.6769990042757483,
            0.0,
            -0.586936439876438,
            0.33073690618465007,
            0.1087010703861333,
            0.8693870698771312,
            0.040733770152111326,
            1.2756665600035995,
            -0.39174163413368895,
            -0.23432269029272046,
            1.0300459659673455,
            0.6599382242626973,
            0.4234933848927215,
            -0.6993960007725019,
            0.4259813823875965,
            1.075392517126999,
            1.210918451222052,
            -0.898681034751569,
            -1.339856382536365,
            -0.154886476424922,
            -0.2692963937103916,
            -1.5176069669159389,
            1.276429631749345,
            1.2803844160726214,
            -0.29899942283944686,
            -0.8676105664104751,
            0.3996231641410739,
            1.452614646957181,
            0.8218010503615869,
            -1.3703393768319978,
            0.3590656654069694,
            0.619397913053422,
            0.04989239490241853,
            0.16107628100368834,
            -0.4840871096679606,
            -1.637471056952252,
            0.05739942857876794,
            0.7449746490784235,
            2.1165326008812295,
            0.2645336505454388,
            -0.7752153125522446,
            -0.4954800820797725,
            -0.6984305855462418,
            -0.32335277751657476,
            1.608370267621568,
            -0.7750863981924528,
            -0.7608828442118984,
            0.6768052524691248,
            0.004439605643306416,
            0.7845106066088036,
            -0.5415746383680706,
            1.4261500005820513,
            -0.5318874786978195,
            0.07860591245362777,
            -0.4714600053476137,
            -0.7131280065887537
        ],
        [
            0.9367926462165546,
            0.311195378841148,
            -0.272872859435652,
            -0.050845759488441125,
            -0.7133663794387415,
            0.24028758244622667,
            -0.8821131237953671,
            0.6017455849675657,
            -1.1622704815634892,
            -0.586936439876438,
            0.0,
            -0.06410369155464173,
            -0.24370178061318856,
            -1.5273952548493293,
            1.3972036099471383,
            -0.6782795635538846,
            0.4421467572213157,
            0.5140280778881078,
            0.39311602510868704,
            0.5130927672871571,
            0.7752851843991516,
            -2.242499061744801,
            -1.1968164607841238,
            -0.15184557326917747,
            -0.2074243456099467,
            -0.4001941628950951,
            0.14064852453049,
            0.7326393456418153,
            0.1966666561521206,
            2.8569704616366525,
            -0.02496615675004108,
            1.6359084178675065,
            0.683073356822416,
            1.3677639655116138,
            -0.6608833221334632,
            0.09810837939111655,
            0.16964951643383505,
            -1.373423883228035,
            -0.8402731505748242,
            0.8573359036277041,
            -1.597252878470144,
            -1.0582946792756396,
            0.4662383108450811,
            -2.064719231141145,
            0.135700847189446,
            1.269806827280569,
            0.5095243365825658,
            -1.846678545888078,
            0.2350490430064003,
            -1.7158265960545058,
            -0.3837367028522203,
            0.044720079898929975,
            0.12277545454729492,
            -0.23627951514871626,
            -1.4944526075959563,
            0.3878641865692706,
            0.2846113505112369,
            -0.3390066220823682,
            0.16005518291332174,
            0.1622228065473251,
            -0.5478748217898514,
            1.713450909221406,
            1.0111321316946522,
            -2.534746413816362
        ],
        [
            -1.1276788786388419,
            0.20033656230174535,
            -0.8018215613994439,
            -0.18735388229904643,
            -0.14731216650939793,
            -0.43106940046616465,
            -0.04495271012777667,
            1.7458787541582703,
            0.09798465812981046,
            0.33073690618465007,
            -0.06410369155464173,
            0.0,
            -0.72283066895092,
            -0.9295855476562558,
            -0.8107368260416883,
            -1.4056600146917995,
            -1.4787733582369549,
            0.7621612806309633,
            1.999234269138742,
            -1.2334245009314417,
            -1.36984435264284,
            -0.2293356678377293,
            0.2481273413127761,
            -0.5561307798844538,
            1.2438994432239026,
            -0.535375737031624,
            -1.0929866604720007,
            -1.3351503696524982,
            -0.7465557188586619,
            -0.13332587178154237,
            0.4507869670120477,
            0.47337718262002576,
            -0.08716069077329754,
            -1.1035673810236795,
            0.8626700134391553,
            1.134310914205814,
            -0.5320630594700615,
            -0.1085475585634382,
            0.9243084766032631,
            -0.7548098388638564,
            -0.7462579107156694,
            0.1857013690674556,
            -0.31373287216734524,
            -0.4730238926847951,
            0.3650072096024027,
            0.5972829230051686,
            -0.4751467868070825,
            -0.8211046047973685,
            1.0402192229444134,
            0.4185912724801318,
            0.0450498927910389,
            -0.3210735334271348,
            -0.29468273301164977,
            -0.8164259020577376,
            -1.4157186272940538,
            0.8018633885147809,
            -0.510679498932939,
            1.2037855071033823,
            -1.624384689029106,
            0.7107642441964369,
            -0.08799146017950873,
            -0.4046491452248546,
            2.4837049575555215,
            -1.653772817715157
        ],
        [
            -2.4732252289971557,
            2.3301532075160996,
            -0.563234081810086,
            0.2725819910865995,
            2.1056374656073005,
            0.5418768602089016,
            0.6405058731272061,
            0.3809369709107045,
            1.4529429418935247,
            0.1087010703861333,
            -0.24370178061318856,
            -0.72283066895092,
            0.0,
            -1.165542417533475,
            0.2480154550030558,
            0.5713137883525226,
            -1.11678110610493,
            1.3227126166437053,
            -0.07956278022845846,
            -0.9483483898202633,
            -1.389877812048592,
            -1.3183255239583471,
            0.39434798628073253,
            0.10460235044160111,
            1.5791446876889796,
            -0.4543599235068549,
            0.5980069059560087,
            1.5325031747233149,
            -1.3224004927837696,
            -0.20476927507150822,
            2.1215711765205696,
            -0.8780302276060719,
            0.7474954559576041,
            1.2019967060714047,
            -0.42352315464858736,
            -0.5728515356571345,
            -0.04863960220225188,
            -0.0040806210170723925,
            -0.1190077273769438,
            -1.4062764484185635,
            0.7950108127833908,
            1.9029371538343547,
            1.0746683994628525,
            -0.4443862997564625,
            0.05594734346282055,
            -0.13800211815482144,
            0.5228411750030351,
            0.16923188547113413,
            1.437314092514998,
            -0.36509245429093057,
            -0.42533925689283164,
            -1.6047996424677542,
            0.6324546348862273,
            0.2870295417004681,
            -0.9374893640054298,
            0.18866922328852023,
            -0.30133208154098945,
            0.1154481816740763,
            -0.5170551594925704,
            1.9051202303961237,
            1.1690696648986092,
            -0.2025959660393769,
            -0.6232186815141153,
            -0.27241036245429484
        ],
        [
            -0.09574273329587514,
            -0.4825133269277074,
            1.4326739763475647,
            -0.15555384882160772,
            -0.36820535027618834,
            1.0284857940091168,
            1.0878150589579227,
            -0.3399881739177361,
            0.018620214071749668,
            0.8693870698771312,
            -1.5273952548493293,
            -0.9295855476562558,
            -1.165542417533475,
            0.0,
            0.9965265387843069,
            -0.8722725934250883,
            0.2579000749015489,
            -0.8280915255695294,
            -0.5311478815474336,
            1.3039967797367011,
            0.9502711912246427,
            -1.0177725603403966,
            -0.12349617970632787,
            1.0238306888700839,
            -0.24881506590812857,
            0.8087231059934329,
            -3.1867397551463275,
            -0.004273722139826753,
            -0.5357056811876244,
            -0.15600141601096956,
            -0.044205060743022905,
            0.22153169103089743,
            -0.23875147963116802,
            1.2652166602802366,
            0.5322508668976861,
            0.3379973215763649,
            -0.6192070182159285,
            -0.14360899526178875,
            0.7744623799573446,
            0.22963068969196945,
            -0.0599484305139763,
            -0.32351734841915225,
            0.7518678364274106,
            0.5682657048900533,
            -0.5954393136920978,
            -0.24693500146495512,
            1.2169991257968504,
            -0.721962175696786,
            -1.4473926231551801,
            0.8221423740350371,
            0.1528937299070148,
            1.0040019539966243,
            1.527380038022141,
            0.6008852733417516,
            0.05381589737019065,
            0.575204214754849,
            0.5402834396333587,
            -0.06558512958689562,
            -1.294656269234624,
            -0.40965695883212666,
            -0.8356703704417143,
            -0.42813197689294885,
            0.8318644340182921,
            -0.26922633245488287
        ],
        [
            2.5551581250930147,
            -1.3687178172350434,
            0.8320050175852939,
            -0.3381218939251627,
            0.6176739636350213,
            -0.07806750762102442,
            -0.5015113211693888,
            0.3026767718269758,
            -0.7691861304862524,
            0.040733770152111326,
            1.3972036099471383,
            -0.8107368260416883,
            0.2480154550030558,
            0.9965265387843069,
            0.0,
            -0.42568213614379447,
            0.7612744774345723,
            -0.22473295524133646,
            -0.17301522847780226,
            -2.0427911101663807,
            0.7407553341941004,
            -0.489158030854886,
            0.7663214118805003,
            -1.236150578924433,
            -0.27578487825555,
            -0.08110835846139466,
            1.6099362823010133,
            0.051410888433762715,
            0.1442610141889975,
            2.0687664700752686,
            1.1494084636440565,
            0.49977517895384566,
            -1.011502204205685,
            -0.3451700524671268,
            0.26021580489671986,
            -0.20433251614549236,
            0.3150147336705831,
            -1.0475871296497776,
            -0.36366559188981795,
            1.3953600227857026,
            0.9967408017667628,
            -1.6454173655917177,
            -0.9815780117055125,
            -0.09150844377574434,
            1.4848102405637842,
            0.5289306328733844,
            -0.7165209933286124,
            -0.02325668509096369,
            -0.7076075832923834,
            0.13481915772347774,
            0.520974619351118,
            3.099600083320523,
            -1.424422966046789,
            -0.9946897970092531,
            0.43886062694527134,
            0.019347481936002515,
            2.2628210348284914,
            0.4289380955118644,
            -1.5783733352360865,
            0.07184370125636717,
            -0.1261788073999289,
            -1.0553510979934277,
            0.7038276497793514,
            1.3953050544971564
        ],
        [
            0.6696573781864378,
            1.116318020522672,
            -0.5580458766958162,
            -1.1841269470832607,
            -1.4226577090463615,
            -1.8998107273029503,
            0.3338027613169906,
            -0.5633618283860129,
            -1.0195101239389428,
            1.2756665600035995,
            -0.6782795635538846,
            -1.4056600146917995,
            0.5713137883525226,
            -0.8722725934250883,
            -0.42568213614379447,
            0.0,
            0.235472828625401,
            -0.08147217499178802,
            -0.8601654759678204,
            -0.7442377482069512,
            1.138980015019782,
            -0.43140390140947704,
            -0.9443540852642326,
            0.5723429949449461,
            -0.8741857271255303,
            0.19254836243824433,
            -1.059177999728069,
            0.20613580884856614,
            0.10828532944320846,
            -0.23360631910027985,
            -0.14376984520005134,
            0.5848111186526288,
            -2.5244430824849466,
            -0.9242841862180421,
            -1.7424576204977409,
            1.0152373801281824,
            0.20257103092387316,
            -1.779992959437007,
            -0.8199104014962365,
            0.8023176071896803,
            -1.0888152043809116,
            0.1317893874257019,
            -1.7357210708368889,
            -2.136577907418738,
            1.4677568903908078,
            -0.10278499751817091,
            0.08096440851609919,
            0.1253382010718058,
            -0.33711712676518546,
            -0.028177005633400504,
            0.21015051923457584,
            -0.8571070191072152,
            -0.4657487946822417,
            -1.2610405384143601,
            1.273038177866016,
            0.4029013961632138,
            0.6250819936182926,
            -0.6936049048649444,
            1.8848509786261332,
            -0.7472493777821663,
            -1.2193373812636084,
            -1.5163908273932418,
            -0.3348175002948285,
            0.46078447410119494
        ],
        [
            -1.2529204955334525,
            0.741525129489528,
            -0.5617823577570983,
            -0.7103159175265661,
            -0.3275517755858949,
            -0.0418816422496306,
            0.5247400151418139,
            -0.10580298236228557,
            0.2892292535601419,
            -0.39174163413368895,
            0.4421467572213157,
            -1.4787733582369549,
            -1.11678110610493,
            0.2579000749015489,
            0.7612744774345723,
            0.235472828625401,
            0.0,
            -0.3949420578393056,
            -1.1914712672400811,
            -0.11892490011119922,
            0.9206450903503063,
            0.42189700641236144,
            2.0884211348823594,
            0.6237966969517384,
            0.3255132573943762,
            -0.41893740980591687,
            1.51655649228875,
            1.1300704264981973,
            0.9566350679804497,
            0.09200803700061455,
            0.7031940611526878,
            -0.19179976542993638,
            -0.3514770551644193,
            1.7810367321536347,
            -0.3256195626297482,
            0.5236648870064768,
            0.05674235329286522,
            0.8144928844830667,
            -0.41809162238046366,
            -0.9131412891052662,
            -0.6264096855739653,
            0.2740711873895808,
            1.3839237000347067,
            0.15385188512086387,
            0.42943794539623614,
            -0.6053099244906562,
            -1.3814120539112333,
            0.458592942849456,
            -1.6012854876934806,
            -0.2106111414965278,
            -0.4023788627743801,
            -0.7567319173651519,
            -0.6755321522753839,
            -0.327890495768965,
            -0.23829337293825018,
            0.9761266585294682,
            -0.26694693173972195,
            -1.398140133678083,
            -0.5638940590903846,
            0.9685254380647379,
            0.19029317713812108,
            -0.07782977804872004,
            0.8450071991061575,
            0.3720729254201009
        ],
        [
            -0.001970744454777062,
            -0.023969013890043262,
            0.36794826046674767,
            -0.12164817144628434,
            -0.09461127682512821,
            0.7188514195210834,
            -1.0527922927377964,
            1.9657352917531201,
            0.9243189106137235,
            -0.23432269029272046,
            0.5140280778881078,
            0.7621612806309633,
            1.3227126166437053,
            -0.8280915255695294,
            -0.22473295524133646,
            -0.08147217499178802,
            -0.3949420578393056,
            0.0,
            0.36575686734013,
            -0.9961919338816236,
            -1.29099394198442,
            0.2649742943861421,
            0.22834319839759556,
            0.8795001335327263,
            0.9330709188258365,
            0.09196063878394371,
            -0.4246214901505834,
            0.7344135864873094,
            1.2483658883202953,
            -0.3016210059748511,
            -0.16911017058729538,
            -1.2126272132906384,
            -0.15313477873353706,
            1.7838415612575844,
            -0.9497462924198287,
            -0.35728982727829056,
            0.14883909832933123,
            0.7154197407694941,
            0.7275432162600931,
            -0.3662521836789997,
            -0.4350373281187891,
            0.5005145679081239,
            -1.3950835366693588,
            -0.8935347303588248,
            -0.11411650538376429,
            1.0407491243344624,
            1.7588903184665612,
            1.381281019768638,
            0.07929005270626427,
            0.5817582389475148,
            -0.24962405223704004,
            -0.9033835937045633,
            0.4173771593414639,
            0.0387972990254274,
            0.8543688221401755,
            -1.1828159988778855,
            -1.6241808943367835,
            0.36236253779453,
            -0.5882156535330512,
            -0.8350724721341876,
            0.9181371804536607,
            0.20909798271909374,
            -0.017898755893240807,
            0.71689323689745
        ],
        [
            -1.4607538108130098,
            2.1306062337011715,
            0.2549463293700903,
            0.7403571887497387,
