{
    "N": 64,
    "id": "5b223979-e585-4b2c-85ef-0077dd5c3c31",
    "problem_type": "SK Spin-Glass",
    "distribution": "gaussian",
    "spins": [
        -1,
        -1,
        1,
        -1,
        -1,
        1,
        1,
        1,
        -1,
        -1,
        1,
        1,
        -1,
        1,
        1,
        -1,
        -1,
        -1,
        -1,
        1,
        -1,
        -1,
        1,
        -1,
        1,
        1,
        -1,
        -1,
        -1,
        -1,
        1,
        -1,
        1,
        1,
        1,
        -1,
        1,
        1,
        1,
        -1,
        -1,
        -1,
        -1,
        1,
        1,
        1,
        -1,
        1,
        1,
        -1,
        1,
        -1,
        -1,
        -1,
        -1,
        -1,
        -1,
        1,
        1,
        1,
        -1,
        1,
        1,
        -1
    ],
    "couplings": [
        [
            0.0,
            0.015251874009897479,
            -1.9146529905853558,
            0.5361730029253424,
            -0.9253417907147685,
            -0.3352336988494415,
            2.1681954980204474,
            -0.21334242179751597,
            -0.7381066462659481,
            -0.5950817696737473,
            2.0919297793176184,
            -0.41993938750491006,
            0.37647772360967263,
            -0.0210044994606566,
            1.352502869732793,
            2.079124013894225,
            0.9458823481462774,
            -2.1063875986965686,
            2.087363873369708,
            2.108441308387258,
            -0.2911934017490882,
            -0.4452070207062297,
            -0.651210622557467,
            0.8627771776048948,
            0.8597876121668098,
            0.2531924469254901,
            -1.1837606003592762,
            -0.1000565591947761,
            -0.1915989428692203,
            1.142506799173148,
            0.4217617052609297,
            0.2403067179337085,
            -0.6556372853209742,
            1.1968221276324251,
            -0.24227228467754133,
            0.14699672540290268,
            -0.6723166653761588,
            -0.39934532845222775,
            -1.0974270795718672,
            2.495551721707616,
            -0.21037867037717403,
            -0.857133887896174,
            -0.0470534928015591,
            0.5298513259773546,
            -0.5604875987000392,
            0.32935353694776215,
            -1.7296706303738896,
            0.23205670508818238,
            -0.63909152490022,
            0.6737255064891968,
            -0.6007935231550624,
            -0.7038330656355791,
            -0.7998652904262767,
            -0.4116844344364398,
            -0.6286563232852714,
            -1.5277666992125798,
            0.08884486999778891,
            0.8124011673892892,
            1.6810455415962886,
            -0.06071402761389797,
            -0.1899119432241956,
            0.03974673831671127,
            -0.2558457332520988,
            -1.454436172499444
        ],
        [
            0.015251874009897479,
            0.0,
            -0.9020430514442769,
            2.7540638329930793,
            -0.8620749355850177,
            1.0252762533845832,
            1.0793344029029348,
            -0.47364430656203904,
            -0.29881312725398385,
            0.17645735409570668,
            1.7803862046455574,
            -0.20225728017078368,
            0.5164268998768781,
            -1.5705742865447334,
            0.682791021443809,
            0.17089881217630695,
            -1.3527806189073488,
            -1.8050391128765708,
            -1.8872688230462331,
            -0.9218437880990057,
            2.712821356454293,
            0.6082418771510443,
            1.4077641181548302,
            0.7029477431223843,
            1.2722467436960887,
            1.3700965102040352,
            1.0663841605314035,
            0.8268686155338404,
            -2.0560266352298346,
            -0.6499757154171322,
            0.7649134013191068,
            -1.6902012998450255,
            1.4792722443709998,
            -0.8450985112371067,
            -0.616762476710294,
            -1.2562173799638703,
            0.19221486998698914,
            0.10831109205960261,
            1.36989168255501,
            0.395838303962637,
            -0.6956525494235665,
            -0.7101304973033827,
            0.8449710434087256,
            0.5744229142917104,
            0.11838100011169204,
            1.2137265867537905,
            0.33838379963701437,
            0.8762514040877907,
            -1.0901652588273356,
            -0.42246763432522577,
            -0.37935048800136245,
            -0.26756336782245504,
            0.770984161997064,
            -0.9284444743738223,
            0.5695667804029716,
            -1.1539449270833462,
            0.7355991762194408,
            1.1098329009484533,
            -0.9677666514251568,
            -1.3585465130907504,
            -0.4078413981830392,
            -1.8263725779476756,
            -0.6300720261094689,
            -0.846941973866811
        ],
        [
            -1.9146529905853558,
            -0.9020430514442769,
            0.0,
            -1.5473593347363044,
            0.013885174358361566,
            0.7683913684952783,
            -0.02254695713257446,
            -0.7288514336549677,
            0.3678004726487758,
            -0.2174072658975898,
            -0.4494290485329236,
            -1.0826992510869007,
            -0.027359248744333965,
            -1.7023138126936357,
            -0.7261668311627935,
            1.2427677431088333,
            1.0871255918076816,
            0.2624996242143797,
            -1.6238236982437089,
            0.414377049103554,
            -1.5678725165490954,
            -0.8012529460385599,
            1.854579358877752,
            -1.603818286208876,
            -0.07425719308619115,
            0.7900363621578301,
            -2.2284569606624314,
            1.4942373701282707,
            -0.7444322198459866,
            -0.3999114123806854,
            1.2886401595263526,
            0.04528451402822598,
            1.055299440921765,
            -0.18428183100988887,
            0.2860708395178257,
            0.33285509759785015,
            -0.4603517082517572,
            2.207781113116449,
            -1.5390160271329663,
            -1.3969486406909677,
            2.0322156305396186,
            -0.012817971288446611,
            -1.090483350114286,
            -0.2800732712969088,
            0.0909096688005834,
            -0.9998343952469341,
            -0.45408439513981824,
            1.3984943742394031,
            -0.09015196407879797,
            0.7302834169885803,
            -1.548477036244527,
            0.42662476819982986,
            0.6771939209568651,
            1.1719256213062172,
            -1.2826119329098193,
            -0.753340063531323,
            0.04633801075844339,
            0.28950719322836777,
            -0.4813281996706053,
            -0.3100067889525051,
            0.8394615786505449,
            -2.0156917913626202,
            -1.3815244709754273,
            0.48260438618384105
        ],
        [
            0.5361730029253424,
            2.7540638329930793,
            -1.5473593347363044,
            0.0,
            0.09180791008579814,
            -0.2186034011371161,
            0.47766892150541423,
            -0.21260176130913708,
            -0.8884717178760851,
            0.08437056543151779,
            -1.2250585082824028,
            -0.3835809304584614,
            0.9065163645940005,
            0.43465945432212516,
            2.1064350425563925,
            1.770515964468333,
            0.7212186574254482,
            -0.4266278823773268,
            -0.4224993089505504,
            0.20483886922978425,
            0.1483555825325386,
            -0.4754060225729108,
            -1.5778320764802276,
            -0.4009729972228278,
            0.1533774889585773,
            0.9715990386678798,
            0.8052342983452452,
            -1.540973669782118,
            -1.3398701624651628,
            -0.24721279719195163,
            0.359935342348323,
            0.8660443180754093,
            0.06357705477815463,
            2.786968210991968,
            -0.6127556208322044,
            -1.1772776801800062,
            -0.09833509469442332,
            -0.4468569923328164,
            -0.0787490550651562,
            -0.508034696556989,
            0.1281027108013637,
            0.28014675992811033,
            -0.6290900378617136,
            1.2248029233435958,
            0.48116583958758824,
            1.210553780875999,
            -1.2169243918105963,
            -0.20316430485293488,
            1.2621492823496665,
            -0.8630025185278276,
            -0.18951116007136085,
            1.0893926351011305,
            0.9744274510846814,
            1.3280940771404637,
            0.01024631639651615,
            0.6433229600239276,
            -1.7192189258699335,
            -0.952795601212438,
            0.06319819343376513,
            -0.3811004777910316,
            -0.9683788754278301,
            -1.1646630025859337,
            1.0168718020256753,
            0.37132087157526344
        ],
        [
            -0.9253417907147685,
            -0.8620749355850177,
            0.013885174358361566,
            0.09180791008579814,
            0.0,
            0.23822732425122367,
            0.02038306182652111,
            -0.3428187071281233,
            1.6640800423665463,
            -1.4990548643169113,
            -0.5429824942665243,
            0.15776890672873206,
            -0.4263922204484894,
            1.1703260862971936,
            -0.5211960479247927,
            2.303845957292255,
            -0.1499642320579751,
            0.45583455684731866,
            -0.2562119981299868,
            0.09139093084135261,
            0.2068504424988686,
            0.22541227641848058,
            1.8469459068679408,
            -1.0679350678071664,
            1.6953179300681716,
            1.3534487352733022,
            -0.5759164964444198,
            -1.1117656626980859,
            -0.8117771528825015,
            -0.4214831199124935,
            -1.3276762317226132,
            2.0326942036402786,
            0.9341858238945783,
            0.43137183630071163,
            0.0798056762219266,
            0.27507511995955636,
            0.2693645258338453,
            -0.12844487108146044,
            0.1388226611294756,
            1.20584295863104,
            1.880647385727825,
            -0.40722337058064095,
            -0.2109677973831906,
            -1.0382357836885907,
            -0.8906148511115246,
            0.2540690301704966,
            -0.4928086448272683,
            -0.21160070233870798,
            -0.4369018498653164,
            1.2170087383396877,
            -0.9223779655233554,
            3.160857021890356,
            -1.2179420891239383,
            0.6145387981979193,
            0.46747185386300905,
            -0.3285039908801166,
            0.7040632018914588,
            1.1643689986148809,
            1.7015573495381262,
            0.79500917082689,
            0.3661096838904281,
            0.1707109353986405,
            0.07750707116375952,
            0.9017352936563955
        ],
        [
            -0.3352336988494415,
            1.0252762533845832,
            0.7683913684952783,
            -0.2186034011371161,
            0.23822732425122367,
            0.0,
            -0.3331497851648622,
            -0.340279519509337,
            -1.4126780432752537,
            -1.8536299621744896,
            -0.12611807299044533,
            -0.42791034967966435,
            -0.809790682549083,
            -0.15945352634857363,
            0.33009503897573206,
            0.09663937682213466,
            -0.5246250968803401,
            0.6733576672154282,
            -0.646409858349084,
            0.613481519761083,
            -0.27453527796314703,
            -1.2889793214693925,
            -0.8362457255984658,
            -0.38026000171199403,
            -0.7173905351132142,
            0.7417266911844018,
            -0.18252520617669962,
            -0.5915034980412297,
            0.4987293845028118,
            -0.6826149701251698,
            0.8470332170055557,
            1.823643048295406,
            0.31664785296356435,
            0.17414709438453013,
            1.3840608603265105,
            0.6416419414359701,
            -2.0536347013306697,
            0.12929900906944383,
            -0.10196544683032847,
            -0.9327441054452054,
            -1.0291524415623023,
            -1.7246450787499674,
            2.4876932623139028,
            1.209512824958602,
            -0.03464401618885483,
            0.8091212880589925,
            0.7531656490507171,
            0.7414483202900112,
            2.012214887997224,
            0.7264494017460131,
            0.03400419409494387,
            -0.03151995489581047,
            0.962093377957642,
            1.4371923813877088,
            2.604438097088395,
            1.6045351654646554,
            -1.308917585148296,
            -0.9601240731516182,
            -0.037599828505452064,
            1.2415531305987735,
            -1.020005699132847,
            0.20488103087764822,
            -0.14468337983065654,
            -0.5863198239131969
        ],
        [
            2.1681954980204474,
            1.0793344029029348,
            -0.02254695713257446,
            0.47766892150541423,
            0.02038306182652111,
            -0.3331497851648622,
            0.0,
            -0.7187435096405722,
            -0.5813962486024915,
            0.1499829535099326,
            0.3018239661540146,
            0.34229417689483854,
            0.05656453752673844,
            2.298683985466497,
            0.8359349763884256,
            -1.220699855156256,
            1.1873616604309272,
            1.087516291070457,
            1.8654589307001377,
            -0.45642306169781477,
            -1.5612636611046702,
            1.4576423800485012,
            0.056576484284513104,
            0.6952019996181278,
            -0.844979364899018,
            1.2577196013811047,
            -0.5358798284515255,
            -1.918019874270394,
            1.4575980077819213,
            -1.0107466630453699,
            0.15075196195285334,
            -0.7221967669065066,
            1.2808292691901837,
            -0.7697162800113139,
            0.979332733584766,
            -0.5509572474075051,
            0.6172669555067997,
            0.08119691822934136,
            -1.7363327889785842,
            1.5290437874704474,
            -1.1702736872095143,
            0.715066536114798,
            0.055157361958022365,
            -2.0964669837129155,
            0.10317350611518057,
            -1.3215564548218706,
            0.2848193486922651,
            0.6910597811602627,
            -0.15098587810930836,
            -0.14541159937246517,
            1.311753200028409,
            0.27053940884926064,
            0.37885788059444786,
            -1.1212767768085574,
            -0.4814642788669116,
            0.9326505223817032,
            -1.0915424289626912,
            0.741126256329694,
            -0.7601933813859455,
            -1.1463996889725796,
            -1.9731440245123906,
            0.3772934361947823,
            0.8570716355977037,
            -1.2815662596877935
        ],
        [
            -0.21334242179751597,
            -0.47364430656203904,
            -0.7288514336549677,
            -0.21260176130913708,
            -0.3428187071281233,
            -0.340279519509337,
            -0.7187435096405722,
            0.0,
            -1.1527790932601287,
            0.6115779387981418,
            -0.3976029906225724,
            0.023018934463575867,
            -1.3744237041896408,
            1.2472325484501658,
            -1.2127131024544497,
            0.27711643563274974,
            1.781384432064913,
            -0.5485064917344379,
            0.029684560869236615,
            1.6653276628519673,
            -0.30583532340781344,
            1.3791632449424056,
            0.3151381879368066,
            0.4779886332204081,
            0.6793107548057038,
            -1.4687343023565256,
            0.3060640822222967,
            -0.20929031845703405,
            0.1042245329500874,
            0.8937118621893895,
            2.7787535251309845,
            -0.6676470665245503,
            -0.8084000367828315,
            -0.1530514210005555,
            0.9596383723112993,
            -0.6224798682724692,
            0.07497980119148531,
            -0.36735783923456483,
            0.5598291162732012,
            -1.3419450624247375,
            -0.5255951768346211,
            0.30678550678277866,
            0.9905849983539746,
            0.9413323987436917,
            1.1403487877893677,
            0.16269428642229825,
            -1.1233832223107776,
            0.2739014722506502,
            1.3214350953449783,
            -0.9983244247123423,
            0.21072694978532852,
            2.000718697289379,
            0.5769944047413986,
            1.2393854355390483,
            -0.24160475571514997,
            0.5258064114389056,
            0.45948784777569496,
            -0.17191791908595272,
            0.6031651132644879,
            1.0191181482650213,
            -1.970617241408703,
            0.6928407845604931,
            0.016764139343168588,
            0.6581080356445614
        ],
        [
            -0.7381066462659481,
            -0.29881312725398385,
            0.3678004726487758,
            -0.8884717178760851,
            1.6640800423665463,
            -1.4126780432752537,
            -0.5813962486024915,
            -1.1527790932601287,
            0.0,
            -0.08161092101059167,
            2.2946547149379786,
            -1.3530387682463794,
            -1.341649982135152,
            -0.23935988814015494,
            1.3672543893261662,
            -0.9761829734811281,
            -1.4388273713705826,
            0.551871496951089,
            0.5657695286190058,
            0.9346965210289802,
            0.14736762610325618,
            0.6100891632702856,
            1.088702917823585,
            -0.7559270053843479,
            -0.9604957941381753,
            1.3444356407866813,
            0.5166568438879897,
            -1.1864275495771321,
            -0.4172043082602789,
            1.456348402436974,
            1.0782435852671992,
            -1.555106124198769,
            -0.07753528558119244,
            -0.15610818888129752,
            1.5592577435749808,
            0.21811611794663188,
            1.28220090580016,
            1.5856019793687535,
            0.1312190603255935,
            -0.23671884254262118,
            0.12514429301671987,
            -0.8705086420496789,
            0.060459985402374926,
            -0.0025007796039879533,
            -0.1455708541190486,
            -0.8831568760477605,
            -1.6848331079535674,
            -0.4792869224222002,
            -0.8573284939782642,
            1.079224455354605,
            0.18755392354994235,
            -1.799947406692497,
            0.30933014960927624,
            -0.13025530715161412,
            -1.3527437381234422,
            0.3965406582001298,
            -0.10627131105169943,
            -0.05050218941435714,
            -0.42131228820654076,
            -1.2389583492701584,
            -1.0819760105900558,
            -0.013797411788029118,
            0.8955899079910286,
            1.2269233270681277
        ],
        [
            -0.5950817696737473,
            0.17645735409570668,
            -0.2174072658975898,
            0.08437056543151779,
            -1.4990548643169113,
            -1.8536299621744896,
            0.1499829535099326,
            0.6115779387981418,
            -0.08161092101059167,
            0.0,
            -1.1676727172486268,
            1.3216681398383898,
            -1.0730464403420743,
            1.3826549335775375,
            1.0286518000038294,
            0.6334011231178169,
            0.6984586095803025,
            0.20119293486515344,
            0.038886947452043304,
            -0.9514403825640676,
            -0.2980145758545191,
            0.08997947502450314,
            0.02173944529184467,
            0.14152132154759253,
            -0.9639458128897923,
            -0.2674087989558651,
            -0.6795595663572895,
            0.5683505747159712,
            2.083886343481003,
            0.32779725305083074,
            0.8174375275136246,
            0.2546039685368254,
            1.1013618077870673,
            0.06665129500307482,
            -0.00033738809234303664,
            1.4177688881722057,
            -1.1196798886379606,
            0.1744329543483714,
            0.33757927702820884,
            -1.469948616372584,
            -2.333342807408363,
            0.6609110767962315,
            2.4817506127142592,
            0.7508574148588962,
            1.4709877298424265,
            -0.215080488234279,
            0.22302405309934323,
            1.733822618249574,
            0.8975819663424445,
            -1.2759160044764517,
            -0.489278167838819,
            -0.8750523622628064,
            -1.1952889530520805,
            -0.8934171693039072,
            -0.3340263787192252,
            -0.3993842980057139,
            1.5225452791850111,
            0.4706035629498892,
            0.6494713029626045,
            -0.15503969457063324,
            -0.5260126297185264,
            0.5090422228253708,
            -1.137819054253106,
            -0.7839153641914323
        ],
        [
            2.0919297793176184,
            1.7803862046455574,
            -0.4494290485329236,
            -1.2250585082824028,
            -0.5429824942665243,
            -0.12611807299044533,
            0.3018239661540146,
            -0.3976029906225724,
            2.2946547149379786,
            -1.1676727172486268,
            0.0,
            0.22862327007703556,
            0.321705982198899,
            0.500717994550298,
            1.0256863583900806,
            1.3148428504883518,
            1.1401893519743442,
            1.0890594509649423,
            1.1194371086777686,
            -0.5436666269112381,
            1.6815930919300546,
            1.0633625486752065,
            0.07374326080924624,
            0.9498765481662541,
            -0.418000834200515,
            -0.10152854221636065,
            0.009728035931377853,
            0.6378839909819481,
            0.9884320374463975,
            0.25701212594976247,
            -0.8236407309475589,
            0.13449062780526416,
            0.957529219499794,
            -0.7958695783855314,
            1.967316412285549,
            -1.8199071437544965,
            0.12078746045384477,
            1.6235534878429838,
            1.0489772339232801,
            0.32050834245671184,
            -0.26846383946949215,
            0.6254234615989687,
            0.8201760428790476,
            -0.4735806578667258,
            -0.42471465043889584,
            -1.040218037829212,
            -0.025402996028665463,
            -1.598618185906738,
            0.3469705361319227,
            0.04467234263120611,
            -0.9951682980242408,
            0.3110201905904909,
            -0.23000269227327366,
            1.04809275056763,
            -0.5811001300489002,
            -0.4733525760186404,
            0.13868256166009643,
            0.7166673681664221,
            0.8701407308110373,
            -0.40297375140416075,
            0.006561212103495449,
            0.8517972113970637,
            -1.889054779893249,
            1.3874571296800706
        ],
        [
            -0.41993938750491006,
            -0.20225728017078368,
            -1.0826992510869007,
            -0.3835809304584614,
            0.15776890672873206,
            -0.42791034967966435,
            0.34229417689483854,
            0.023018934463575867,
            -1.3530387682463794,
            1.3216681398383898,
            0.22862327007703556,
            0.0,
            0.7542537949065277,
            -0.4488466337972285,
            0.31473541665733046,
            -0.23402076326292265,
            -0.5921450644876544,
            0.051955367720010144,
            1.1831454368432197,
            -0.5858446670326605,
            -0.31179663898712734,
            0.9456448291321725,
            -2.4331047580894305,
            -0.21183417856656941,
            -1.105783930110335,
            0.7654372640607005,
            0.6696604479316527,
            -0.34661671932231713,
            0.09049975332670993,
            -1.4414479877903275,
            0.01948076928811607,
            -0.45453501987896355,
            1.922649394015777,
            1.0532193348894994,
            -1.386840799166316,
            -2.4337592982686993,
            0.6909201831708695,
            0.8581836137348853,
            0.7821974713029641,
            -1.3180696596861057,
            0.7412771344872388,
            -1.740147479505853,
            -0.9829386256702056,
            -0.1543730581192156,
            0.3924471806507218,
            1.3930379328899727,
            0.7801326740250712,
            -0.4851209426321338,
            -1.348191954601628,
            -0.34356441356802603,
            0.7316673239694613,
            1.245593590522278,
            -1.4232073768931712,
            1.2286815277922207,
            0.17754879163864848,
            -0.8028211212731757,
            -1.1518717565052525,
            -0.9091297439493092,
            -0.4070971042303004,
            -0.09576684315857203,
            0.7398064410758357,
            -0.3213664329470386,
            0.26768977936434124,
            1.4620960677034431
        ],
        [
            0.37647772360967263,
            0.5164268998768781,
            -0.027359248744333965,
            0.9065163645940005,
            -0.4263922204484894,
            -0.809790682549083,
            0.05656453752673844,
            -1.3744237041896408,
            -1.341649982135152,
            -1.0730464403420743,
            0.321705982198899,
            0.7542537949065277,
            0.0,
            0.36489161500889944,
            0.1578083055920882,
            -0.9358072207837526,
            1.1110292004238373,
            -0.008678025295839522,
            -0.18862033174702783,
            -1.4597225595819527,
            0.6409758570790621,
            -0.1383171791240357,
            -0.9355666412421461,
            0.3571788355095835,
            -0.933009335376992,
            0.5861749280940083,
            0.8665965213118706,
            -0.9145360281514412,
            0.5467671538478363,
            0.5307290035344957,
            -0.799277953215579,
            -0.9354912093735706,
            0.036058159126089576,
            -0.23918167053206085,
            -1.7292575447607053,
            0.5395026466276589,
            -0.08305384139972291,
            0.27971207682466115,
            0.48005933822679964,
            -0.6227248814398166,
            1.375444595999166,
            0.6285440948029453,
            -0.09199139727641756,
            1.1464155556483837,
            0.9124421024037589,
            0.6037867150846582,
            0.0022577015964229483,
            -0.004502577387021893,
            0.11135414985866358,
            -0.16331095979516447,
            -0.1564253856728441,
            0.35366218998828647,
            1.3151171629137675,
            -1.922370883036846,
            -0.8653545578894788,
            0.02664527234018486,
            -1.1237696516873734,
            0.9984403569324302,
            0.7175802468218094,
            -0.7476983671659142,
            0.1774315055121156,
            0.9656751089720932,
            -0.06312945323964761,
            0.25496099385132126
        ],
        [
            -0.0210044994606566,
            -1.5705742865447334,
            -1.7023138126936357,
            0.43465945432212516,
            1.1703260862971936,
            -0.15945352634857363,
            2.298683985466497,
            1.2472325484501658,
            -0.23935988814015494,
            1.3826549335775375,
            0.500717994550298,
            -0.4488466337972285,
            0.36489161500889944,
            0.0,
            0.4044339514471391,
            0.6210835782358403,
            -0.29324229271616975,
            0.13975925607623937,
            1.2966418622698679,
            -0.010524696270574084,
            0.9006737410399993,
            -1.3884377566317898,
            -0.1203292205872503,
            0.15878031982278332,
            -0.25041243177380684,
            -0.5872037379198312,
            0.19050843494958222,
            -2.497777003848354,
            0.05778831471950583,
            -0.3449474085685384,
            0.7311086269311394,
            -0.06135720801112932,
            1.1554281537980118,
            -0.04866212379915498,
            -0.96951946710735,
            -0.2706510085779582,
            1.5109812666656672,
            -1.127699787237016,
            2.289581403760595,
            -1.602438434393412,
            1.134071038863067,
            0.38985345438672353,
            2.351017417718942,
            -0.4837239729979284,
            -0.523365041345776,
            -0.5555635008893278,
            -0.63088739994599,
            0.23514843435155017,
            -1.6752338707706977,
            -0.8948526188666351,
            1.340229795773017,
            0.06295234547531899,
            0.7990587186769733,
            -0.09308006119840025,
            0.67563944814804,
            1.0800362878657148,
            -1.4431188305182627,
            -1.6663845718882222,
            0.4786564100509288,
            -1.7399745217780795,
            -0.0987384198059418,
            0.3317574996389785,
            1.1795566975045686,
            0.5643880266148781
        ],
        [
            1.352502869732793,
            0.682791021443809,
            -0.7261668311627935,
            2.1064350425563925,
            -0.5211960479247927,
            0.33009503897573206,
            0.8359349763884256,
            -1.2127131024544497,
            1.3672543893261662,
            1.0286518000038294,
            1.0256863583900806,
            0.31473541665733046,
            0.1578083055920882,
            0.4044339514471391,
            0.0,
            1.0908055160042411,
            0.32701366594233794,
            -1.0061694160237453,
            1.0991464621266915,
            0.19203322358941202,
            0.24103449652490871,
            3.0634957399922764,
            -0.9176159482301386,
            1.5247265406414803,
            0.23212909217851244,
            1.020096561808848,
            0.4724419058092065,
            0.022880167923438683,
            1.108228910919578,
            -0.6048460098588561,
            0.431397854000947,
            1.3441067572151486,
            1.1643290973325813,
            -0.16925565983756272,
            -2.1379710422209866,
            -0.8957680088077516,
            0.16295117804697573,
            0.017900140346964844,
            0.9929927689685778,
            0.6535121921653126,
            0.08128861087541842,
            -1.4587191265348929,
            -1.0008364941959873,
            1.608598368331161,
            0.8909004356022711,
            -0.40933273679443893,
            1.6760273579207066,
            0.4013364820240937,
            -1.541702739262458,
            -0.886970898215335,
            2.7119340836341856,
            0.03144768597183928,
            1.4912172247082591,
            -1.9212836799373523,
            2.39250063812558,
            1.2132581930613,
            0.3353390882946311,
            1.2627163737355211,
            -0.8560111176120356,
            -0.514824095844361,
            -0.734763494405185,
            0.4300625560365978,
            -0.6082927409089194,
            1.036272398003775
        ],
        [
            2.079124013894225,
            0.17089881217630695,
            1.2427677431088333,
            1.770515964468333,
            2.303845957292255,
            0.09663937682213466,
            -1.220699855156256,
            0.27711643563274974,
            -0.9761829734811281,
            0.6334011231178169,
            1.3148428504883518,
            -0.23402076326292265,
            -0.9358072207837526,
            0.6210835782358403,
            1.0908055160042411,
            0.0,
            1.388679932302107,
            -0.685798479327156,
            -0.10769410371831355,
            -0.004806136858098865,
            0.8085240898998672,
            0.12212364083389997,
            -0.589076513377968,
            -0.7304647293900971,
            0.46710647149142437,
            0.03889934710109089,
            0.967000650887443,
            -0.48785667733006294,
            0.24493141634969362,
            0.3015729862881693,
            -1.5263270392461816,
            1.0807206122390374,
            -0.2378398780581362,
            -1.0091300135272527,
            -0.049497576127802895,
            0.1610562037503589,
            -1.4770070820923507,
            -0.256847485855993,
            0.8451214398442016,
            0.07417153327514275,
            -0.6626873048516557,
            1.188092570483615,
            0.03173788367484214,
            0.8625726354024401,
            0.5083902388520308,
            -0.978237726604681,
            0.8363508332215908,
            -1.2332831161230875,
            -0.41631575523687675,
            1.6036183063774823,
            -0.1198452492881892,
            0.22626597060856288,
            -1.6944494861200872,
            0.8276306277372134,
            0.9648887648438782,
            -0.19279044259567538,
            0.3356301036259877,
            0.6055836722767249,
            0.06409856984711629,
            -0.44465622942879085,
            0.372923204704665,
            -1.1640632024071198,
            -1.2332379227772465,
            -0.8242442523564727
        ],
        [
            0.9458823481462774,
            -1.3527806189073488,
            1.0871255918076816,
            0.7212186574254482,
            -0.1499642320579751,
            -0.5246250968803401,
            1.1873616604309272,
            1.781384432064913,
            -1.4388273713705826,
            0.6984586095803025,
            1.1401893519743442,
            -0.5921450644876544,
            1.1110292004238373,
            -0.29324229271616975,
            0.32701366594233794,
            1.388679932302107,
            0.0,
            -1.212304147361433,
            1.641065569532277,
            -0.48206059942570606,
            0.5176708141307304,
            -0.48587773721615873,
            0.31764119391883094,
            0.7383591229187697,
            1.37910372675399,
            -1.6607389559744925,
            1.8196457311178151,
            0.01604633971795216,
            -1.1196453926961614,
            0.7676561497718823,
            0.36646648142735566,
            0.16129394474365402,
            -0.4739738070257455,
            0.7948085272936422,
            -1.5403754752047099,
            -0.9746481254925059,
            -0.2640268087720539,
            0.20415445430273405,
            0.7907651760148249,
            -0.026843522489514302,
            0.6262079953027866,
            -2.583683750631639,
            1.779700939057581,
            0.6373710151436296,
            1.2281467892642934,
            -0.7954207852267206,
            -0.0012601548946776337,
            0.6257488694445283,
            0.21097886743030833,
            -0.19588341585371635,
            -0.9413807312018255,
            1.1702778948882362,
            1.2054419888520815,
            0.29388124345577105,
            0.244110940513818,
            0.29040097155441036,
            0.34277700058414784,
            0.9931310367635112,
            -0.04463467216371768,
            -0.6006311506571997,
            0.6858864138503338,
            1.566061521067444,
            -2.0678204692580047,
            0.5170642612186666
        ],
        [
            -2.1063875986965686,
            -1.8050391128765708,
            0.2624996242143797,
            -0.4266278823773268,
            0.45583455684731866,
            0.6733576672154282,
            1.087516291070457,
            -0.5485064917344379,
            0.551871496951089,
            0.20119293486515344,
            1.0890594509649423,
            0.051955367720010144,
            -0.008678025295839522,
            0.13975925607623937,
            -1.0061694160237453,
            -0.685798479327156,
            -1.212304147361433,
            0.0,
            0.4125221707318663,
            1.089860496222877,
            -0.6855711672122334,
            0.5332535772687336,
            -1.3972592081887603,
            0.21439055444832644,
            1.583024826147529,
            0.10111001735845757,
            0.2233252633041304,
            1.889942354562218,
            0.9802528115047073,
            2.1752476480436838,
            -0.8833791806134544,
            2.088784754041219,
            0.38488702166536676,
            0.17699730129714342,
            -1.0873522067672117,
            -1.6334425398588772,
            -0.9376898468935295,
            0.4432781317457092,
            -1.9195944157861742,
            0.6428358014053667,
            -0.24365384108293067,
            0.07705988304151634,
            2.829914967546982,
            0.8125815302549977,
            0.011130807495765076,
            -1.0298659446434497,
            0.3725896667330535,
            -0.9213873975068801,
            1.0587062308593767,
            -1.6923463361736264,
            -0.058416663809450216,
            0.9748696438026317,
            -0.46372476882440195,
            -0.09857518147170395,
            0.35573473082640195,
            1.1006346581119182,
            -0.030942832594483,
            1.4367845831719506,
            0.18447056870551665,
            -0.16223486129581322,
            -0.9731358145652445,
            -0.6849471523840646,
            1.841950455064653,
            0.17888660328332098
        ],
        [
            2.087363873369708,
            -1.8872688230462331,
            -1.6238236982437089,
            -0.4224993089505504,
            -0.2562119981299868,
