{
    "N": 64,
    "id": "fd896980-ef7e-4263-b15a-d928ccd9dde8",
    "problem_type": "SK Spin-Glass",
    "distribution": "gaussian",
    "spins": [
        -1,
        -1,
        1,
        1,
        1,
        1,
        -1,
        1,
        1,
        -1,
        1,
        -1,
        -1,
        1,
        1,
        -1,
        1,
        -1,
        -1,
        -1,
        1,
        1,
        -1,
        1,
        1,
        1,
        -1,
        -1,
        1,
        1,
        -1,
        -1,
        1,
        1,
        -1,
        1,
        1,
        1,
        -1,
        -1,
        -1,
        1,
        1,
        1,
        1,
        -1,
        1,
        -1,
        -1,
        1,
        1,
        1,
        1,
        1,
        1,
        1,
        1,
        -1,
        -1,
        1,
        1,
        1,
        -1,
        -1
    ],
    "couplings": [
        [
            0.0,
            1.4984142779875909,
            -1.5980998486582592,
            1.6094460584265684,
            -1.0613015784674609,
            -1.2410894182491297,
            0.8329969690231231,
            -1.223780689188809,
            0.2430508291183042,
            1.4382544161065909,
            1.2329752815650687,
            -0.1848700806328847,
            0.31324960335478325,
            0.3287740582035684,
            0.19657092306156684,
            -2.2354534440643037,
            0.6689202207931535,
            -0.35471206094998187,
            -1.8934186498305416,
            0.5461246306765485,
            0.5968730653805271,
            0.7347328530975429,
            1.3784829753599381,
            1.0604658036050323,
            0.9332346424569253,
            -0.46704980144514185,
            -1.6257426092586005,
            -0.8724996570257273,
            0.6079626998667733,
            -0.5576285702784379,
            0.20078154586100516,
            0.5880903266665123,
            -0.8904764852659245,
            -0.6781387250791967,
            0.6038145744066215,
            0.08301637402853773,
            -1.426343044247721,
            0.9212089587636854,
            0.08385915821492342,
            -0.17350560700473738,
            -0.06345081578956369,
            1.6983281148325746,
            -0.8680755029309194,
            -1.3030103509092685,
            -0.7969677865364607,
            1.527920112908346,
            1.8667758173591709,
            -2.149949946392317,
            0.41933497984786927,
            0.9162733110112845,
            0.7802174252326965,
            0.796623946675636,
            -0.5199377141546152,
            -1.1569969764068186,
            1.4022012009731764,
            1.0586616802511353,
            1.2882218833084051,
            -0.24564559505210978,
            0.21781125429894468,
            -0.8750188926338841,
            1.3420402908830809,
            -0.5651157129694889,
            -0.9600706810841979,
            -0.9434138740378537
        ],
        [
            1.4984142779875909,
            0.0,
            -1.2632107458185429,
            -0.10214091406377392,
            -0.9136335344444831,
            -1.630173288561581,
            -0.3556167879514939,
            -0.9461270161756826,
            -0.5027798969968349,
            -1.2088647894068751,
            -1.1011123165859384,
            -0.7345475516759479,
            -0.6649414637902011,
            -0.5486704550155687,
            1.3697814245482638,
            -0.4805498833662711,
            0.6210326488263681,
            -0.7574201659238516,
            -1.749435412631877,
            0.12207680549028634,
            -0.05378346047873414,
            1.2479961217785862,
            -0.02409740626788791,
            -0.46507576411400847,
            1.3188257059850117,
            -1.1871099643737524,
            0.27549263295487547,
            -0.3560387768930129,
            -0.4067535271019932,
            0.26834375658628923,
            -1.6351024281355282,
            0.7306225250943704,
            -0.852333545676217,
            0.4023421337271694,
            -0.9538946786423191,
            -0.004042231941836746,
            -1.4427992446337738,
            0.6729678956037987,
            1.6449959590044685,
            0.018421873895468673,
            -0.5239634895200693,
            -2.29639463545607,
            2.106650319608344,
            -0.2843853540737648,
            -0.052467894522289886,
            0.7162496918343046,
            -0.7833984136952805,
            0.5603751615294175,
            -0.10187824541634886,
            -0.748079671465935,
            1.7452601795048759,
            -1.7362910291625355,
            0.6795022618506835,
            0.06438659360858885,
            0.3601426618123042,
            0.15031269579311965,
            -1.436374134984183,
            0.7338829887636587,
            0.29430358760220654,
            -0.8342045997620798,
            -0.822185362121266,
            0.650948418751886,
            -0.5761323581443016,
            -0.5042644463589183
        ],
        [
            -1.5980998486582592,
            -1.2632107458185429,
            0.0,
            0.19268517539132574,
            -0.4126260063924477,
            -1.6810099901156645,
            1.3618809707211277,
            -0.9405916494643379,
            -1.4904513745137655,
            0.6310475247610045,
            -0.4511736843300101,
            0.7966969370137419,
            0.41572685993717945,
            0.053622953087192525,
            0.5737141692374645,
            0.6794632565795493,
            -1.3401639693449647,
            1.3377265928612323,
            0.3806929536409613,
            1.5674807054957058,
            0.16367974334821525,
            1.1318670475168053,
            1.2608459379309769,
            0.8559338481278347,
            1.1218083482024683,
            0.061898367773125906,
            -0.1786916195684478,
            0.01967304721409159,
            -1.4914206114683268,
            0.27600839531548466,
            0.24574976869647056,
            -1.1832449045789506,
            -0.01805251124472034,
            0.43270236353210917,
            1.3507926477558099,
            -0.5684843015902259,
            0.40366503914444835,
            -0.015223706592493096,
            0.5097741222397225,
            -0.168994485904254,
            1.7922028246572899,
            1.0984533995657566,
            0.04400069814963013,
            0.2592921192124896,
            0.47854885589977025,
            0.7719558431685812,
            -1.5334301228811391,
            -0.6191594133992628,
            -1.8895117067885359,
            -0.08057894734326146,
            -0.6150622852448137,
            -1.0835059005290066,
            -0.9273158273764507,
            -0.09855028957445824,
            -0.4780369542763689,
            -0.09821197421111415,
            0.08870191006754216,
            -1.274331701214545,
            -2.449623481080608,
            0.9107984415735603,
            1.2777809555324549,
            -0.05237781785358321,
            -0.5024628242346065,
            1.7213122747248661
        ],
        [
            1.6094460584265684,
            -0.10214091406377392,
            0.19268517539132574,
            0.0,
            1.1401034305980882,
            -0.22461474825874203,
            1.0112479397543797,
            -0.8617548321198113,
            1.0400361616057923,
            -1.2644270381716618,
            -1.1917817115400735,
            1.924077552343148,
            -1.2363803969419778,
            2.0321764888323495,
            1.0038561454831592,
            1.2459803484870224,
            0.7823228440315407,
            -0.20885468452084752,
            -1.114677177266772,
            0.40941168517756993,
            -0.4158175338540273,
            -0.45323683137761067,
            -0.9929277255920929,
            -0.11034670260609862,
            0.5472027025553162,
            -0.8083786870403334,
            0.7457346620158506,
            0.9407145027964081,
            1.1900489864466737,
            0.7888116763133456,
            1.4953509332267623,
            0.5808063988010634,
            0.9736799906624264,
            -0.6580544979815924,
            1.846989555989503,
            -0.5863622285961647,
            -0.3260311011306375,
            1.5785157494438848,
            -0.02283429450235803,
            0.46416858668454036,
            1.3281912943088805,
            0.27424991203020005,
            0.326175390403273,
            -0.6173644864270339,
            -1.4746852615959165,
            -0.03749515439468698,
            0.7186367833118704,
            0.07091918900781931,
            -0.39519696371479424,
            0.5227026771613049,
            -0.5816730490191199,
            -0.5870197606973891,
            0.6898581690006867,
            1.334840460882484,
            1.0502366174088185,
            -2.689070817026763,
            0.7333835078066171,
            -0.6176556814803787,
            -0.27830338150726097,
            -1.3233644882285474,
            -2.1566104756293547,
            -1.4396373671572364,
            0.5069572770641577,
            0.5225105387725493
        ],
        [
            -1.0613015784674609,
            -0.9136335344444831,
            -0.4126260063924477,
            1.1401034305980882,
            0.0,
            -1.4176948227194506,
            1.3324232913303338,
            0.6738389695090427,
            -0.8331076560668128,
            0.8607153270078027,
            0.16751346966594102,
            0.7658920580889986,
            -0.7199989029101043,
            -0.10240718409499536,
            0.13567023569946834,
            -1.0545990318082048,
            -0.37644295915401466,
            -0.26676012379987624,
            1.9584389753291083,
            0.8776044206338915,
            -0.4942531730167302,
            0.6545719659903948,
            -0.3295198898116478,
            1.4705245556389157,
            0.7043330069186005,
            -1.1464009920735985,
            -0.46666064943735713,
            1.8040405526078536,
            0.6871344141899802,
            -0.5708728096204752,
            -1.0299271506473169,
            2.3752680064195713,
            0.7704682139479863,
            -0.22903227065632345,
            0.1512846810703319,
            1.5633014452309617,
            0.000604225176155069,
            1.0764864448650369,
            -0.732172818504484,
            1.1072139716442848,
            -0.572478948415889,
            0.11649285554375606,
            0.7638540064022171,
            0.018489564532913092,
            -0.5535660650685053,
            0.5790434228982524,
            -0.9276379139305091,
            -0.2220488191440356,
            -1.0957103759706273,
            0.9123083527923933,
            0.29715871267317334,
            0.9817881221382571,
            0.8248608912476314,
            0.6322015806660084,
            0.9242711493542161,
            0.7107143370880236,
            -0.06699227190071695,
            1.5514865158849223,
            0.8220260133873656,
            1.3143182233696382,
            -0.90220168518996,
            1.533104021807521,
            0.8898385675548002,
            -0.49104964345563545
        ],
        [
            -1.2410894182491297,
            -1.630173288561581,
            -1.6810099901156645,
            -0.22461474825874203,
            -1.4176948227194506,
            0.0,
            0.5192659574002633,
            0.5267558978355861,
            0.3249006197155069,
            0.21052025762253945,
            -0.6289641764404167,
            -1.0905118183406899,
            1.4196604324972173,
            -0.5261950211903136,
            0.34932138903687315,
            -0.012669504181098684,
            0.5947199543838072,
            -0.7892835839829738,
            -1.2735980841393864,
            0.2815226500093314,
            0.29903433984098465,
            -1.5402617661898206,
            2.3960040159162146,
            0.06923185466997181,
            -1.7731346786886089,
            -0.10451913736170486,
            -2.06457430492681,
            -0.8205452833567098,
            0.07351690812274397,
            1.1770383600956995,
            -1.0922412958124244,
            0.20064858513563882,
            -0.6678484880264692,
            -1.433180220489953,
            0.28281512312411017,
            -1.8460888932792565,
            -0.217466044009269,
            -0.8368836675189271,
            -2.0570852403523547,
            1.0474259012810159,
            -0.7589231675849929,
            0.04543178155478654,
            -2.4864028430551386,
            -0.5151309233436122,
            0.7226853838539868,
            0.6450709421171215,
            -0.10493895239661079,
            -0.08523701121287315,
            0.40025553433984074,
            0.012231954111444038,
            0.7431410465634598,
            1.2805325701371817,
            -0.26900711895693086,
            -0.01870150912268152,
            0.29515310159095537,
            0.5359482548702528,
            0.4294727134393336,
            -1.4087621674160997,
            -0.848074843892588,
            -1.9118740715977813,
            -0.9216879225568092,
            0.4158898942394231,
            -0.7051768822501472,
            0.21524462128224328
        ],
        [
            0.8329969690231231,
            -0.3556167879514939,
            1.3618809707211277,
            1.0112479397543797,
            1.3324232913303338,
            0.5192659574002633,
            0.0,
            -0.6587357618145397,
            -0.6907023488426889,
            1.382742785865769,
            -1.4603479977437914,
            0.25305278857100366,
            -2.007093796184217,
            -0.33562189808454684,
            0.6863360058049393,
            -0.5951451646456032,
            -0.27130549655978514,
            -1.204383113383227,
            0.36960069439727616,
            0.51352074581152,
            0.8745225792944217,
            0.3965727217971582,
            1.5923685570152277,
            -1.6189345529420476,
            -0.5038503605171322,
            0.12179527326595378,
            0.4851595757174703,
            0.20597276090400687,
            0.16040217404924118,
            1.0078927687501402,
            -0.9079081227505295,
            1.2381354224688201,
            0.6828066889672586,
            -0.8971748799233265,
            -0.39112026086909923,
            0.030868428553368993,
            -1.0946022701777258,
            -0.5538257348624973,
            -0.7888580924462544,
            -0.08972727519141838,
            1.9320387780146782,
            -0.41891278500992646,
            -0.27869747658385813,
            -0.09886019093870542,
            -0.4593312014760275,
            1.4975260175105112,
            -0.8027713500391842,
            -1.4164916713908409,
            0.5050979083310718,
            0.7516858592684418,
            -0.6594316817592139,
            -0.7955126476370146,
            1.4093104585511016,
            -0.6740052500781201,
            1.4702996987813097,
            0.5606854204138794,
            1.3652923999135838,
            0.8746280521822437,
            0.4907543383269733,
            0.017735260571510682,
            -0.11796790616255944,
            -0.8498344029459677,
            0.3975312579264313,
            -0.723136236877386
        ],
        [
            -1.223780689188809,
            -0.9461270161756826,
            -0.9405916494643379,
            -0.8617548321198113,
            0.6738389695090427,
            0.5267558978355861,
            -0.6587357618145397,
            0.0,
            1.242697254789622,
            -0.5835480137557877,
            0.9502030122325839,
            1.455217774887857,
            -1.3667650323544405,
            0.7995043096614456,
            0.1698922196782761,
            0.540465780361618,
            -0.4313574869390158,
            0.4592009238893122,
            -0.6300975718815924,
            0.4163748512736334,
            -0.9421146265913565,
            -1.4344169467252497,
            0.4065037902380646,
            -0.4705722566002124,
            -0.584289892547588,
            -1.822298211555674,
            -0.3679611186622253,
            0.9901653468408073,
            -0.9707706746237246,
            0.8639250608314627,
            -0.6243166080815123,
            0.838704623348799,
            0.23664892493548884,
            -2.0763487604310087,
            0.06855424054830322,
            -0.4261294383293752,
            -0.319946198451115,
            -0.4692019190952389,
            -0.37510271914907,
            0.9911214440833052,
            0.2423644154576342,
            -0.10052913318932205,
            -1.2805686231112985,
            -0.8688627630861174,
            0.9958562329240923,
            -0.8982263726539845,
            -0.879777523479556,
            0.5443385058194361,
            -0.034470908702753565,
            1.0729728823113647,
            -1.1783786856301863,
            -0.8602477743009396,
            1.4318698585647875,
            0.880756440552243,
            -0.6916000393801088,
            0.4175389449640782,
            0.6845108573384412,
            1.9530428953448444,
            -0.7289163889024486,
            -1.1180838457407667,
            -0.8663016719520926,
            1.7515788323544683,
            -0.10589814892096272,
            0.21867567305781824
        ],
        [
            0.2430508291183042,
            -0.5027798969968349,
            -1.4904513745137655,
            1.0400361616057923,
            -0.8331076560668128,
            0.3249006197155069,
            -0.6907023488426889,
            1.242697254789622,
            0.0,
            0.3196711859253585,
            -1.6888329652489502,
            -0.04539816266594514,
            1.7117973515130154,
            -0.06488545844844532,
            -0.23209155138806795,
            -1.4373474522555731,
            0.1782720698745699,
            0.09037788705306793,
            -1.1313318007706965,
            -0.4759730883979469,
            0.7371632171968356,
            0.19343825494034655,
            0.28647302899984184,
            1.9421152512716673,
            0.07182302348049588,
            -0.20739916350463988,
            0.012968242280992885,
            1.3519989483069048,
            -0.07143752222263282,
            -0.6224759500079755,
            -0.064750467531943,
            0.4046391316981328,
            1.7062169630292114,
            -0.7507295693775217,
            -2.425128440888373,
            -1.1706091384205426,
            0.17365524505428345,
            2.7553740563807074,
            -0.9979238110630949,
            -0.08954128272387285,
            -0.12016535036339583,
            -1.319343673523902,
            -0.9982827357601918,
            -1.381578620277198,
            -0.6124238179385596,
            0.5992967950271968,
            0.4822993310077165,
            -1.031912805022382,
            -0.5163949638820482,
            -0.3878820182419568,
            -2.5417918984312338,
            -1.2016191653504134,
            -0.40365788741964415,
            1.12866019569108,
            0.8442985093568688,
            -0.002271178669844742,
            -0.1263945327748682,
            -2.201802103522638,
            0.21547533092277218,
            0.8761444156742265,
            0.2634206429826471,
            0.5479246007133074,
            -0.08169926152035863,
            1.2073215345374253
        ],
        [
            1.4382544161065909,
            -1.2088647894068751,
            0.6310475247610045,
            -1.2644270381716618,
            0.8607153270078027,
            0.21052025762253945,
            1.382742785865769,
            -0.5835480137557877,
            0.3196711859253585,
            0.0,
            0.6063351533518393,
            -0.37567068492677874,
            -1.0533964442709174,
            -0.09168518728084261,
            -0.5896337870675802,
            -0.7403402584722757,
            0.8338941620487098,
            -0.577055136705388,
            0.4333033393442607,
            1.2029197269467353,
            -0.2373478546808613,
            -0.6860517849966641,
            0.8045330450079738,
            -1.7826474202263929,
            -1.4274221599113426,
            0.6463659032037566,
            0.41041027244816713,
            1.2218266440487273,
            -1.334780969126434,
            -0.996026085514068,
            1.0371983592811655,
            1.677056834455332,
            -0.9828595208184129,
            0.5631507549019849,
            -1.021550738556938,
            -0.5670782911412956,
            1.689319175868963,
            -0.0971811030242064,
            -0.8297896971707089,
            -0.19238792800783822,
            1.4498632877249369,
            -0.9735551192912258,
            -0.8029080870129796,
            -1.062920465566762,
            0.6029918539422229,
            -0.4787458020806737,
            -0.12953952630856605,
            0.12850652098399773,
            -0.7197680545117442,
            -1.6369378239946217,
            0.17409930270251983,
            -0.16746967469159277,
            -1.108643864049432,
            0.9604314475961971,
            0.7728235116594475,
            0.26316684722400024,
            0.842212054216547,
            -0.24637103171648536,
            -1.208421379309364,
            -0.767411444843427,
            -0.28080796926821394,
            -0.5060089638854902,
            -0.21475759340606587,
            -0.21679328106810192
        ],
        [
            1.2329752815650687,
            -1.1011123165859384,
            -0.4511736843300101,
            -1.1917817115400735,
            0.16751346966594102,
            -0.6289641764404167,
            -1.4603479977437914,
            0.9502030122325839,
            -1.6888329652489502,
            0.6063351533518393,
            0.0,
            0.8016976929355536,
            -2.500084515144845,
            -0.46450855281398284,
            -0.8337492061419182,
            0.32135486499425325,
            -0.5894775561537624,
            0.6183689899391757,
            -1.1015782249424038,
            0.12357399459965247,
            -1.2703624558249245,
            -0.3984231982703769,
            0.12239788384915765,
            -0.780288318246453,
            0.5895871869931963,
            -0.3483960958692757,
            1.059683054388932,
            -1.4286265200084425,
            -0.6598187418300153,
            1.546581681807911,
            1.435843003193676,
            0.46086879712388884,
            1.4225352325139375,
            -0.19827998387128637,
            -0.3929424485401336,
            0.94159356233071,
            1.2676273121201835,
            0.916410651610376,
            0.5666756205701444,
            0.10492481916094643,
            -0.12483219821356496,
            0.9001876271320498,
            0.6139054479913911,
            -0.6238263758090354,
            0.10687722374428384,
            -1.2019305032304581,
            -0.7463593515715141,
            0.35032229177481283,
            -1.2220920211851922,
            0.06544892171753038,
            0.09319561478978299,
            -2.462320839304851,
            1.0176016830891017,
            -0.738893874278521,
            1.623909826742836,
            0.346769772772777,
            -1.948020082223126,
            0.09576620211547089,
            -0.14135301912541134,
            0.6979344587074174,
            -1.0028549003118745,
            -1.592787486961618,
            0.7193615160365678,
            0.1575511040895217
        ],
        [
            -0.1848700806328847,
            -0.7345475516759479,
            0.7966969370137419,
            1.924077552343148,
            0.7658920580889986,
            -1.0905118183406899,
            0.25305278857100366,
            1.455217774887857,
            -0.04539816266594514,
            -0.37567068492677874,
            0.8016976929355536,
            0.0,
            -0.9321373397414268,
            -1.0962693570912867,
            0.24347801913085407,
            0.9682068082241179,
            -1.28229140932703,
            0.41874231575123955,
            -0.5680594083552422,
            -0.5093773588508946,
            -1.8195336254913466,
            -0.35393584564911107,
            0.8286715644811302,
            0.44425511211223334,
            0.49604699851413,
            -1.1740219192942036,
            0.35368015624336113,
            2.2708023379333815,
            -0.8634444255326147,
            -0.8899591359956888,
            0.7016457251345452,
            -0.8321531368045132,
            -0.36791094371515953,
            -0.6311029691680787,
            -0.12115455744483479,
            1.4288549639926933,
            -0.9967533946177844,
            0.8244872344874502,
            -0.5061567673494037,
            0.6216099629910099,
            -0.5150741106878405,
            0.48648623508926314,
            0.7665296356848867,
            1.2692047416575911,
            0.14166067460509965,
            -0.6139397698017677,
            -1.2858332542142825,
            -0.5127410038078698,
            1.664287893746646,
            0.6792009938983237,
            -0.42505697374314505,
            -0.6629003062300292,
            0.41763941466489424,
            0.7023901068608611,
            -0.04964930208969698,
            -1.6750693225886895,
            -1.7244250660358353,
            -1.1118379489796875,
            -1.0742764412067445,
            0.1199551842822908,
            -0.32988718381097876,
            0.6938359566178083,
            -1.25591485242817,
            0.19601100113523526
        ],
        [
            0.31324960335478325,
            -0.6649414637902011,
            0.41572685993717945,
            -1.2363803969419778,
            -0.7199989029101043,
            1.4196604324972173,
            -2.007093796184217,
            -1.3667650323544405,
            1.7117973515130154,
            -1.0533964442709174,
            -2.500084515144845,
            -0.9321373397414268,
            0.0,
            -0.8503930269814166,
            1.0742448996630551,
            -1.2071011024221827,
            -0.597924657231835,
            -0.7092638993763966,
            -0.06521343618184397,
            -0.9564139842232745,
            1.9335033778596382,
            -0.9223365443533876,
            -0.6764976915424333,
            -1.334142724666157,
            -1.7027980906960016,
            -0.12383729390247701,
            -2.373672283534419,
            0.27462433784137835,
            -1.6776942990583679,
            -0.10832899495472703,
            1.8721832143944968,
            1.1325962293466083,
            -0.6299978892992459,
            1.9451625778849981,
            -0.6425126286881448,
            -0.30069766794360936,
            -0.022683920870957767,
            -0.20354905118304192,
            -0.851298387932431,
            -0.7280425520169298,
            0.12027533169444812,
            0.09814563129882423,
            0.13584043492564696,
            1.2528710533271255,
            -1.3858160166281537,
            1.5228812634671902,
            -0.4398338204612578,
            0.5244644685272674,
            -0.2571215643517129,
            0.6433913320066111,
            1.1699903206947593,
            -0.9491328569559783,
            -0.7671747354344074,
            0.4109491861241887,
            -1.0346417370066276,
            1.3356649260002684,
            1.4632224220161363,
            -1.130651562273235,
            0.3913852287972826,
            0.4661919929994781,
            0.8681264541524664,
            -0.7664125820662052,
            1.7183570137243183,
            -0.6929972033474439
        ],
        [
            0.3287740582035684,
            -0.5486704550155687,
            0.053622953087192525,
            2.0321764888323495,
            -0.10240718409499536,
            -0.5261950211903136,
            -0.33562189808454684,
            0.7995043096614456,
            -0.06488545844844532,
            -0.09168518728084261,
            -0.46450855281398284,
            -1.0962693570912867,
            -0.8503930269814166,
            0.0,
            1.0213359406234206,
            -3.4148302107640687,
            1.5678605918031767,
            -0.054432109557353656,
            -1.1477038451880301,
            0.7355597411232583,
            -0.18964069328943056,
            1.980042541788483,
            -0.5036027215155133,
            0.7222828111327648,
            1.8177391689672577,
            0.3008005693068471,
            0.6593358627214394,
            0.9503188184946727,
            0.626844218701922,
            0.7734327593003725,
            -0.24991136997510152,
            -0.27563921432498717,
            0.6330386282233096,
            1.606596271205974,
            1.8951734514503034,
            0.4457975015841187,
            -0.876885642033878,
            -0.5651950533261336,
            -0.9071380870797081,
            -0.45038402857330256,
            -0.2804309165047589,
            -0.3559353907843101,
            1.6912324807319257,
            -0.5206384278745155,
            0.24640054457516092,
            0.8967260742577049,
            0.6703832191003813,
            0.8924276562273162,
            0.3008995455149989,
            -0.795263463846619,
            0.4074257690537593,
            0.795376901845731,
            -0.31472818067547614,
            1.155070650460884,
            0.2033239900909736,
            0.2500008998881928,
            -1.0039269727490372,
            -0.43331826518131855,
            0.024435949094663057,
            0.9591604233049843,
            -0.6996876843768598,
            0.9752544087902816,
            -0.08403329387434656,
            0.5732428386488356
        ],
        [
            0.19657092306156684,
            1.3697814245482638,
            0.5737141692374645,
            1.0038561454831592,
            0.13567023569946834,
            0.34932138903687315,
            0.6863360058049393,
            0.1698922196782761,
            -0.23209155138806795,
            -0.5896337870675802,
            -0.8337492061419182,
            0.24347801913085407,
            1.0742448996630551,
            1.0213359406234206,
            0.0,
            -0.02535114747557197,
            0.34811483649674196,
            -0.7221546807542479,
            -1.9807683485504166,
            -0.0585941359639234,
            -0.1600327308231231,
            0.44479404230686076,
            -0.11606219968173707,
            1.0518318059052727,
            -1.2040346224389415,
            0.6335470487800585,
            0.9584482377697682,
            0.63889250266941,
            0.022045094008855095,
            -0.6039354573030761,
            0.5115514723446991,
            -1.6587635065142607,
            1.5601277149760198,
            -0.15980547222259409,
            0.7650995680058651,
            -1.194074474204481,
            0.7154785969440229,
            -0.9590048056138432,
            -0.7094700417050037,
            -1.227088001734242,
            0.05869502828605282,
            0.6117653017378487,
            -0.4249826833197103,
            1.7099137593765081,
            -1.1483171818810078,
            -0.8149290417898348,
            0.8269350141711362,
            -0.05259945345055975,
            -0.6619028716651808,
            0.5741320914175536,
            1.2581064057209843,
            -0.8199062568257319,
            1.6074909604219778,
            0.4697005339464096,
            -0.25619493798165416,
            -1.769247946850409,
            -1.888081206883595,
            0.33150975397169197,
            -1.55611413495722,
            1.053835071284127,
            0.5431645885539743,
            0.04980770476907489,
            0.2668556099501132,
            -1.660085331171107
        ],
        [
            -2.2354534440643037,
            -0.4805498833662711,
            0.6794632565795493,
            1.2459803484870224,
            -1.0545990318082048,
            -0.012669504181098684,
            -0.5951451646456032,
            0.540465780361618,
            -1.4373474522555731,
            -0.7403402584722757,
            0.32135486499425325,
            0.9682068082241179,
            -1.2071011024221827,
            -3.4148302107640687,
            -0.02535114747557197,
            0.0,
            0.6634740146773204,
            -1.6015542707536106,
            -0.6087096614116294,
            0.5756820431017464,
            0.17882308452605317,
            0.019255561359100754,
            0.7547956120944412,
            0.3136381500406823,
            -1.1663381212025818,
            -1.8038849081968742,
            1.400084923745119,
            0.7425929253524001,
            -1.8174432822206887,
            -0.6639869259479203,
            1.6040426007850161,
            -3.072886448672722,
            -0.1926744563940597,
            -0.17171125520329739,
            -0.4529871287849866,
            1.7547775194590514,
            -0.005970585699969701,
            0.6470596234187309,
            -0.042603404612962546,
            0.05595932574454253,
            -0.4485947461787073,
            1.4171568265788006,
            -0.8800155892801935,
            0.8345732662917652,
            1.002608312758813,
            -0.27690433089971866,
            0.6346321827869049,
            -1.334886687220775,
            -0.3125051377824656,
            0.3654582020901454,
            0.11911563734426844,
            -0.5194556569755282,
            0.46428213081933817,
            1.259033186055733,
            0.33047115886204664,
            0.17042310019822224,
            -0.4910934901329416,
            0.2849544903825868,
            -0.08717711104841298,
            1.8752487876278043,
            -1.2093133423524518,
            0.10343709871338502,
            -0.1277902492725557,
            -0.20695245038300894
        ],
        [
            0.6689202207931535,
            0.6210326488263681,
            -1.3401639693449647,
            0.7823228440315407,
            -0.37644295915401466,
            0.5947199543838072,
            -0.27130549655978514,
            -0.4313574869390158,
            0.1782720698745699,
            0.8338941620487098,
            -0.5894775561537624,
            -1.28229140932703,
            -0.597924657231835,
            1.5678605918031767,
            0.34811483649674196,
            0.6634740146773204,
            0.0,
            0.35486775301459156,
            0.7213897362466133,
            0.7005378295620984,
            0.832382640718576,
            -1.9475265074647854,
            0.7756663255198969,
            0.5281684003618636,
            -0.20169859420348515,
            -0.26841265044476137,
            -0.5483809645162078,
            2.0444558439823877,
            -0.568999967148103,
            -1.0215304612663256,
            -0.6691884435745324,
            1.7470841095000795,
            0.7102495922183495,
            -0.7154485514660501,
            -1.0384982889921754,
            -1.219240216316019,
            -0.7030047453396326,
            -0.7675829342067256,
            0.8802877004332703,
            -0.4515345939221119,
            -0.24637404003963925,
            -0.08676853596506735,
            -0.3950967523807347,
            0.2726381542068376,
            -0.15369631105441017,
            1.1843192173112496,
            -0.589317963340986,
            -0.6921945099478081,
            0.406573448181563,
            1.5803578559110687,
            1.3283479085080012,
            -0.45832672311216843,
            -0.6000031439381219,
            -1.2555201686464441,
            -1.501781701748338,
            1.6164110009918176,
            -0.9146425772726007,
            -2.212125835108804,
            0.25261501969051775,
            -2.5916483758349296,
            -1.1174640622517675,
            0.16952339752703027,
            -1.0327804817071229,
            -0.03763024148387623
        ],
        [
            -0.35471206094998187,
            -0.7574201659238516,
            1.3377265928612323,
            -0.20885468452084752,
            -0.26676012379987624,
            -0.7892835839829738,
            -1.204383113383227,
            0.4592009238893122,
            0.09037788705306793,
            -0.577055136705388,
            0.6183689899391757,
            0.41874231575123955,
            -0.7092638993763966,
            -0.054432109557353656,
            -0.7221546807542479,
            -1.6015542707536106,
            0.35486775301459156,
            0.0,
            -1.969945521362206,
            0.13108927586583374,
            -0.5065476228475466,
            -0.31868798240331697,
            0.846848643632099,
            1.6409663257418234,
            -0.45097647671669705,
            -0.8254050898375773,
            -0.19570712778571842,
            -2.5782804837048285,
            -0.7621252320286822,
            -0.3950303853235302,
            -0.4855814689447558,
            0.5244651296944052,
            -0.040825885680172036,
            -1.2131167412162789,
            -0.6600820031026127,
            -0.8305856141308606,
            -0.6517207375344971,
            -0.8848078788815721,
            1.0397668876381065,
            -0.8783176815457849,
            1.2125050898445895,
            0.04850971510483287,
            -0.11896661694763838,
            -0.0511138910122536,
            0.4779112663134153,
            0.46480800414269563,
            -0.5982632131509056,
            -0.9547717014144439,
            -0.27210837384971037,
            -1.8038142551223557,
            0.8198848478197311,
            -1.206861630091309,
            0.1250391681425313,
            1.3363699286713733,
            2.070105132047455,
            -0.1792259773710006,
            0.4322785322418586,
            -0.5312013791401746,
            -1.0968716243375374,
            0.6149629786644188,
            1.8472529687248778,
            -1.339484796169449,
            0.6132840880638842,
            0.6008284217382948
        ],
        [
            -1.8934186498305416,
            -1.749435412631877,
            0.3806929536409613,
            -1.114677177266772,
