{
    "N": 64,
    "id": "26d133e3-34c9-4a80-84e5-e2679e160b99",
    "problem_type": "SK Spin-Glass",
    "distribution": "gaussian",
    "spins": [
        -1,
        -1,
        -1,
        1,
        -1,
        1,
        1,
        -1,
        -1,
        1,
        -1,
        1,
        -1,
        -1,
        -1,
        1,
        -1,
        1,
        1,
        -1,
        1,
        1,
        -1,
        1,
        -1,
        1,
        1,
        -1,
        -1,
        -1,
        1,
        -1,
        1,
        1,
        1,
        1,
        -1,
        1,
        -1,
        -1,
        -1,
        1,
        1,
        -1,
        1,
        1,
        -1,
        -1,
        -1,
        1,
        -1,
        -1,
        1,
        -1,
        -1,
        1,
        1,
        -1,
        1,
        -1,
        -1,
        1,
        -1,
        -1
    ],
    "couplings": [
        [
            0.0,
            1.4466922690439334,
            0.3960804862984964,
            -0.7295138473169274,
            1.78447080762842,
            -1.1038489261633218,
            -1.6198423450294444,
            -1.0375941007716334,
            -1.4612182347181657,
            -0.39017712895154216,
            -0.21629173467828908,
            1.658614129532194,
            1.9403774770870452,
            0.6900048821597209,
            -1.0593162098580513,
            -1.1852249354064524,
            0.37901765149919087,
            -0.8837216474859273,
            0.19386151494562137,
            1.223067640846392,
            -0.5767808349391012,
            1.6906994584566648,
            -0.6056217778008373,
            -0.37054903346691476,
            -0.048760136430443045,
            1.1647490363679416,
            -1.830743893865712,
            -1.6625247767048548,
            0.09090887890955726,
            -0.20789677792487085,
            -0.5776896430793972,
            0.43823003125776383,
            -0.17861968027056754,
            -0.4746797346684021,
            1.3557102237725946,
            -0.0740985281170227,
            0.8256660255350351,
            0.3094785567395428,
            0.9358400554121205,
            1.4606034366403686,
            -0.08928499816173499,
            0.39014725557821955,
            -1.5025311832697534,
            -0.5278460004902239,
            0.25050520349206234,
            0.009996205204959568,
            -1.6043513546748382,
            -0.8478817251038121,
            -0.20468384820650037,
            -0.520639694247197,
            -0.3350405196912513,
            0.25950287723734006,
            -1.023561152195553,
            0.8092981087342457,
            -1.3941258568354526,
            -1.6539992604578653,
            0.23552093365532994,
            -0.712999197714091,
            -1.7716052781507423,
            -0.01185246725960406,
            0.5981952250621128,
            -0.3362146305819447,
            0.17465573336348206,
            0.20282982396925478
        ],
        [
            1.4466922690439334,
            0.0,
            2.112562127202459,
            1.1525166544105259,
            0.7195240580012165,
            0.8518493697090755,
            -0.48415912333980954,
            0.7931848240287407,
            -0.8656808015961412,
            0.18427508205263804,
            0.5873632609371092,
            0.9520458223866233,
            -0.5942746451273659,
            0.03744786634184351,
            -0.5959566101045528,
            -0.3213607174204056,
            0.6934667412813894,
            -0.14886103939578002,
            -0.952998265252231,
            -0.3529117396483687,
            2.5720031535045527,
            -0.15153672010296473,
            1.9450044888650369,
            -1.0611972629104471,
            0.2462353351299207,
            -0.3510413335152734,
            0.3509198958571977,
            0.27071998165029804,
            0.32318196463021126,
            -0.34414244909041997,
            -0.36047724407305504,
            0.057815812846808874,
            -1.158274034646104,
            1.2913799932900512,
            -1.057134300766689,
            2.2545102934989836,
            0.22310647658687663,
            0.2602403457868257,
            -0.3280536817484443,
            0.2282904505809046,
            -0.08934584760331872,
            1.4457202663176107,
            0.3440090563589173,
            1.4919954591629268,
            0.16314633491792396,
            -1.118148096550438,
            0.9338082065436519,
            -0.8924944089020277,
            1.251824057801848,
            0.21208582066836848,
            1.0980123668895578,
            -1.0626953960292602,
            -1.9281171714195096,
            -0.7295269997336672,
            -1.4572790932012758,
            0.1375387747229572,
            -0.3766043587028948,
            0.40710831226942173,
            -0.37636317230023925,
            0.14344465200588397,
            1.2546869922624369,
            -1.6009929005157262,
            0.3646426039891667,
            2.222268525427924
        ],
        [
            0.3960804862984964,
            2.112562127202459,
            0.0,
            -0.4812022760516689,
            -2.119484356801438,
            0.36951311137876575,
            -0.8871495615320084,
            0.2540838499463695,
            0.10637373496285626,
            0.21571168176478842,
            0.3695522092634649,
            0.49258050405524695,
            -0.1073709773964423,
            -0.6456991379379017,
            -0.0749701967249351,
            -0.9184002229629249,
            -0.14077235876286567,
            -0.8607834768368998,
            0.4694292937385916,
            -0.6116045907636063,
            -0.9995328566146345,
            -2.2497074515350226,
            -0.6029053155091513,
            -0.2656411733679897,
            -0.19615050857237307,
            0.908824108616792,
            -0.21578409634673307,
            0.12855294918549107,
            0.7612248230446191,
            1.0225901184579833,
            0.9957975976628182,
            1.2510464648459627,
            -1.0503125327684306,
            -1.49548505673549,
            0.7362275387455354,
            0.5719249352283868,
            0.5271358046875875,
            1.8482938113572032,
            0.13615139578340507,
            -0.8599994528572706,
            0.732119614183022,
            0.3656465610549801,
            0.43594915026125836,
            -0.277917402948215,
            1.3006686781712569,
            0.7802625471684931,
            -0.5582181266748869,
            -3.7407789316699844,
            0.32903605154236526,
            -0.3540198930669739,
            -0.20338791292334107,
            0.929279577042628,
            -0.24108351702004047,
            0.16179691282884506,
            0.52740036536002,
            -1.2539791514930434,
            -0.15996615207703185,
            0.34908507799973443,
            0.7493691277339345,
            -0.5678819852924284,
            -0.009139533487904103,
            0.4118904655425723,
            -0.44490512869937565,
            -0.9420089520085996
        ],
        [
            -0.7295138473169274,
            1.1525166544105259,
            -0.4812022760516689,
            0.0,
            -0.10075026537153148,
            -0.5832640763616024,
            -0.432178554069124,
            -2.2421306025561987,
            -1.3658622801982836,
            -0.5940741138165093,
            0.11898625101363348,
            0.6093525793817313,
            -0.06837406912815128,
            -1.513891117555279,
            1.3185743157901555,
            0.02017479311474113,
            1.5548290362457555,
            -0.4534796312055984,
            -1.4034694733129234,
            0.21615352622372275,
            1.8005272812683628,
            -0.8812668176355776,
            -0.9798286221434267,
            -0.3470749192540001,
            0.7407265430932135,
            -0.4096817731376159,
            -0.2879027064553697,
            -0.9040217641213971,
            2.4015331291380204,
            -0.08645756419583843,
            -0.6795068647396375,
            -0.6090505622320059,
            -0.9975549070776919,
            0.7719587582253545,
            0.5678663421363367,
            0.7520484445541877,
            -0.34880544506835987,
            -0.7481748235819287,
            -1.1580306111374454,
            0.3351431097348904,
            -1.2786250932617325,
            -0.38018092235682255,
            -0.06978808712253014,
            -0.7109759512432181,
            0.7927256163069689,
            -0.5493035530473281,
            1.16018630032885,
            -1.0576093129113942,
            -1.4438948848329756,
            -2.217200862298157,
            -0.34102151828620986,
            0.8159377531956433,
            -1.0637977278711936,
            -0.011107584452419429,
            -1.3858304155661614,
            -0.9413601731633748,
            -0.5417805179706503,
            0.4248214006642634,
            -0.9467401272596186,
            -1.5402121113955296,
            0.7277218467734082,
            -1.588691291353623,
            -0.16598469956163578,
            -0.05330174602095867
        ],
        [
            1.78447080762842,
            0.7195240580012165,
            -2.119484356801438,
            -0.10075026537153148,
            0.0,
            0.15974919357458472,
            -0.29394084803482806,
            -0.5604294060812425,
            -0.9398897912231116,
            1.3408148616357747,
            0.45133439343866405,
            0.3663615827898518,
            -0.15372686031175936,
            1.0846530197290138,
            -0.15811494204313623,
            0.940534160843943,
            0.9653062453517208,
            -0.0709809245861334,
            -0.5054429248917623,
            -0.21692757366667847,
            -0.030374438178690583,
            1.3162798970691543,
            -0.8624631375318913,
            -0.35982202611557546,
            -0.4687179022257003,
            0.38268462421098026,
            1.7416818354120904,
            1.6981180013246753,
            -1.8765864789131523,
            -0.07382665470463656,
            -0.35281555034553036,
            0.964269169767456,
            1.4841285183825428,
            0.11872395934505882,
            0.5730631604850763,
            0.3124802590930165,
            -0.3635430632033338,
            1.502545377788262,
            0.1446158392854556,
            0.6353072023556089,
            -1.429168504488726,
            1.0137858596137514,
            -1.468491456682405,
            1.9098219501242149,
            -0.6490645841032906,
            -0.11697942151677998,
            0.8776020714689303,
            0.24974517922026812,
            1.9416235196999736,
            -0.6865246517315597,
            -0.4644063007805456,
            -0.29019805361938256,
            1.3329955683717705,
            0.6686140214766967,
            0.4659386804217366,
            0.2245633903976858,
            -1.135975349038001,
            -0.3404806001066385,
            -1.1914111774935394,
            -0.4011190756838814,
            1.2257572214669266,
            0.41439854429625617,
            -0.8002381057159407,
            -1.75775230693639
        ],
        [
            -1.1038489261633218,
            0.8518493697090755,
            0.36951311137876575,
            -0.5832640763616024,
            0.15974919357458472,
            0.0,
            -2.4103194248284674,
            0.4011141020904103,
            -1.7725637674519898,
            -0.8336345816916094,
            -1.5956227437425634,
            -0.3741897556100504,
            0.9060843456642059,
            0.09571461597090611,
            -0.7269100107864584,
            1.6722767117447568,
            -0.7305368097149756,
            0.4937862172164158,
            -0.7950978375617944,
            -0.028891289966047975,
            -0.5864977203528303,
            0.9239893950393342,
            1.419406227358531,
            -0.46321679099120666,
            -0.8989141750223683,
            0.35711462582848535,
            1.5896945527895003,
            -0.2512432395162311,
            -0.8126429692151361,
            -0.452000468829909,
            -1.2485054102799384,
            -0.6516496796681441,
            -1.5604084488667724,
            -0.525273378230362,
            -0.43922757036618837,
            -0.8375297491286589,
            -0.12917997066458564,
            0.18660709585419819,
            0.7355343178579865,
            -0.36961278351393495,
            -0.9244616567961775,
            0.6368751595924297,
            0.3880191549881659,
            0.5985357235865859,
            1.3510805036931195,
            -1.0498470223926848,
            -1.760319381840333,
            0.4372725641854434,
            0.10138294502907727,
            -3.9093646277210965,
            -0.8659960546128898,
            -0.1951798985353682,
            -0.8320286657792929,
            0.5426059850579917,
            0.7191326255655168,
            -0.6417581370090776,
            1.9100205640961048,
            -0.0997794654743955,
            0.024892089553452245,
            -1.9158097770485916,
            0.8134024016469913,
            0.9583706061945276,
            0.11927311754823257,
            0.8455861405235588
        ],
        [
            -1.6198423450294444,
            -0.48415912333980954,
            -0.8871495615320084,
            -0.432178554069124,
            -0.29394084803482806,
            -2.4103194248284674,
            0.0,
            -0.36372086293347533,
            0.3475979936003063,
            -0.23027204564277692,
            -0.111873295951718,
            -3.104579518380545,
            0.18646750266990147,
            -0.44317708394337846,
            -0.6198538165754048,
            0.9251036793888915,
            0.8420740899002704,
            0.29623539617513783,
            -2.3162230515508404,
            0.0648152642451604,
            1.7762614134499197,
            -0.6406952683269488,
            -0.24899675657593057,
            -1.773349372954247,
            -0.6895471665091727,
            2.0818999565304135,
            1.2687370004254814,
            -0.7782248470958114,
            -0.3952672383711808,
            -1.5411238946448684,
            -0.3459210534394504,
            -0.08556985927063325,
            -0.5718810202643203,
            -0.1833394793366749,
            -0.2712576027826814,
            -0.38455250757928056,
            0.09482089918192854,
            -0.6787417785243292,
            -0.31407834095182885,
            -0.18903258301192097,
            0.6765427359374581,
            -1.1911646457244933,
            -0.9624174273369992,
            -1.3148515929949098,
            -1.3757834913158253,
            0.7720544187650811,
            -0.3270884396128715,
            -1.9042847054659608,
            -0.3399128072820322,
            -1.0923240441594362,
            1.9785275952977646,
            -0.880835184441849,
            0.7721793939583402,
            -1.1718113578689804,
            -0.7524661236158425,
            -0.06031616281019294,
            -2.1107836306850682,
            -0.8330707602763895,
            -0.4806670691796616,
            1.1421510400907353,
            0.14535146065586926,
            2.0224323336061083,
            -2.2185525964717936,
            -0.5286696898328492
        ],
        [
            -1.0375941007716334,
            0.7931848240287407,
            0.2540838499463695,
            -2.2421306025561987,
            -0.5604294060812425,
            0.4011141020904103,
            -0.36372086293347533,
            0.0,
            0.7377495253432452,
            0.556189878325062,
            0.06426103928153701,
            -0.6813237163827357,
            1.165209969524869,
            1.617858733062195,
            -1.971225675447255,
            -0.6553309700294276,
            -0.28258726445043786,
            -0.9785054595029624,
            -0.006870774386474462,
            0.07724325703224172,
            -1.896053205717015,
            -0.20062699924907712,
            -0.7669602830408393,
            -1.4787214930278165,
            -0.4602210438253314,
            -0.5170489247032592,
            1.0427514590909062,
            0.12488929992663357,
            1.2450240167097772,
            0.8961383947085484,
            0.29676331601513106,
            0.35659654450072115,
            -0.7846636942497539,
            0.664224163764182,
            -0.24911346133519177,
            1.007898740010036,
            0.3278231588580333,
            -0.18683938530519478,
            0.6834051190770909,
            -0.6300709626258139,
            0.18524100567814852,
            -0.4528345626132461,
            0.08751895649102115,
            0.8180015245431698,
            -0.09799578664416052,
            0.44659197341610657,
            -0.7344813667745529,
            1.2049298613077686,
            1.246056821039033,
            0.8961600783530738,
            0.9227249125157578,
            1.5232327414734688,
            -0.8083440006992425,
            1.6096334191596255,
            0.16616052726626282,
            -0.2077232314912744,
            0.5569515776635482,
            0.0907862178010529,
            0.06172305914645899,
            -0.6039342431356788,
            -1.794461392120094,
            -0.3627526583820474,
            1.1450112490941893,
            1.015118447553402
        ],
        [
            -1.4612182347181657,
            -0.8656808015961412,
            0.10637373496285626,
            -1.3658622801982836,
            -0.9398897912231116,
            -1.7725637674519898,
            0.3475979936003063,
            0.7377495253432452,
            0.0,
            0.46999922322220017,
            -0.5521288071361918,
            1.6672513013277108,
            1.0086863987182002,
            -0.7213984128122516,
            -0.7852104242383783,
            -3.481258277199687,
            -0.5882493306864015,
            -0.9450388936686239,
            1.4879829581460469,
            0.7439288102583865,
            0.5535149758273475,
            0.03447650428157384,
            0.11268357203312312,
            0.08067440591790279,
            -0.3748135334021195,
            -0.10914480762676229,
            0.21477823037345384,
            0.9662957859076324,
            1.1167792754650812,
            0.1433522107477068,
            -1.0382221058309749,
            -0.4429432989169332,
            -0.16976942125304545,
            -0.09367758524315198,
            -1.6581168311210703,
            -1.9681647834471492,
            0.1300085946295784,
            0.7409628099204373,
            0.044561860618678326,
            0.3998828960135016,
            -1.0771819588558973,
            -2.335215202917093,
            -0.2703258496209473,
            0.6973535518414787,
            0.6356346276599799,
            -1.0272146988371182,
            0.9080456901598303,
            -1.7694477531254114,
            -0.6097483997677886,
            -0.7235924788562504,
            -1.992601945402193,
            1.078503993315974,
            -0.6442097210893731,
            -0.00323410239538721,
            0.8628576528477199,
            -0.2374140614419322,
            1.026913813516895,
            0.3542281397495803,
            0.10154359862934197,
            -1.6852505120054837,
            0.5977073329703889,
            0.691119780563147,
            0.6754568054767154,
            -0.288532359447278
        ],
        [
            -0.39017712895154216,
            0.18427508205263804,
            0.21571168176478842,
            -0.5940741138165093,
            1.3408148616357747,
            -0.8336345816916094,
            -0.23027204564277692,
            0.556189878325062,
            0.46999922322220017,
            0.0,
            0.45847461919391674,
            -1.3485867186612515,
            0.2169086581200929,
            0.5551405719899201,
            -0.14689582501152373,
            2.0649146411646906,
            -1.8897592288797462,
            -0.3728088343162442,
            0.40267727225164945,
            -0.09351933767579193,
            1.1566374209169097,
            -1.7183375003691552,
            0.40896533873116925,
            0.42148023669631457,
            1.052247746474323,
            -0.6840732797582503,
            -0.7577033467872759,
            0.8161414932953471,
            -0.20283682686760462,
            -1.5471660491044756,
            1.5555402256961148,
            -0.0837397317834841,
            0.9526347732546595,
            1.9422429246030588,
            1.6664505151846536,
            -0.7074882324520579,
            -0.5151724602616065,
            0.22976120211334017,
            -0.6858719006581351,
            1.722191368533733,
            1.1608527076769803,
            0.26764890738064917,
            0.9645746585770545,
            -1.681583412895159,
            0.04955650819100344,
            -0.1933088551656698,
            -1.0838750284677956,
            -0.11470945765687257,
            -1.5723188721639492,
            0.72055276366459,
            0.25119150180181615,
            -0.9034809227986795,
            -0.5137955674439447,
            -0.5950670281606123,
            -0.2911953540286298,
            0.40354751711635223,
            -2.8268230336874316,
            -0.6325921399027638,
            0.5889689498180916,
            -2.067499842085786,
            0.8614137498872964,
            -0.0675316489212467,
            -0.5099132584467856,
            -0.06931627072169692
        ],
        [
            -0.21629173467828908,
            0.5873632609371092,
            0.3695522092634649,
            0.11898625101363348,
            0.45133439343866405,
            -1.5956227437425634,
            -0.111873295951718,
            0.06426103928153701,
            -0.5521288071361918,
            0.45847461919391674,
            0.0,
            0.7144486450796914,
            0.43865378377766207,
            -0.5250250712676536,
            -1.4599909885307,
            -0.4739172927567911,
            -0.12827941809842217,
            -1.0027532765567488,
            -0.6207422463973795,
            0.9626317010639642,
            1.4082032322029576,
            -0.5715339401087176,
            0.25261515555265035,
            1.0616491598245779,
            -0.8727812542728263,
            -1.9470133431078311,
            -0.40373383966009896,
            -1.1653759167121711,
            1.2325181762389643,
            -0.5191547723056689,
            0.5794920433568777,
            -1.7484441338420176,
            -0.2653495266585045,
            0.8873210172545067,
            -0.7625218770147522,
            0.6771732992020514,
            -2.2669926032100105,
            -1.5570209449810717,
            -0.14877666086922248,
            0.4090211571806739,
            -0.631006804014572,
            0.8498153950502649,
            -0.6527300743186764,
            0.1265312316519082,
            0.021887148603589375,
            1.2621374422743248,
            0.8396899989525237,
            -0.6130078157320065,
            0.8144706717942407,
            2.1005927263389528,
            0.47905185443714093,
            -0.8227241919278819,
            -0.9053306210379586,
            0.20298372196566603,
            0.655968340100112,
            -1.4416643314382882,
            -0.8709972728434718,
            -2.092387904562296,
            0.009170058443303314,
            0.9507442517728945,
            -1.810614756131888,
            1.0530249462052965,
            0.2869207967077261,
            1.1029157897265645
        ],
        [
            1.658614129532194,
            0.9520458223866233,
            0.49258050405524695,
            0.6093525793817313,
            0.3663615827898518,
            -0.3741897556100504,
            -3.104579518380545,
            -0.6813237163827357,
            1.6672513013277108,
            -1.3485867186612515,
            0.7144486450796914,
            0.0,
            -0.25062847346077427,
            0.21129982377011536,
            -0.3664952325659806,
            1.3350127815163035,
            -1.2224455651309727,
            0.6728656523925023,
            0.7634034079502474,
            0.4542114009139229,
            1.4593071278757834,
            -0.6383315189184415,
            -2.0450768331593157,
            -1.3555261778032803,
            0.6801725174123329,
            -2.065495667960248,
            -1.1693863585155115,
            -1.3488984242868354,
            -1.8653876992519196,
            -0.7622619553614193,
            -0.16543335619768107,
            -0.008457249803737027,
            0.1761989241785644,
            0.33291920918293844,
            0.5185123720969284,
            -0.1740512165473438,
            -0.7499970860587816,
            0.3730531449854954,
            1.118850952078241,
            -0.019062718314215552,
            -0.1569517336298041,
            0.10250748965853282,
            -0.1859101178340386,
            -0.43485853756080123,
            -2.00182773277235,
            -0.7863720043092305,
            -0.6776494546143688,
            -0.33783884595777647,
            -0.40897909200714866,
            1.140958769183696,
            1.9299460234794885,
            -0.7499958709778369,
            -0.821707039605633,
            -1.3729021727744228,
            -1.5736832294681897,
            0.7660559981551767,
            -1.2977474805828937,
            -1.8818928749859767,
            -0.930569969008468,
            0.29586041208011576,
            0.39725797135780766,
            -1.6501541189858555,
            1.2059180983334337,
            -0.22130687712725258
        ],
        [
            1.9403774770870452,
            -0.5942746451273659,
            -0.1073709773964423,
            -0.06837406912815128,
            -0.15372686031175936,
            0.9060843456642059,
            0.18646750266990147,
            1.165209969524869,
            1.0086863987182002,
            0.2169086581200929,
            0.43865378377766207,
            -0.25062847346077427,
            0.0,
            1.4610950567668184,
            -0.03495724676027428,
            -1.0884094877755188,
            0.8585281957552713,
            0.9082904152523765,
            0.2450276553767407,
            0.5761849314481923,
            0.08467220919668124,
            1.1489342994761158,
            -0.6663759667992214,
            1.973967341266045,
            -0.45959888916019553,
            -1.3708038607857853,
            0.31451832490572496,
            0.45581653212663475,
            -0.3210776798419223,
            -0.19218602332618043,
            0.06073858966911507,
            0.38789004875342703,
            0.7456386244302532,
            -1.1741364713465234,
            0.6622874762254445,
            0.05797052268690934,
            -1.5033544778713532,
            -0.2157147526785306,
            1.0681455304420773,
            -1.0239768245647205,
            0.3117176914759101,
            -0.0332353838874268,
            -1.0830738431370248,
            1.541028293590933,
            0.3265276010529802,
            -1.7875766778534001,
            0.4222700954100173,
            -0.5968211735189841,
            -2.1947115786931075,
            -1.487184373801329,
            0.8242165970359336,
            -0.4222018512366591,
            1.539162636224565,
            0.2573490008073598,
            2.6721763810661368,
            0.8452396132567179,
            -1.170053515159206,
            2.7780279484673405,
            0.599559057767322,
            0.24230719512669233,
            0.46773886101221374,
            -1.2526743665410056,
            0.9339834696949024,
            1.1014661659148923
        ],
        [
            0.6900048821597209,
            0.03744786634184351,
            -0.6456991379379017,
            -1.513891117555279,
            1.0846530197290138,
            0.09571461597090611,
            -0.44317708394337846,
            1.617858733062195,
            -0.7213984128122516,
            0.5551405719899201,
            -0.5250250712676536,
            0.21129982377011536,
            1.4610950567668184,
            0.0,
            0.7504854120446401,
            -0.03162139800382517,
            0.1446509421292701,
            0.15339003375514193,
            0.005319648133591569,
            -0.4126602359204132,
            0.9790549358533599,
            1.6505509029613938,
            -0.7862119826236841,
            -0.048454067006618376,
            0.08217319910055171,
            0.5724917579150186,
            -0.4223870310086474,
            -0.8064322978953585,
            0.2064944217690021,
            -0.04502723212686827,
            -1.1142296601278399,
            -0.7164979348106156,
            0.8743683024954696,
            -0.65151690877376,
            -1.3131031015178511,
            -0.09288363983873445,
            -0.022496517306147237,
            -0.5806620946842996,
            2.173227200829642,
            1.3318032837085545,
            -0.5293667684080161,
            -2.351378295576245,
            0.4151148711641827,
            1.311886554548022,
            0.0939256641623368,
            -1.154897911889964,
            -0.31884665256867184,
            0.45252363347416336,
            -1.5016576972357767,
            1.3655056600325668,
            0.2741214151325308,
            0.024958295659754222,
            0.5871701139391874,
            0.8716271504475874,
            -0.7818793431413982,
            0.5292872623828607,
            1.4786787431298332,
            -0.21448370096784283,
            -1.8286945661226361,
            0.968012882815938,
            -0.3003447345150526,
            -1.0372815013726262,
            -2.283794785540382,
            0.4208451239562781
        ],
        [
            -1.0593162098580513,
            -0.5959566101045528,
            -0.0749701967249351,
            1.3185743157901555,
            -0.15811494204313623,
            -0.7269100107864584,
            -0.6198538165754048,
            -1.971225675447255,
            -0.7852104242383783,
            -0.14689582501152373,
            -1.4599909885307,
            -0.3664952325659806,
            -0.03495724676027428,
            0.7504854120446401,
            0.0,
            0.3775995333265216,
            1.1291133481480597,
            -0.7419041020295108,
            -0.15093597324270291,
            0.9160573127826905,
            -0.9722329337856589,
            -0.056384038354720764,
            -0.2083022332715025,
            0.13781997884296418,
            -0.5625527149584857,
            0.5017212490553902,
            -0.06328584677743576,
            -0.2925987126280583,
            1.91198562042397,
            -0.3642477658150176,
            -1.60542351514378,
            -0.8327961482667887,
            0.22613062499654363,
            -0.358368326461808,
            -0.5432681618868886,
            -0.5143850482265665,
            -0.5269311788328279,
            -0.9268183332983574,
            -0.07165772152908535,
            -1.939584020160804,
            -1.7114114475959017,
            -0.22435614743759008,
            -0.713513847091513,
            -0.04580770699882178,
            1.139235636295312,
            -0.36720966126699545,
            -0.468828156104787,
            -1.3667063865151674,
            0.3353940891976186,
            -0.511330166605192,
            1.2670559513446142,
            -0.9438419076588812,
            0.9831483997911046,
            0.7883353888718944,
            -0.5930089898286406,
            1.6243465329173052,
            -0.016526195358036955,
            -0.979270555057618,
            -0.12056168721965005,
            -0.545639057606538,
            0.8877932066133349,
            0.2563610179052098,
            -0.799608258298823,
            0.7016408987738234
        ],
        [
            -1.1852249354064524,
            -0.3213607174204056,
            -0.9184002229629249,
            0.02017479311474113,
            0.940534160843943,
            1.6722767117447568,
            0.9251036793888915,
            -0.6553309700294276,
            -3.481258277199687,
            2.0649146411646906,
            -0.4739172927567911,
            1.3350127815163035,
            -1.0884094877755188,
            -0.03162139800382517,
            0.3775995333265216,
            0.0,
            0.04904296227086045,
            -1.7472760166274255,
            -0.897298618914939,
            0.13994660765638883,
            0.15189320417451052,
            0.37056843855545696,
            -0.2750396816820307,
            -3.0168647415055565,
            1.3437913033662252,
            -0.7834958719895253,
            -0.007122976143509,
            0.20101938451931464,
            -0.42595787680086916,
            -0.592160086295003,
            -0.8321098270331251,
            0.32332462778464227,
            -0.05716390907369526,
            1.8888408129092964,
            0.8460465504181327,
            -0.2763778161657908,
            0.12441212772573096,
            -2.227827986291767,
            1.2350393465728813,
            -1.05167934655056,
            -1.286719139460519,
            0.4740752010155265,
            -1.0021453963542954,
            -0.2667222215859306,
            -1.9868458751933664,
            1.1106711809655374,
            -0.668727888914412,
            1.8457144460305475,
            -1.1526039836371658,
            1.3251636980668813,
            -1.1058068931321072,
            0.27123649416817414,
            -0.7100681332272404,
            -1.2715589726870216,
            -0.15467091969693328,
            0.06753316304421036,
            -0.3699428673233379,
            -0.41029973010043136,
            -1.165050841726483,
            -1.5408475875539147,
            0.4047780493835525,
            -2.0628803549270613,
            0.7488604221827638,
            -0.9432817831161251
        ],
        [
            0.37901765149919087,
            0.6934667412813894,
            -0.14077235876286567,
            1.5548290362457555,
            0.9653062453517208,
            -0.7305368097149756,
            0.8420740899002704,
            -0.28258726445043786,
            -0.5882493306864015,
            -1.8897592288797462,
            -0.12827941809842217,
            -1.2224455651309727,
            0.8585281957552713,
            0.1446509421292701,
            1.1291133481480597,
            0.04904296227086045,
            0.0,
            0.02248922492005253,
            -0.8522347006372899,
            -0.26448876633156637,
            -0.9863141793227803,
            -0.2571158654108446,
            -0.42611545246128746,
            0.15774443118195836,
            0.775754735084949,
            -0.04771784728994715,
            0.2953398139606692,
            0.3283859502159639,
            0.306901427374159,
            0.1509210098117699,
            0.07095184967983577,
            -1.0613448624406514,
            -0.33656507133619834,
            0.19533836645201072,
            1.6300096173635605,
            -0.353655206938322,
            0.4772759778954661,
            0.49137553670925926,
            -0.19147408610213043,
            0.2222712748905116,
            0.3172746123163191,
            0.7553197582620602,
            1.4234095729735696,
            1.3450944163375225,
            -0.13769348837576403,
            -0.319410447727932,
            0.5958787755376691,
            -1.5718476295286279,
            0.27300725223299616,
            0.06345993544110487,
            1.3814864658655601,
            -1.5196881626399696,
            -0.12167526885664919,
            -0.5690517824923896,
            0.7013505711867744,
            0.0038110494525562637,
            0.5641918518066019,
            -0.01365311047662739,
            0.9038674641112474,
            0.5334007003746686,
            0.6003322050794199,
            1.4163292135879992,
            0.8020044050523764,
            1.679177992657866
        ],
        [
            -0.8837216474859273,
            -0.14886103939578002,
            -0.8607834768368998,
            -0.4534796312055984,
            -0.0709809245861334,
            0.4937862172164158,
            0.29623539617513783,
            -0.9785054595029624,
            -0.9450388936686239,
            -0.3728088343162442,
            -1.0027532765567488,
            0.6728656523925023,
            0.9082904152523765,
            0.15339003375514193,
            -0.7419041020295108,
            -1.7472760166274255,
            0.02248922492005253,
            0.0,
            -1.5032637121993575,
            -0.541398929071227,
            1.3496084192742515,
            -2.018859833033081,
            -0.49715510212682024,
            2.2786648278438597,
            2.080594553713612,
            1.3003597074939506,
            0.21371414619248877,
            -0.8734261661756836,
            0.5434283233390349,
            -0.8647341591781865,
            -0.5634712411492606,
            1.0747616727290217,
            -0.5615955733344045,
            0.06445154248503922,
            0.16059015637499452,
            0.8250585555156665,
            2.6281050869492053,
            -0.14244285315252872,
            1.545560491255261,
            0.6245159458381151,
            0.6508311660131939,
            -0.5087149691346251,
            1.2646622406463996,
            0.8952967772549115,
            0.6922859441355067,
            0.11589075435536123,
            0.10999402187754943,
            0.5540724253283493,
            2.2331260161759765,
            1.041595145139574,
            -0.17331313998093126,
            -0.5775141988892594,
            1.1293311040297307,
            0.29618255131204535,
            -0.987336585154076,
            -0.6812258194794595,
            -1.7129014267655416,
            -1.5453211755268326,
            0.8254975604666439,
            -0.29898239020813644,
            0.15560343035655771,
            -1.0601608845218757,
            0.19527792110847222,
            0.9730616953708998
        ],
        [
            0.19386151494562137,
            -0.952998265252231,
            0.4694292937385916,
            -1.4034694733129234,
            -0.5054429248917623,
            -0.7950978375617944,
            -2.3162230515508404,
            -0.006870774386474462,
            1.4879829581460469,
            0.40267727225164945,
            -0.6207422463973795,
            0.7634034079502474,
            0.2450276553767407,
            0.005319648133591569,
            -0.15093597324270291,
            -0.897298618914939,
            -0.8522347006372899,
            -1.5032637121993575,
            0.0,
            -0.5601642084574165,
            1.5830729725163264,
            -0.03128716626633784,
            -1.141259462325514,
            -1.8467733742198518,
            -0.5937078342465137,
            -1.1915066724029253,
            -0.2795580582163992,
            0.8431648261290993,
            0.7930273390650682,
            0.9712361692344125,
            -0.16676168949506937,
            -1.0829035173180281,
            0.8843601982603209,
            -1.1390283047651821,
            0.6205341247152684,
            0.5278206315859195,
            -2.022364756136028,
            -1.748601310334392,
            -0.4320151278094014,
            0.11013799895676844,
            0.9722347829673929,
            -1.2861150760254774,
