{
    "N": 64,
    "id": "4fbbd1dc-1cb3-41fe-abcd-f891940f6d87",
    "problem_type": "SK Spin-Glass",
    "distribution": "gaussian",
    "spins": [
        -1,
        1,
        -1,
        1,
        1,
        1,
        1,
        -1,
        -1,
        -1,
        1,
        1,
        -1,
        -1,
        -1,
        -1,
        -1,
        1,
        1,
        -1,
        1,
        -1,
        1,
        -1,
        1,
        -1,
        1,
        1,
        -1,
        1,
        -1,
        -1,
        1,
        1,
        -1,
        -1,
        1,
        -1,
        1,
        1,
        1,
        1,
        1,
        -1,
        1,
        1,
        1,
        -1,
        1,
        -1,
        1,
        1,
        1,
        -1,
        -1,
        1,
        1,
        1,
        -1,
        -1,
        -1,
        1,
        1,
        1
    ],
    "couplings": [
        [
            0.0,
            -0.9636836432859468,
            2.197871938322495,
            -1.323035559983782,
            -0.9476143809642115,
            -0.3987650707106103,
            0.34169772271985444,
            1.1200187233448322,
            -1.9811463854697284,
            -0.44406909693086344,
            -0.9721253333314706,
            -0.2903407486305914,
            1.3132374495409067,
            0.7486414306594947,
            0.015810845769724205,
            -1.8606943264235276,
            1.9301068178549468,
            -1.5136899742301204,
            -1.6340944734800444,
            0.8062798882945639,
            -0.3629917706389962,
            -0.18492478704696885,
            -0.2973379576662937,
            1.557269828584612,
            -0.423652655095815,
            0.8738916300658135,
            -0.4153806481662125,
            1.9263600140817505,
            -0.48265054054004586,
            2.0499713037652234,
            -0.27250605192682903,
            1.048169182874419,
            0.06986653964468102,
            -0.29771240127392234,
            -0.4567103895692297,
            0.149562550318007,
            0.3745093743731454,
            1.3251610955093984,
            -0.19680395515301077,
            -0.8042894408684079,
            1.0704708100848814,
            0.6246179670225354,
            0.237716341104413,
            -0.43553457387669303,
            -1.0958346599715791,
            -0.24206450173540037,
            1.8044557529518843,
            -0.19338819856410516,
            -0.39084478802112355,
            0.2656129562031767,
            -0.18155952768533867,
            -0.5400653775660095,
            1.6953137269348684,
            -0.3273404917170103,
            1.4098298720947915,
            0.612949061043051,
            0.18357843055668224,
            0.34080360593711895,
            -0.8220234479702199,
            -0.3636382530680618,
            -0.5261580958318754,
            0.896268369167565,
            0.6422922445711154,
            2.365987223268381
        ],
        [
            -0.9636836432859468,
            0.0,
            -2.55363919218746,
            -1.4332029049337696,
            0.6806986445495528,
            -1.0210535051328526,
            -1.3004454026566457,
            0.47206851711245545,
            0.35545601770203067,
            -1.1667702089441603,
            -1.5971580600705648,
            0.5879264089450017,
            -1.3789574110010878,
            0.3849875805546634,
            -0.9421863074793141,
            -1.5104790578304352,
            0.714994591472881,
            -0.0654283217671994,
            1.3617074995729255,
            -0.2732482783383708,
            -0.24342578396732364,
            -1.4168760189173149,
            1.2138026377172852,
            2.2967506718617816,
            -0.48588550690078797,
            -0.3157153927349657,
            -0.4336168409703575,
            1.7558457350141903,
            -1.3248889335665732,
            0.4364072491268609,
            1.944541826964327,
            2.205315569265354,
            0.4819319426437121,
            0.31985816872442396,
            0.8235887007431042,
            -1.7898586232325455,
            0.12809845879115542,
            -0.6348232775864827,
            2.6497746593788905,
            -0.0016050402282802622,
            1.2896646390806434,
            -0.7475875326127996,
            -1.9661643636096726,
            -1.8514299924665634,
            -0.9497541956558181,
            -0.6837893014429818,
            -1.4673860743966807,
            0.6695562239228439,
            1.4181998155963764,
            -0.09125295854855235,
            0.4463891038954324,
            -0.11101471038488857,
            -0.4670553165079667,
            -0.3102990807604776,
            -0.854442683610366,
            1.275765502036542,
            0.7738884204780129,
            1.512544437863564,
            -1.144103576844416,
            -0.198704945794216,
            -0.06772700496480721,
            -0.26105176071831887,
            -0.6455085389505194,
            -0.704458818980258
        ],
        [
            2.197871938322495,
            -2.55363919218746,
            0.0,
            0.31625611597385844,
            -1.5313068112756452,
            -1.0474635661167846,
            1.1002450772055505,
            2.620955671819927,
            0.35260130218774965,
            -0.5553096962516085,
            0.14646169295429254,
            0.8745498816359714,
            0.4185849105654788,
            -0.046148672514410696,
            1.7041902955072918,
            0.7252414638409886,
            0.4430606104916299,
            -1.5251026808928627,
            2.2364896159302567,
            -0.936529862346546,
            -0.7058747043344968,
            -0.2753223776653033,
            1.261646832136996,
            0.6272198867335042,
            0.4324685691602361,
            -1.6505324062082223,
            0.3566904694118917,
            0.6971369811411984,
            0.027851934384417628,
            1.5337312340209774,
            -0.525162595728425,
            2.0250451826327485,
            0.6417520825579008,
            -0.16430642067450016,
            -1.0055805059411533,
            0.07273268821921203,
            0.0024715833431490945,
            1.4873808087565128,
            1.4945047106163125,
            0.12993905066668657,
            0.015670548153446366,
            -0.16587309105581707,
            1.4413197559579733,
            -0.01757267554170761,
            -1.6777014178378353,
            0.47466351980722826,
            0.27298120764420214,
            1.731583483663146,
            1.3218829870096769,
            1.6874322837679872,
            0.8796298610968075,
            0.6350327623450636,
            -1.4778072315013489,
            -1.4141401284004442,
            0.1191215047453376,
            -0.6976025491969077,
            -1.6990335986455265,
            0.45430134373202063,
            -0.18071535708900419,
            -0.4024351305425685,
            -1.2916623321815026,
            -0.5249259305371714,
            1.7560987080364463,
            0.49350483553833113
        ],
        [
            -1.323035559983782,
            -1.4332029049337696,
            0.31625611597385844,
            0.0,
            -1.896831943772017,
            0.6627983448887914,
            -0.6746188303521617,
            0.026004874909261927,
            1.0002141911264486,
            -0.5261187499923495,
            0.2714547760539165,
            0.5694899347926708,
            1.0705968174858946,
            -1.6833439735836644,
            0.30987709201445335,
            2.356144743303664,
            0.2544940057044644,
            -0.25619771384050544,
            2.008534896750189,
            0.20329712758142204,
            0.17121057327196498,
            -0.8943930134346919,
            -1.5905589806416789,
            -0.5606044914047652,
            -0.5701759087627857,
            -0.6625520382059009,
            0.5795838485209742,
            -0.30660198001320815,
            -0.3076804930645124,
            -1.2143081647497749,
            -1.2927203044952444,
            1.4783824283544114,
            1.0634483582913465,
            -0.7840438060629462,
            -1.2337184110991535,
            0.5637931883617843,
            -0.7382983901283777,
            -0.9056427143108877,
            0.06745909734747457,
            -1.5117527954304397,
            -0.38756758737824776,
            0.10137876374275653,
            -0.8567625603904808,
            -0.634651493033321,
            0.3278541486688468,
            0.25561046078146615,
            0.27455360669386464,
            -1.1751445447513784,
            -0.7012334825705966,
            -0.0006458197916431809,
            -1.795754071267382,
            -0.06838307291387308,
            1.4490700898732802,
            -0.8502929634519459,
            -0.14683740279121024,
            0.8655263628836284,
            -0.14416861298249914,
            -1.923319588874413,
            0.27923142638679616,
            0.8514374012522102,
            -1.3114136815655466,
            -0.5618703826558866,
            0.7784518238766953,
            0.6119750376056624
        ],
        [
            -0.9476143809642115,
            0.6806986445495528,
            -1.5313068112756452,
            -1.896831943772017,
            0.0,
            0.435671166011058,
            0.5772060555651073,
            -0.36277592400581693,
            -1.2369674513964486,
            1.9241980676615957,
            -0.1539570739378947,
            1.8390271649174101,
            0.1248574452405442,
            -1.5088916493483442,
            -0.03432100081980971,
            0.4706705583120877,
            1.6339521221717197,
            0.5126234094192789,
            -0.6321265781563308,
            1.3077875680563393,
            -0.42371445912152655,
            -0.8213836049932011,
            0.41370173496817136,
            0.01656533469199764,
            0.4719544670767242,
            0.7664220398564531,
            0.07083178612454567,
            -0.2719981373362479,
            0.350226395569199,
            -0.6038480013312076,
            0.34966630657744846,
            -1.4913847433717344,
            -0.2510221899701893,
            -1.1128103229841195,
            0.7460827677588965,
            -1.0464628282718322,
            -0.8940998597916229,
            -0.7161756719389027,
            0.9010787689673884,
            -0.17629704390658463,
            -0.33929724834600916,
            -1.515898431002693,
            -0.126040718346436,
            0.8988730112874597,
            -0.9022085428805997,
            1.1740635625791538,
            0.19538479844562087,
            -0.15241258627737367,
            -0.7104284512892887,
            -0.8737761569820579,
            -0.7437047453452957,
            -0.11098248864632894,
            -2.1784476862265008,
            1.0194741739915092,
            -1.3265095529104403,
            -0.19260323367072357,
            -0.33534284193887093,
            -0.5584201547220667,
            -0.15466799133772532,
            -0.5379315873299483,
            -0.5815605996978197,
            -0.367845068394415,
            -1.1695600363734981,
            -0.021151776108793048
        ],
        [
            -0.3987650707106103,
            -1.0210535051328526,
            -1.0474635661167846,
            0.6627983448887914,
            0.435671166011058,
            0.0,
            0.5183644528265281,
            1.1305933257623793,
            0.5033618043576974,
            -0.4606233580157645,
            -0.627734276261056,
            0.8759869886042323,
            -0.183575927706358,
            -1.0200854928573382,
            0.17303160931777126,
            0.7699757806066072,
            1.0868991665414567,
            -0.6818081086356109,
            -0.24560747893547694,
            -1.106210232140081,
            -0.9503708934680647,
            0.4716480460961211,
            -2.092615373220597,
            -1.3012910986726305,
            0.3142985212542116,
            1.4025369037861584,
            -0.25584932631597984,
            -0.1430769950323906,
            -0.6339890925186282,
            -0.6518081817294039,
            0.6811286250293751,
            -0.6044771393817288,
            0.2749070848604315,
            1.4568758769482375,
            0.09947601696293952,
            0.6919812360961104,
            0.5013457608904173,
            1.0935032734557353,
            -1.556725835899872,
            -1.5555331306711058,
            1.3638597850068204,
            0.06898538424001309,
            -1.4409410902716164,
            0.533785526578671,
            0.6666612939342497,
            0.9847920047459966,
            1.0644749871015025,
            -0.21086468956346718,
            0.5465180081494102,
            -0.3489839139917377,
            0.2771176290922109,
            -1.0971064066436396,
            -0.9108809090376835,
            0.8096365001272522,
            0.3859360121754559,
            -1.1825403330320585,
            -1.474611007955494,
            -0.3740214444490209,
            -1.2628290043340784,
            2.917792993160085,
            -0.18358322381291292,
            -1.3765723819930622,
            -0.08797452410953642,
            -0.8710456506718138
        ],
        [
            0.34169772271985444,
            -1.3004454026566457,
            1.1002450772055505,
            -0.6746188303521617,
            0.5772060555651073,
            0.5183644528265281,
            0.0,
            -0.7088652398348458,
            0.583731636246858,
            0.06370719283098841,
            -0.5996210095366047,
            -0.9867028532789242,
            0.8973565759609945,
            0.10780172469799872,
            0.352410291038403,
            -0.2837709483686462,
            -1.4627492699663658,
            0.2728459675443104,
            -1.3405171627941066,
            -0.6451712449840561,
            -0.3285351047173544,
            1.2153577346667255,
            -1.5937257974870884,
            -1.1183072976182071,
            0.4702188689177247,
            -1.2832331656845597,
            -0.05593136970313939,
            2.112622851618985,
            -2.1300207227300736,
            -0.049301897540300954,
            -0.9864062838594658,
            -0.08826130827057757,
            -0.33984970105578166,
            1.3035342190187187,
            -0.3362816031156221,
            0.5318693152812235,
            0.025479176557796197,
            0.8931604810344386,
            -1.1725762122395778,
            -0.8875942408007855,
            0.8827274434198682,
            1.7020069694731044,
            0.7490548596487911,
            0.9178043745350025,
            -0.6904790595263184,
            -0.05668036954828601,
            -0.7487977332497943,
            1.513672229761653,
            0.6851882645062285,
            1.7602444901245689,
            -0.010160075821699803,
            -1.6278969744544576,
            -0.2600397243792334,
            -0.31437847757776083,
            -0.12568821223088011,
            1.1409101847908514,
            -0.9628828464851884,
            -0.5194546084733418,
            1.239030414786788,
            0.8937511466743947,
            1.5261921730709525,
            0.35871051905572354,
            -1.380186027962213,
            0.09310503417140138
        ],
        [
            1.1200187233448322,
            0.47206851711245545,
            2.620955671819927,
            0.026004874909261927,
            -0.36277592400581693,
            1.1305933257623793,
            -0.7088652398348458,
            0.0,
            0.5111199819532531,
            -2.094924464263174,
            -0.9198446828605983,
            -1.2613377924555529,
            -0.4568225693072387,
            -0.05490528250644886,
            -0.16208693747194677,
            0.07560817809644861,
            0.2786068094233533,
            0.9351555739981837,
            -1.3956335211333135,
            -0.9835669459715143,
            0.9143372850134065,
            0.12460440385312145,
            -0.32658626972744687,
            0.10507547057301833,
            -0.15545639638745298,
            -1.1654118079566296,
            -0.5138338227487437,
            -0.4110122381397592,
            -0.09957253215133174,
            0.48654280420855833,
            -0.9695403243142215,
            -1.1701507763812948,
            -0.9813746000715117,
            0.27763443090843726,
            -0.3485338792155732,
            -0.020142183730737152,
            -0.2707641600552405,
            -0.9846395128602986,
            -1.3119542221897622,
            0.2534650407604619,
            0.7887996850297451,
            -0.732762648793787,
            0.3921139378414799,
            -0.9406434632210945,
            0.8276467551855016,
            -1.527615940875541,
            -0.2209643158987478,
            -1.0111884896088892,
            -0.9587770949252182,
            -0.38064080636131814,
            1.0767404155442588,
            0.46985633358657564,
            -0.9763980756340823,
            0.14257610647269126,
            -0.796217752734166,
            -0.1614078677240454,
            -0.9893470780694879,
            -1.0536815784225695,
            0.1111714194194197,
            0.8956615033608398,
            0.5542325740872185,
            0.8168516747943383,
            0.9240565867857196,
            0.40022825384676913
        ],
        [
            -1.9811463854697284,
            0.35545601770203067,
            0.35260130218774965,
            1.0002141911264486,
            -1.2369674513964486,
            0.5033618043576974,
            0.583731636246858,
            0.5111199819532531,
            0.0,
            1.1610099685849273,
            0.05725295266523621,
            -0.24475700584687812,
            -0.8097599815767733,
            -0.5561083905854911,
            -0.02517965608503771,
            0.05425445900460263,
            -1.316740692344301,
            -0.4689764340135465,
            -0.7090658641147125,
            -0.501021442495673,
            0.9957825086511096,
            -2.1662023731870326,
            -0.35344474905190215,
            0.9872603519624294,
            -0.8685905096954044,
            -0.035340250609464885,
            0.28550074005413356,
            -0.37370471558532037,
            1.0507422033399831,
            -1.017235944425588,
            0.8324260029971804,
            3.0072559300858543,
            1.1846477447391837,
            -0.15031771649223308,
            0.3363963994721153,
            -0.5198022302114845,
            -1.6484064118634776,
            -0.6197724187236074,
            -0.14570899091120926,
            0.9257517220134289,
            -0.8944689494807542,
            -0.25985723707144737,
            0.6938189243234151,
            -0.5235759023340535,
            -2.062208779829959,
            -0.1977295775127232,
            -1.9081524853354146,
            0.7406005940519141,
            0.42955807686762026,
            0.11694614168160512,
            -0.3676341396444269,
            1.1328189024177049,
            -1.029190233225414,
            0.7484073784016682,
            -0.9714186842269413,
            0.4892905820260167,
            0.5401696086343739,
            -0.27467177802308235,
            -0.0084108412272089,
            0.0013884416547086523,
            -0.04350920457170822,
            -0.9760630175151808,
            -1.468644608981156,
            2.5640603020911836
        ],
        [
            -0.44406909693086344,
            -1.1667702089441603,
            -0.5553096962516085,
            -0.5261187499923495,
            1.9241980676615957,
            -0.4606233580157645,
            0.06370719283098841,
            -2.094924464263174,
            1.1610099685849273,
            0.0,
            -1.071827616802876,
            -0.37749782546694055,
            -0.512114946054518,
            0.1644753033828209,
            -0.37128344235965927,
            -0.9786417666518554,
            -0.709525037521256,
            -0.7077951135151067,
            0.19884323174953675,
            0.8319891530828429,
            -1.1970683096826855,
            1.7824427532049563,
            -1.0280762134892383,
            -0.08469330958420306,
            0.8061388468739851,
            -0.7645134409965247,
            -0.06539918291988218,
            0.5256824377946517,
            -0.5621250502873258,
            -1.6721277379247819,
            -0.747678730370923,
            -0.2086697503614503,
            -0.827349709888263,
            -0.20791436189407603,
            -1.264941497362095,
            -0.5439415407543069,
            -0.6492821866112453,
            -0.7004092217658905,
            -1.0529090252466213,
            0.7203282871948818,
            0.3190295699391165,
            1.0939150749078146,
            2.4337351957776003,
            2.6233143265703753,
            1.7260964901852287,
            1.4379696744913146,
            1.8417457326267281,
            2.1666738715843015,
            0.5526887214788309,
            -0.4101751483095259,
            -0.5200515218226389,
            0.19025259889220283,
            0.8412320794559185,
            1.021348785339354,
            0.24922336461118436,
            -0.8100413676472733,
            0.9734996247748182,
            -0.41816104219833883,
            1.2532381745849837,
            -1.4682524343298977,
            1.851595334816001,
            -0.3877302941561388,
            -1.3171567561269775,
            0.13195681720048424
        ],
        [
            -0.9721253333314706,
            -1.5971580600705648,
            0.14646169295429254,
            0.2714547760539165,
            -0.1539570739378947,
            -0.627734276261056,
            -0.5996210095366047,
            -0.9198446828605983,
            0.05725295266523621,
            -1.071827616802876,
            0.0,
            2.203246518918897,
            0.6034517185963664,
            -0.20840796740499376,
            0.2232132666406242,
            1.613431501092637,
            -0.2711229216243766,
            -0.9068219221349403,
            -1.693471202449852,
            0.5970325829149573,
            0.09976668108705558,
            -1.8642575816881226,
            0.5222592496529812,
            1.2206273673079817,
            -2.233360957955589,
            0.5429480787384471,
            1.0515185670961336,
            -1.1251343685751003,
            -0.48584470453326933,
            1.1799886527408123,
            -0.3141014519969132,
            0.39208957749227935,
            -0.5877002153924031,
            1.4305864845008505,
            -0.36752408269887477,
            0.698924837276591,
            1.3748184581185456,
            1.703194430682756,
            -1.2247756400478744,
            1.060632396344937,
            0.20295609160165654,
            0.775043924807732,
            -0.5626442779346454,
            -0.983429167817916,
            -2.3793770168197916,
            -0.5699187839391515,
            -0.2686603076482772,
            -0.018228496247020498,
            0.06778864597184049,
            0.04475959797188437,
            0.47984364146581515,
            0.030016404088911975,
            -0.3701096832127675,
            -0.04622099624068712,
            0.5065346498973001,
            -0.8777702868213164,
            -1.2917960531589567,
            0.357258055264864,
            0.4155112417804379,
            0.29572849438124443,
            0.5854084986423748,
            0.8088836087634623,
            2.655391160898746,
            0.032209570085750115
        ],
        [
            -0.2903407486305914,
            0.5879264089450017,
            0.8745498816359714,
            0.5694899347926708,
            1.8390271649174101,
            0.8759869886042323,
            -0.9867028532789242,
            -1.2613377924555529,
            -0.24475700584687812,
            -0.37749782546694055,
            2.203246518918897,
            0.0,
            0.8667740176119381,
            -0.8045485124712046,
            0.38916246557665957,
            1.8685721693545672,
            -0.7994796357707372,
            -2.545388847872312,
            1.70171699536347,
            -2.3243715524071455,
            0.6380144072674665,
            -0.07488018145836253,
            0.34302743278051623,
            -0.5107834938043994,
            0.4180915773912036,
            -0.1712736244963398,
            0.008909792741848528,
            -0.14090661615295896,
            1.5269759696576717,
            -0.6665311590772424,
            2.232126999683631,
            0.37937311602663143,
            -0.35966311448921595,
            0.25363691579732883,
            -0.18435408338310813,
            0.31589981439868736,
            -0.6798575624372711,
            -0.7092746461623226,
            -0.8315319178082345,
            -0.721614953547737,
            -0.9812669409278748,
            0.9857926727974489,
            -0.23456174677414982,
            1.2316922589404695,
            -0.6801853168532366,
            -0.846073532826534,
            0.2907372751657098,
            0.17665764390121164,
            -1.0062910854457203,
            -0.8182218737918113,
            -0.4026839200855211,
            -0.34510488946916573,
            -1.5319272463024125,
            -0.8746237575446224,
            1.3701162259139685,
            0.9748495194013174,
            -0.4816751874323832,
            -1.3798434941101716,
            -0.4182617663078954,
            0.5613824798661956,
            0.012518252932335204,
            1.9398303345642682,
            0.6025675081873564,
            -1.3780685973574056
        ],
        [
            1.3132374495409067,
            -1.3789574110010878,
            0.4185849105654788,
            1.0705968174858946,
            0.1248574452405442,
            -0.183575927706358,
            0.8973565759609945,
            -0.4568225693072387,
            -0.8097599815767733,
            -0.512114946054518,
            0.6034517185963664,
            0.8667740176119381,
            0.0,
            2.1379373406937985,
            -0.46126171126190574,
            -0.7338142134883208,
            -0.7006356908314847,
            -2.458567129151321,
            -0.016026535317842334,
            2.7022506256571313,
            -0.39382025933197023,
            0.5075767401336713,
            -0.4446657113772482,
            1.1181244555660599,
            0.4438330415829003,
            0.3225865357014042,
            1.2590323092819007,
            -0.0933862828079335,
            0.8695540509852351,
            -1.4323200854988711,
            0.5710347279832687,
            -0.28487431398521806,
            -0.850177465084364,
            -0.7288920199181178,
            2.397964636239386,
            -1.3694767622431938,
            -0.36640130357258077,
            -0.022291219396282307,
            0.4179640526191086,
            0.1525036924210114,
            1.2429518718447325,
            -0.24321910777465008,
            -0.8234431584159475,
            1.5309346953489151,
            -0.13872199936456678,
            -0.6788182208156949,
            -0.21866519438562754,
            0.5181769531339663,
            0.3733699744814619,
            -0.7045593801542418,
            0.35105480240576065,
            0.27881578874142876,
            -0.9539900554855238,
            -0.5454324989839543,
            0.21991254943756255,
            -0.4574901850742508,
            0.07645965553176769,
            0.9689434067678443,
            -1.3644651075622267,
            -0.4029187953786173,
            -0.6448804184763473,
            0.08703666007024674,
            -0.20767848481487175,
            -0.672862270958452
        ],
        [
            0.7486414306594947,
            0.3849875805546634,
            -0.046148672514410696,
            -1.6833439735836644,
            -1.5088916493483442,
            -1.0200854928573382,
            0.10780172469799872,
            -0.05490528250644886,
            -0.5561083905854911,
            0.1644753033828209,
            -0.20840796740499376,
            -0.8045485124712046,
            2.1379373406937985,
            0.0,
            0.19545250466903258,
            1.1556513417105156,
            -0.26887845975700947,
            0.21137112074412231,
            -0.3535868240973932,
            -0.5357173450162299,
            -2.1000165887824296,
            0.32296147380350837,
            0.36105770508928603,
            -1.914854652019115,
            -1.6484019746810026,
            0.1690154062036582,
            -0.7345101000489533,
            -0.7753762815386852,
            -1.427418872392744,
            0.46670632839906256,
            -0.19348311500586496,
            -1.8760059763202375,
            0.24134814974421878,
            -0.2898129841009169,
            -2.414093752697114,
            0.13234387552325955,
            1.1075551716469678,
            -1.5197904909203543,
            -0.35126262180928397,
            -0.9509833394606169,
            1.6068573691713135,
            -0.5372414392286755,
            1.1982468219321167,
            -1.080605948452991,
            1.0083599512287797,
            -0.6418811083665182,
            0.22221983250774535,
            -0.19363710718883712,
            -1.0976153142880436,
            -1.1897348368660672,
            -1.2073055746817856,
            -1.2524969949297746,
            0.07275456713189217,
            -1.5869604573151945,
            -0.5640158969320217,
            -0.09367725378567539,
            0.33330742053333007,
            0.599359324481461,
            -0.8552944127809244,
            -0.35714555362028927,
            -0.020031747045057387,
            -0.2594482192371816,
            -0.18752407691983308,
            -0.7482311748956743
        ],
        [
            0.015810845769724205,
            -0.9421863074793141,
            1.7041902955072918,
            0.30987709201445335,
            -0.03432100081980971,
            0.17303160931777126,
            0.352410291038403,
            -0.16208693747194677,
            -0.02517965608503771,
            -0.37128344235965927,
            0.2232132666406242,
            0.38916246557665957,
            -0.46126171126190574,
            0.19545250466903258,
            0.0,
            -0.22981229218493748,
            -0.6866367910757053,
            1.7732557849038795,
            0.27138364544165966,
            -1.3227096018058817,
            0.1373491162384062,
            -1.048042585849388,
            -1.6121503792656227,
            -1.44528123195046,
            -0.1733053400000588,
            0.1801375555713192,
            -0.17669693148349092,
            0.17903361294744122,
            1.3643264407469253,
            0.925934118048185,
            0.3610598357874111,
            0.06932990779732842,
            -0.16952572079835299,
            -2.3154746871632548,
            -0.2084296611555959,
            0.04157044779379342,
            -0.38460012174945835,
            0.7818373753817867,
            1.1590299708192084,
            -0.6489404902527633,
            1.158527136745565,
            0.8845133038893659,
            -1.4750007913530003,
            0.819570745376895,
            0.6736179286551285,
            -0.3688723491171945,
            0.19852065035211267,
            0.8374750045619892,
            -1.1460992301643005,
            1.9369344328752949,
            0.05393180205301516,
            -0.5421622816852351,
            -0.399192202011607,
            -1.8416083572067488,
            -0.05433969788632358,
            -1.1475705972740515,
            1.303444032031209,
            -1.3014185969563483,
            -0.10250999563161851,
            -0.03953701246575208,
            1.5563844449014057,
            -1.8481361861267886,
            1.3741435918256732,
            -1.4149288896631917
        ],
        [
            -1.8606943264235276,
            -1.5104790578304352,
            0.7252414638409886,
            2.356144743303664,
            0.4706705583120877,
            0.7699757806066072,
            -0.2837709483686462,
            0.07560817809644861,
            0.05425445900460263,
            -0.9786417666518554,
            1.613431501092637,
            1.8685721693545672,
            -0.7338142134883208,
            1.1556513417105156,
            -0.22981229218493748,
            0.0,
            -1.196659241450621,
            -1.4120234419509503,
            0.333176582307454,
            -0.4663213997882231,
            1.126314973510727,
            1.0959564525525909,
            -1.5131612036765139,
            1.6130568280845607,
            0.7501086121730632,
            -1.2785112069327698,
            -1.7319832114950995,
            -1.9646634919921486,
            1.1770327580610829,
            0.3913899698355498,
            -0.8411317390853672,
            0.833385416121885,
            -0.008688757794857343,
            -0.18216328658508107,
            0.5274933045010154,
            -0.006498085406528347,
            0.6772640724811317,
            -2.083137330534641,
            -0.7645924992220238,
            0.5304861524768326,
            -0.7463411518565194,
            0.5602050109859615,
            -0.4082767748405683,
            -1.0541465819871914,
            -0.6228906133523144,
            0.20717395938282376,
            1.005284549631407,
            0.5769881934852523,
            -1.561269413499334,
            0.371144601988567,
            -0.30103859174702896,
            0.025433574982171074,
            -0.5485593639327915,
            1.2463349615815011,
            -0.8200134302995118,
            0.49946067012502765,
            0.08625166614920238,
            0.040553401291578056,
            -0.47487763835886315,
            0.5924427729157742,
            0.20548013851516722,
            -2.8600428051745683,
            0.6756013484589257,
            0.3249140747477925
        ],
        [
            1.9301068178549468,
            0.714994591472881,
            0.4430606104916299,
            0.2544940057044644,
            1.6339521221717197,
            1.0868991665414567,
            -1.4627492699663658,
            0.2786068094233533,
            -1.316740692344301,
            -0.709525037521256,
            -0.2711229216243766,
            -0.7994796357707372,
            -0.7006356908314847,
            -0.26887845975700947,
            -0.6866367910757053,
            -1.196659241450621,
            0.0,
            -0.7781927885124962,
            0.48053024881256046,
            0.44678185306973967,
            -0.25468326917295575,
            0.023865180438859806,
            0.7813042900088953,
            -1.127526289089045,
            1.0846011747367483,
            -0.037532147779021224,
            0.12671428532365914,
            1.00657944463831,
            -1.0370737676260826,
            0.28296069258238793,
            0.3825182261295991,
            -0.4260172372327331,
            0.24901045364385951,
            0.8224580184366279,
            0.814699288567127,
            2.2369249579660373,
            0.3609728193174377,
            -0.9146601193711075,
            -1.554778993926886,
            0.09087616318637591,
            -0.9762506229023556,
            -0.03150453569027091,
            -0.5065654879634817,
            -0.0022175227533312736,
            -0.056100522386145706,
            0.5289191230900665,
            -0.25444112304226374,
            -0.6210302506228013,
            -1.0027867632560268,
            1.1870370573321687,
            0.8035060694649814,
            -0.16293445242946272,
            -0.7634569457206234,
            1.3101928837911718,
            -0.5576485558023405,
            -1.5164168700049516,
            0.7972853844158982,
            -1.805527841537474,
            1.135729008799867,
            -1.7914664157313962,
            0.5704150944696935,
            0.5247988618806325,
            -0.9219393974783864,
            -0.9667847428972683
        ],
        [
            -1.5136899742301204,
            -0.0654283217671994,
            -1.5251026808928627,
            -0.25619771384050544,
            0.5126234094192789,
            -0.6818081086356109,
            0.2728459675443104,
            0.9351555739981837,
            -0.4689764340135465,
            -0.7077951135151067,
            -0.9068219221349403,
            -2.545388847872312,
            -2.458567129151321,
            0.21137112074412231,
            1.7732557849038795,
            -1.4120234419509503,
            -0.7781927885124962,
            0.0,
            2.305008914680536,
            0.16267394872481467,
            -0.28448253501483506,
            0.5184757891624472,
            -0.20746284083596508,
            1.3878892436106416,
            1.2915602064052913,
            0.5225845305702276,
            1.4423815037217362,
            -2.2098072660754937,
            0.042474745684435974,
            2.0071145752439397,
            0.49180050233374983,
            -1.0013679259967216,
            -0.0034384705683641885,
            0.3814924734822805,
            -1.4163842326858898,
            1.0121015045063608,
            -1.0976771100788383,
            0.17245010112051057,
            -0.7216662561306517,
            -0.20490782316133863,
            -1.4152958077679503,
            -0.15818060089531433,
            -0.8758301199513101,
            -1.3874140539389739,
            -0.18523043927742755,
            -1.0214289445899647,
            -1.0475919658311053,
            -0.294995338439991,
            1.0976822540448437,
            1.1319677589203567,
            0.6037179362685985,
            -0.1452977250307723,
            -0.1561017787821794,
            0.2695147681192812,
            -0.42440722949367,
            1.197511431901865,
            0.5794738222021881,
            -0.7250894637930767,
            -0.19201907373141777,
            0.7862724918408782,
            -3.1016490945379283,
            -0.8534086481322624,
            1.271269285528631,
            2.2217677190640845
        ],
        [
            -1.6340944734800444,
            1.3617074995729255,
