{
    "N": 64,
    "id": "40a6fb0e-12c2-43d9-9464-d166688a617f",
    "problem_type": "SK Spin-Glass",
    "distribution": "gaussian",
    "spins": [
        1,
        1,
        -1,
        -1,
        -1,
        -1,
        -1,
        1,
        1,
        -1,
        -1,
        1,
        -1,
        -1,
        1,
        -1,
        -1,
        1,
        1,
        1,
        -1,
        -1,
        -1,
        1,
        -1,
        -1,
        1,
        1,
        1,
        -1,
        1,
        -1,
        -1,
        -1,
        -1,
        -1,
        -1,
        1,
        -1,
        1,
        -1,
        -1,
        1,
        -1,
        1,
        -1,
        1,
        -1,
        -1,
        1,
        -1,
        -1,
        -1,
        -1,
        -1,
        1,
        1,
        -1,
        1,
        1,
        1,
        -1,
        1,
        1
    ],
    "couplings": [
        [
            0.0,
            -0.44987548074928346,
            -0.23666887539843112,
            -0.7177403587757731,
            -0.2712706314368494,
            0.8685432866768859,
            1.84971478133889,
            -2.4502179964202964,
            -0.23063204748264138,
            0.31776938016879175,
            0.02212134116299343,
            0.3984205288273047,
            -1.0420634916909972,
            0.6349383760517499,
            -1.2308388479536594,
            1.4240745365160823,
            -1.7039283080748735,
            -0.3954544870752909,
            0.5891970405227118,
            0.09062375526761497,
            1.0599345336301547,
            -0.4808586986843762,
            0.8524277424313783,
            0.1945897185265089,
            1.3655302936386953,
            -1.9322245779163139,
            -0.7450248616570665,
            0.03961828315118806,
            0.5499031220721852,
            0.858268051543739,
            -0.0029177981983215633,
            1.1946743320104019,
            0.6564077144939031,
            0.5503355195695198,
            1.9356400785319465,
            0.16647553937957316,
            0.05571481946805157,
            0.5620349104278567,
            -0.9953702078222274,
            -0.8335829833580108,
            1.02259653141425,
            0.5498454576013647,
            -1.8738652289872004,
            -1.2626835888893713,
            0.5780180496953972,
            0.05538393109763177,
            -1.2409747108684077,
            0.28899715025893996,
            -0.403833544693477,
            0.7936584028068707,
            0.8701474815842377,
            -1.0311399852103609,
            0.828445164670943,
            0.7620000710378452,
            0.5974683346831025,
            0.9126368637922014,
            -1.265150153610938,
            0.35514333021235506,
            1.5826230061585589,
            1.4936789447227161,
            0.08488480390043092,
            1.3989509599402201,
            0.31025668729664907,
            0.052144100613074305
        ],
        [
            -0.44987548074928346,
            0.0,
            1.1793089222772482,
            -0.9855784907067496,
            -0.3936972220706321,
            -0.11090848178777576,
            1.4408925721447168,
            -0.8297811196409637,
            1.3282054679859445,
            -0.4316932721398042,
            1.1390404816278947,
            -0.2334218642134848,
            1.033165547428673,
            -2.368550083239931,
            -1.2809659891387317,
            -0.9263420870037509,
            -0.9323750811243656,
            0.23000696716239352,
            -2.208455081377541,
            -1.4253387015984038,
            0.22869759222586697,
            1.191863381051732,
            0.670562703398917,
            -0.6963408142274039,
            -0.5729088444564396,
            -1.4722229121122286,
            -0.9213927211174907,
            -0.07282452161904623,
            0.19924963989335848,
            -1.9323190725711141,
            0.48003639189271835,
            -0.9204817864082069,
            0.21267579871627693,
            0.38973017718308295,
            -0.44573845191684236,
            0.49021079836710957,
            -0.4108248582162616,
            -0.8667652641065485,
            -1.4813261544832397,
            -0.13784254613687738,
            -0.8944768491365122,
            -0.05043139327716485,
            1.2906167293586768,
            -0.31359525850849873,
            -0.1520889985044331,
            2.3442374883921078,
            1.1731747783935058,
            0.8538958807856599,
            -0.36538111483775537,
            1.369370690856509,
            0.8522042076557391,
            -1.2129147395458049,
            0.7950711742754293,
            -0.2739859540475981,
            -0.11532783348788508,
            0.3317949547461286,
            -0.7982874601903065,
            -0.06654971737090781,
            1.2091222341270778,
            -1.2347058046022363,
            -0.8917071155074171,
            1.07849125469047,
            1.2657433347375484,
            0.4228728734601582
        ],
        [
            -0.23666887539843112,
            1.1793089222772482,
            0.0,
            -0.2737086509380154,
            -0.05222305522920209,
            0.8947872256830612,
            -1.3124038554180002,
            0.9807593199432293,
            -1.5107441404876354,
            -0.8146180878713993,
            0.3387573610119307,
            3.421190550236841,
            0.16010078427435034,
            -1.6223081138324174,
            1.3046316488095864,
            -1.3440171804758512,
            -1.4571222726594761,
            -1.202617717292556,
            -0.15823849442735058,
            -0.8402969817170103,
            0.8387279969963519,
            -0.5540848513631602,
            -0.2961731950174398,
            0.9733481316234456,
            -1.3618246968703687,
            0.3111014727269067,
            0.8121348356909698,
            1.7106179934451453,
            -0.7802355063606884,
            -1.3321464152029838,
            1.2367311049697176,
            0.708045313688986,
            -0.24563770672591362,
            2.0626867642998676,
            0.19108825669226914,
            0.06538337869877386,
            1.2206369871949254,
            0.5328519989916902,
            0.5301732797139057,
            0.3454750528081856,
            -1.482076498683913,
            -2.7337435291542094,
            -0.36365770448880336,
            -1.71198148825455,
            0.95213270396181,
            0.09772411475658384,
            1.2342869686097984,
            -2.2786841499595156,
            0.4101790225644692,
            0.3534127158949287,
            -0.26609279189239565,
            -1.7571445936367385,
            -0.4997263088940273,
            -1.0813755328003984,
            0.08825520239375,
            -0.7203090220447527,
            -0.9989224779485337,
            0.01780117480791148,
            0.0872583020031493,
            -0.030645745615234556,
            -1.3696116559090676,
            -0.754189266527266,
            -0.14597093446306258,
            -2.4847406034896653
        ],
        [
            -0.7177403587757731,
            -0.9855784907067496,
            -0.2737086509380154,
            0.0,
            1.0960353239336587,
            2.6553523628019917,
            0.5968127318316973,
            -1.8949324894439896,
            -0.25400034915325503,
            0.7979385560648092,
            -0.4768118529582264,
            1.0795863042369378,
            0.09653503349161244,
            0.3403587484112524,
            -0.19654321525501278,
            -0.20498330415862778,
            -0.49334563009859966,
            0.3861926134059049,
            -0.5605008996888824,
            1.159054332517433,
            1.3112264958921953,
            -0.7996316369250267,
            1.4644003081128325,
            -0.483545968952032,
            1.7309285143648028,
            -0.4997019249100333,
            1.0987575607193745,
            0.4356972632168657,
            0.7305508919805113,
            -1.3916200224300819,
            0.13633666701179792,
            0.06906879799095787,
            -1.854111362182826,
            0.45213439512097015,
            -0.40879798019948693,
            -0.602527383988998,
            0.4798395928820959,
            -1.2132604428952252,
            2.135653781593677,
            0.5565598960020489,
            0.7104041410832453,
            -0.3295532513504063,
            -0.031084863562641344,
            0.3563101318616367,
            -1.509062609389538,
            -0.22916988939940588,
            0.34670814281585877,
            1.7148325427797708,
            -1.0096333560997257,
            -1.11183567527585,
            0.7069557613745867,
            -1.6707181555377728,
            -1.5585942027234396,
            -0.6677776782797017,
            -0.9086519458232221,
            -1.1677884822104072,
            -0.06159425285826402,
            -0.05464898283211558,
            1.1425362750578318,
            -0.8129823549196056,
            0.38095881085615546,
            -0.9724434129882585,
            0.19811365075532775,
            2.739092568122541
        ],
        [
            -0.2712706314368494,
            -0.3936972220706321,
            -0.05222305522920209,
            1.0960353239336587,
            0.0,
            -0.7027497495325976,
            -0.1712597097280082,
            -1.828877223153182,
            -1.1083594522784581,
            -1.4475131149490952,
            0.04039776760581701,
            0.44043017905861764,
            -0.8572012341232437,
            -0.5575353278515093,
            0.7781190577924733,
            -0.6284430423375265,
            -0.7284334530149528,
            -2.4262271244420766,
            -0.7458655480813361,
            -1.0593030277410993,
            -0.18714775547003767,
            0.811612961198332,
            0.4681010063275415,
            -1.085157332164833,
            0.9017699464434897,
            0.9446354687589482,
            -0.08604644308835618,
            -0.11859010872618352,
            0.033254859317178226,
            -0.8188238639727222,
            0.7573029680013237,
            1.3308201377792865,
            -0.12670125082446695,
            -0.17293282431292673,
            -1.0290781311554833,
            -0.31222550385711767,
            0.4248615485654811,
            -0.726098619615304,
            -0.013298744100914016,
            0.20439581771903953,
            1.7258590265663205,
            -0.9629876130161934,
            0.9161257878938448,
            0.4952756547684384,
            0.8640610182192627,
            -0.22757680911557518,
            -0.30772241737021405,
            -0.3665587067818552,
            -0.7730479142553782,
            -0.058675423330812215,
            -0.051460166600652696,
            -0.10419803236248248,
            1.1086933633120337,
            -0.5931738009704346,
            0.5142227993737053,
            0.8988707135359351,
            0.9957964375975765,
            0.1582392025757587,
            0.6820997113791303,
            -0.06252910448122423,
            0.56021053896532,
            -0.18785733276960842,
            -0.8249973572131787,
            -0.1638662972543693
        ],
        [
            0.8685432866768859,
            -0.11090848178777576,
            0.8947872256830612,
            2.6553523628019917,
            -0.7027497495325976,
            0.0,
            0.2935179024214521,
            0.4535033035523477,
            -0.6537472856604496,
            -0.06510641293425184,
            -0.30445478343581056,
            -0.03715159938454169,
            1.2168701276295497,
            -0.2824629659565602,
            -0.10573284364048964,
            0.5531879067232611,
            -1.2814417019842692,
            -0.8753568180841714,
            0.50470252736316,
            0.20784848866599487,
            0.12716662736592188,
            0.2939608257778996,
            -1.4334050799017282,
            0.44811648529220444,
            -2.101256678990562,
            0.9576889505143954,
            -0.8933501256899617,
            -0.5486934922296648,
            0.18964009735186005,
            -0.4380446252701801,
            -1.2920250728897196,
            0.33651037796184,
            -0.8458945894358494,
            0.4979394497087368,
            0.6827775261961313,
            0.7342377054442032,
            -0.12022065950118918,
            0.617955771103716,
            0.25817083152494985,
            1.0109838606132255,
            0.25608159645732964,
            -0.43944278399618814,
            1.1959964468086484,
            -0.11122947953292324,
            -1.6200422764987,
            -2.8280075344886053,
            0.9306821643587528,
            -0.9481983529481264,
            -0.19819550364632796,
            -0.7142936040152058,
            -0.5585246578663448,
            -0.3720334559764961,
            -1.0033284687680006,
            1.1813651516212482,
            1.517874252682376,
            0.9125070171859212,
            1.6016800192588654,
            -0.9553181889844113,
            -0.3191066142805168,
            0.9647246153369705,
            0.7670767299013618,
            -0.3190223971146731,
            1.5048578439957598,
            0.6237160715510933
        ],
        [
            1.84971478133889,
            1.4408925721447168,
            -1.3124038554180002,
            0.5968127318316973,
            -0.1712597097280082,
            0.2935179024214521,
            0.0,
            -0.9663249123455123,
            -0.8139475432887782,
            -0.9469924360080517,
            1.3950706246686198,
            -0.20677542735744178,
            -0.43316121356048515,
            -1.0392181610560842,
            2.8632954741611027,
            1.2849529922705065,
            -0.04083032579074646,
            -0.5622345351549748,
            -0.062193405465774086,
            1.0276994992731474,
            -1.2659688829114797,
            -0.6952534296225538,
            -0.02438611957526702,
            2.21960852728438,
            -0.9005680998986091,
            0.8545942612058309,
            -0.5861866471620084,
            1.9923309749602762,
            -0.9326658354211442,
            0.14421477215860412,
            -0.8869885261134687,
            1.2380492947546318,
            -0.3582554031513811,
            0.2865733952926353,
            -0.9705291702742719,
            0.7170097624522691,
            -1.4300313448429494,
            -0.03466428989279493,
            -0.28090763175288663,
            -0.6306348114806308,
            0.690386609158676,
            -0.19293919338120794,
            0.5420221463776397,
            -1.1829953159028113,
            1.1391257458895552,
            -0.9833375843962306,
            2.062170172287898,
            0.5149190657768182,
            -0.8777321802874576,
            -1.0108417960005753,
            -0.5262756837632013,
            1.082258200065752,
            -1.2869760318001418,
            -0.4273001562049228,
            0.16086304571649052,
            0.5898876384604088,
            -0.2586754484550492,
            -1.3812461521210662,
            0.8652042264706681,
            -0.32069138199353436,
            -1.5076499097259919,
            -0.4958354418100188,
            -1.5184132937547792,
            0.7527006073132184
        ],
        [
            -2.4502179964202964,
            -0.8297811196409637,
            0.9807593199432293,
            -1.8949324894439896,
            -1.828877223153182,
            0.4535033035523477,
            -0.9663249123455123,
            0.0,
            -0.4549214876163354,
            -0.6930230027517182,
            2.410564644644518,
            0.22554597837484344,
            -1.491286446347229,
            0.6234571657344959,
            0.147366866989165,
            0.7833207747705869,
            -0.8614730801243651,
            -1.2273613804214987,
            -0.29981562996080097,
            -0.9722590331654866,
            -1.5003061495894996,
            0.354171744000044,
            -0.17729792127530936,
            0.2565886215349171,
            0.7484509272045049,
            0.9454592799373591,
            -0.9112139479557168,
            -1.1712519531393968,
            -0.32706745120158937,
            -0.995147515771983,
            -0.5238536433820661,
            0.006871172003385167,
            -0.9420517516706944,
            -1.472590987632124,
            -2.195256910728559,
            1.5605583455090746,
            -0.10931416626893062,
            -0.9796744924457128,
            -0.9690343608833217,
            -1.1789562641479556,
            0.5557634936395975,
            -0.5003934386905223,
            -0.21922572410464553,
            0.6599496021953974,
            0.3598894489020359,
            1.5538728660600052,
            0.7183509109763726,
            -0.9845225153859862,
            -0.08292141457440197,
            -0.049188520842543944,
            -1.0655409285748387,
            0.8553409780662172,
            0.9477516433434212,
            1.2948556424658997,
            -0.19289323575468348,
            -2.422481714222466,
            0.20343880106084705,
            1.2971815864798928,
            0.1717736873350353,
            -0.31879619669696985,
            0.5667565137421938,
            1.591245051609904,
            -2.088345196718236,
            0.043294263871414794
        ],
        [
            -0.23063204748264138,
            1.3282054679859445,
            -1.5107441404876354,
            -0.25400034915325503,
            -1.1083594522784581,
            -0.6537472856604496,
            -0.8139475432887782,
            -0.4549214876163354,
            0.0,
            0.2413200717657169,
            -1.6421245854571482,
            -2.576225196100142,
            -1.1624883308935636,
            -0.1611221345767517,
            0.7013113331706168,
            -0.8651588865662713,
            0.5994119498679168,
            0.3532616427410367,
            -0.43361977076113456,
            -0.13206086077390186,
            0.9704172711277405,
            -0.19293729939292573,
            0.11701515103022304,
            -1.251942121458141,
            -0.31411186572974936,
            -0.7654757644980864,
            0.23821634344726123,
            1.4050656325180377,
            -0.34709536051592976,
            0.20161459015749383,
            0.32386660881535445,
            1.0401493456449005,
            -0.22859638893067735,
            0.6714694202922821,
            -0.1784375794075738,
            -0.5782865709235483,
            0.06463833327326247,
            -0.12929238602174084,
            0.17712873022212644,
            2.387855961831702,
            1.3935083775735617,
            1.361424022414133,
            -0.0681563967008444,
            0.6175989732780521,
            -0.19422464699903888,
            -0.23830848886867362,
            -0.2368068392949328,
            1.5769564597966923,
            -0.6313340898980576,
            0.2855814446493117,
            -0.30052363663173554,
            2.5920363031372142,
            1.030036137238082,
            0.1304709026245672,
            -0.05715262273806699,
            -0.2905296040770643,
            0.8494761159004848,
            -0.18043036362680664,
            -0.4468218349787277,
            -1.5507568853888507,
            -0.35828515281161744,
            -0.4045781393263096,
            0.1999884453842419,
            0.13423978608063358
        ],
        [
            0.31776938016879175,
            -0.4316932721398042,
            -0.8146180878713993,
            0.7979385560648092,
            -1.4475131149490952,
            -0.06510641293425184,
            -0.9469924360080517,
            -0.6930230027517182,
            0.2413200717657169,
            0.0,
            0.25986521602663476,
            -0.2991121246491863,
            0.7338915161054322,
            0.9603976946797405,
            -0.20364613109225332,
            -0.7441814152507198,
            0.14362995291367872,
            -0.29686547033058885,
            0.46595466239729233,
            -0.29486242323620954,
            0.2301013522001901,
            0.6517996561718715,
            -0.33775667680609595,
            1.0706244276208237,
            -0.7162170884010561,
            -1.8368753717973132,
            0.9945566050823802,
            0.6314379507032557,
            0.4805938545396909,
            -1.593022681263354,
            -0.6163982595876192,
            0.1203971340373494,
            0.4609219233852816,
            1.552476401373425,
            -0.6115333704337332,
            -0.45715317872450023,
            -0.8267509006822573,
            -0.9569785350549962,
            -3.391355339475138,
            -0.2787614589694859,
            -1.4814598434221384,
            0.368060738198152,
            -0.2321790336059567,
            -0.21968963329932203,
            1.8445775545273044,
            0.2031162881509167,
            1.0351212769347478,
            -0.3804671772541575,
            1.42069540676128,
            -0.3847687025117949,
            1.0783879909244425,
            -0.5430930713822879,
            1.4772164296343528,
            0.11741843572293686,
            -0.42656793230031065,
            -0.263426521767154,
            -0.11435941723344788,
            -1.8323455743517811,
            -2.752086691273212,
            0.49631211327809804,
            -0.6564870116214616,
            0.6579252992627994,
            -1.0590257947247925,
            -1.5653968296389933
        ],
        [
            0.02212134116299343,
            1.1390404816278947,
            0.3387573610119307,
            -0.4768118529582264,
            0.04039776760581701,
            -0.30445478343581056,
            1.3950706246686198,
            2.410564644644518,
            -1.6421245854571482,
            0.25986521602663476,
            0.0,
            -0.6656829712157225,
            -0.13352136713649768,
            -0.3040220748140791,
            0.6046121957261377,
            -0.32490457858629396,
            0.7347154788452193,
            1.1065900636770893,
            -0.17110076581582806,
            0.6512646563538235,
            -0.33986589612880247,
            0.42137719666567425,
            -0.034590607460952126,
            0.6922073630436347,
            1.0130801374478604,
            1.9567413059681373,
            0.5185397123566349,
            -0.10499269414753332,
            -1.2899855561282736,
            0.778763722521981,
            0.8623139542124387,
            -0.1885305203032331,
            1.251199047635771,
            -0.29685883075120856,
            0.6649954496152009,
            -0.7445689982061321,
            0.5603056365357386,
            0.8693676207882365,
            -0.08350352803895658,
            -2.0368775839969326,
            -0.4219087879412372,
            -1.4735995715057133,
            -1.039018635724799,
            -0.09754878216002573,
            -0.16872849672386686,
            -1.774043768294361,
            -0.8695660704271064,
            -0.5146941617011926,
            0.22610106999199334,
            0.2310544788300424,
            0.08767594856085634,
            1.0230389232986659,
            0.25890903036762036,
            1.6920675903771172,
            0.5608490757688033,
            0.10051630539744512,
            1.3392449739794836,
            1.876019717213206,
            -0.9149954963131213,
            -1.8005066306067856,
            -1.9379013757719892,
            0.0963467928934571,
            -1.3014029942051124,
            -0.21327436833470764
        ],
        [
            0.3984205288273047,
            -0.2334218642134848,
            3.421190550236841,
            1.0795863042369378,
            0.44043017905861764,
            -0.03715159938454169,
            -0.20677542735744178,
            0.22554597837484344,
            -2.576225196100142,
            -0.2991121246491863,
            -0.6656829712157225,
            0.0,
            -0.0015121842503961719,
            -0.0507533467380368,
            -1.8706299786785974,
            -0.3263610433377245,
            -1.1439058500325003,
            0.7413471310537315,
            -0.6956903189320272,
            -1.248205248748337,
            -0.9538585073480432,
            1.3017403078921552,
            0.6555549384677463,
            1.2279165883955485,
            0.019257224424227826,
            -1.0052264783106526,
            -0.5790600407782632,
            -1.0661851180905528,
            0.9493864786367149,
            0.15558343986247444,
            -0.7779748682646647,
            0.037048159556441494,
            0.4372338825066575,
            0.22811196513313578,
            0.9060177894180226,
            -0.4676949742211172,
            1.1544470442639416,
            -0.7814962621944641,
            -2.0674715878563785,
            -0.5186371384712524,
            -0.5021236475124778,
            -0.4100861478495249,
            0.3618182408362223,
            0.7325102885083271,
            -0.989167186176028,
            -0.18794937445480633,
            -2.6507849984490726,
            -0.13404542835751598,
            -1.6926087442643754,
            0.06539097369992661,
            0.1450060571150426,
            1.0795195278039817,
            0.019751944560031792,
            -1.1239182178592961,
            1.0506778028859538,
            -0.36154502401188393,
            -0.24977586786359215,
            -2.1188658590397873,
            -0.4485393234552296,
            -0.07925266736466936,
            1.1140764247514234,
            0.4372039821013702,
            -0.8859414488740447,
            0.8192686429519028
        ],
        [
            -1.0420634916909972,
            1.033165547428673,
            0.16010078427435034,
            0.09653503349161244,
            -0.8572012341232437,
            1.2168701276295497,
            -0.43316121356048515,
            -1.491286446347229,
            -1.1624883308935636,
            0.7338915161054322,
            -0.13352136713649768,
            -0.0015121842503961719,
            0.0,
            -1.4309395304262689,
            0.9164920695323007,
            0.7728184231920688,
            -0.9961886842406631,
            0.8493818446846927,
            -0.023159580086895094,
            0.6448274439651567,
            0.17028579404154534,
            0.52522731652273,
            -0.22074458153097642,
            -0.5912006161029054,
            -1.6307545027054449,
            -0.4609021041586531,
            0.9521752821352354,
            0.36239602304824775,
            -0.9015025162992193,
            -0.4069143783109446,
            0.42890821337445206,
            -0.42334870503849437,
            -0.3031323972061602,
            -0.774434301106998,
            -1.1096249406206484,
            0.8734849838031629,
            0.512974467408351,
            -1.1866150063686343,
            0.17971618737620312,
            -0.1270791201993308,
            -1.012762479454504,
            -1.8369254033379212,
            -0.3263941399557573,
            0.5283605232113736,
            -0.19419845952734613,
            0.727714868714897,
            -2.7533829341962126,
            -0.624756017419264,
            -0.9868635150725924,
            -0.24726304201451238,
            -0.9031680425066906,
            1.6412894072864816,
            -0.5168719551429716,
            -0.6636111914125682,
            1.3274015170142242,
            1.1455476488108054,
            -0.2577661990225517,
            1.3493818762405974,
            2.4952506731272024,
            1.0796355494508005,
            -1.353532411360383,
            -0.930751921609036,
            -0.7388953839272947,
            1.7208907549768937
        ],
        [
            0.6349383760517499,
            -2.368550083239931,
            -1.6223081138324174,
            0.3403587484112524,
            -0.5575353278515093,
            -0.2824629659565602,
            -1.0392181610560842,
            0.6234571657344959,
            -0.1611221345767517,
            0.9603976946797405,
            -0.3040220748140791,
            -0.0507533467380368,
            -1.4309395304262689,
            0.0,
            -2.3703157268997392,
            0.11524979566462426,
            0.7605343148789957,
            -1.7006459378553551,
            -0.745279530006667,
            0.874105453275871,
            -1.5062843986924626,
            -1.1375185288456289,
            -0.8787155436187897,
            -0.6493373879606534,
            -0.30286157122120866,
            1.8731813489667795,
            0.1287630701354256,
            -0.835126973722413,
            1.208483096872613,
            1.3095683840124377,
            -0.010231934445755859,
            0.9490224584556671,
            -1.4215886403246851,
            -0.48945137070280514,
            -1.6368008239056033,
            2.317958894987301,
            -0.5992515406075897,
            -0.45785687750226833,
            -1.7897809398344837,
            0.12219753517318939,
            1.3096018954265825,
            -1.9121216207326395,
            0.4794496077238609,
            0.10353204493892745,
            -1.1863034265947403,
            -0.6266578887977049,
            0.20717136726053786,
            0.038415949246367785,
            1.2134676357054976,
            0.8691550848943952,
            -1.6360336281454375,
            0.41483676266778874,
            1.0105900877308118,
            1.8652919149,
            -0.6117045947018831,
            0.22605602015223153,
            -1.2962428061599902,
            0.33150545075541443,
            0.9771018009696604,
            -2.1550096714761713,
            0.5061194371913282,
            -1.3900684409769268,
            0.8038292925811305,
            0.7800393947017162
        ],
        [
            -1.2308388479536594,
            -1.2809659891387317,
            1.3046316488095864,
            -0.19654321525501278,
            0.7781190577924733,
            -0.10573284364048964,
            2.8632954741611027,
            0.147366866989165,
            0.7013113331706168,
            -0.20364613109225332,
            0.6046121957261377,
            -1.8706299786785974,
            0.9164920695323007,
            -2.3703157268997392,
            0.0,
            -1.5109484941130986,
            -0.811933917453785,
            1.8395954319871182,
            0.39429250108526565,
            -0.64478861769306,
            -0.1677530125504854,
            -0.3736166265432459,
            0.37477535222473357,
            0.8739676790186287,
            2.1562600421360103,
            -1.2761187337563518,
            0.7923704414675576,
            0.7267102770431672,
            -0.054968485879851946,
            0.6877791956947832,
            0.8325946375821173,
            -1.2640709642043213,
            1.2850325006379473,
            0.6401452983149811,
            -0.9577300250439739,
            0.8181049429487689,
            1.025867825720802,
            -1.1454655495388697,
            0.3766803143840421,
            0.3368596231967181,
            -1.7723165548774142,
            -1.0571737608953211,
            -1.5125972965591463,
            -0.23817149181961467,
            -0.19724542366666933,
            0.14793678641741964,
            2.677196651656084,
            0.13635957211815244,
            1.0556120871754382,
            -1.2597876020724306,
            -0.42564856620252695,
            0.27983016310253656,
            0.6254252515175444,
            0.1086829831648634,
            1.1164604233754818,
            -0.14482001820527898,
            -1.2032593103320024,
            -1.1584477123004602,
            0.19931239054539612,
            -0.48570721032253394,
            0.42853054987818057,
            0.12480927899435512,
            0.06759502985859521,
            0.14143066195663612
        ],
        [
            1.4240745365160823,
            -0.9263420870037509,
            -1.3440171804758512,
            -0.20498330415862778,
            -0.6284430423375265,
            0.5531879067232611,
            1.2849529922705065,
            0.7833207747705869,
            -0.8651588865662713,
            -0.7441814152507198,
            -0.32490457858629396,
            -0.3263610433377245,
            0.7728184231920688,
            0.11524979566462426,
            -1.5109484941130986,
            0.0,
            -1.7153773400290977,
            -0.667779086982027,
            -0.5864801007987951,
            -0.17696118565773453,
            -0.8478729496555956,
            -1.203018288741823,
            -0.7327894997835903,
            -0.8483125512622631,
            0.4862415473680214,
            -0.568362782242316,
            -1.4613494421545514,
            0.7860179995829598,
            0.4176912135429449,
            -0.028687580988268475,
            -1.4280605213612665,
            0.5868596527442739,
            1.1519560212726165,
            0.9350369889473067,
            1.957185448084607,
            -1.4614153796418865,
            1.0859825094263162,
            0.2741962432370529,
            -0.6706327768265942,
            0.7392703502064175,
            0.9973279318316715,
            0.8141353910236789,
            1.2680066621698611,
            0.9143756163060586,
            -0.417768228006221,
            -2.3731560665471676,
            -0.30177185656034766,
            -0.43289321906794537,
            0.7769113544388555,
            0.7839006105173915,
            0.9826294560277561,
            0.07259926619301847,
            -0.7521005819367635,
            1.4745502302995663,
            -0.6023766414568258,
            0.34140406407033985,
            0.471873979483508,
            0.2346272466335048,
            -0.49115529605958,
            0.3630999756726651,
            -0.7968744324463116,
            0.9236593284896811,
            -0.4672673093911712,
            -0.12809787976733147
        ],
        [
            -1.7039283080748735,
            -0.9323750811243656,
            -1.4571222726594761,
            -0.49334563009859966,
            -0.7284334530149528,
            -1.2814417019842692,
            -0.04083032579074646,
            -0.8614730801243651,
            0.5994119498679168,
            0.14362995291367872,
            0.7347154788452193,
            -1.1439058500325003,
            -0.9961886842406631,
            0.7605343148789957,
            -0.811933917453785,
            -1.7153773400290977,
            0.0,
            1.131283415589617,
            0.015521759168496435,
            1.1269395692976123,
            -0.10109592906442973,
            -1.0515985100235654,
            0.004657348631637511,
            1.5541773581326765,
            0.9794897326765579,
            -0.12136711682309637,
            -0.43066061289213087,
            0.6595022154729882,
            -0.6361929289229861,
            1.5066728315050435,
            -1.1500791245626487,
            1.1181846495794827,
            -1.1217677255910228,
            -0.5708233224184243,
            -0.36556845191282633,
            -0.3238494722967279,
            -1.8857136017886909,
            0.14590122663688634,
            0.7443982952587974,
            -0.02269068960411005,
            1.7320581686373713,
            1.4377847531972752,
            0.05035593691723568,
            -0.15509824909520392,
            0.490470674480633,
            0.49159406741745587,
            0.02128525780840047,
            -0.6195313547937917,
            -0.042243621738945615,
            0.9627402112780202,
            0.744870498577121,
            0.9911300001971258,
            -1.148738961828795,
            -0.45781593312756436,
            -0.4894507514779335,
            0.7692157204789956,
            -0.7742398694045032,
            0.20919746686184268,
            -0.3680656928594313,
            -2.1772457789050086,
            1.41009939846406,
            -1.2184211842307557,
            -1.3775085523846715,
            -0.11020359119483587
        ],
        [
            -0.3954544870752909,
            0.23000696716239352,
            -1.202617717292556,
            0.3861926134059049,
            -2.4262271244420766,
            -0.8753568180841714,
            -0.5622345351549748,
            -1.2273613804214987,
            0.3532616427410367,
            -0.29686547033058885,
            1.1065900636770893,
            0.7413471310537315,
            0.8493818446846927,
            -1.7006459378553551,
            1.8395954319871182,
            -0.667779086982027,
            1.131283415589617,
            0.0,
            1.709093595173794,
            -0.42211782798546466,
            -0.977868881217608,
            0.8924517171815853,
            -0.09727506340622104,
            -0.5557974489268435,
            -0.5949117830815827,
            0.5146046528730581,
            -0.6601251883780478,
            -1.716971124403079,
            0.06324746995479064,
            -0.11310097884218279,
            0.7488774460656102,
            0.33612646747835423,
            -1.339701339718335,
            -0.7771120105080218,
            0.33030011804235526,
            -0.2625361622069675,
            1.2914058644703328,
            -0.045994854874731574,
            1.3170329448728542,
            -0.9915214145828235,
            -1.665695143827072,
            1.1039185126196567,
            -0.7141470854960728,
            -0.8321542069379463,
            0.41077379537405717,
            1.3747630910364617,
            -0.3965324916640304,
            0.10751896707094917,
            2.291771793101407,
            -0.20467699111796442,
            1.2580623262920831,
            -1.1757958240073896,
            0.7565073408731274,
            0.634609794495351,
            -0.8918923169609968,
            -2.2304245051876297,
            -1.3192264153166058,
            0.5072689960765799,
            1.5217075014903643,
            -0.31291104315326923,
            -0.03379779104341556,
            -0.04735881847258775,
            1.6423211050004196,
            0.6422675055815065
        ],
        [
            0.5891970405227118,
            -2.208455081377541,
