{
    "N": 64,
    "id": "0d40b8d5-50af-411c-b0fe-060cfacf282f",
    "problem_type": "SK Spin-Glass",
    "distribution": "gaussian",
    "spins": [
        1,
        -1,
        -1,
        -1,
        -1,
        -1,
        -1,
        -1,
        -1,
        1,
        -1,
        1,
        1,
        -1,
        -1,
        1,
        1,
        -1,
        1,
        1,
        -1,
        -1,
        -1,
        1,
        -1,
        1,
        -1,
        1,
        -1,
        1,
        -1,
        -1,
        -1,
        -1,
        -1,
        1,
        -1,
        -1,
        1,
        1,
        1,
        -1,
        -1,
        -1,
        1,
        -1,
        -1,
        -1,
        -1,
        1,
        1,
        -1,
        -1,
        -1,
        1,
        1,
        1,
        -1,
        -1,
        -1,
        1,
        -1,
        -1,
        1
    ],
    "couplings": [
        [
            0.0,
            -0.3042360302968495,
            -0.6207654184132534,
            -0.4904850800345634,
            0.7350355103739706,
            0.4375595497327212,
            0.9327431948847037,
            0.022827300603147176,
            -0.388863607053037,
            0.3192660434726074,
            0.5671004079194407,
            0.7837927650870561,
            -0.825154396752479,
            -0.1428083937509239,
            0.2477620388459216,
            1.0281375085725908,
            -0.7637696301240188,
            -0.42100513774102344,
            -0.20345144143511137,
            -0.33304828526116803,
            0.1446600532084737,
            -0.43082488366797406,
            -0.9348700683507901,
            -0.4091322400666967,
            0.7810306739648142,
            1.2039347737751462,
            0.7503417589492773,
            -0.8515058804964445,
            -0.43673828403982556,
            -1.0480999098543982,
            -1.5882828422655069,
            -0.3717748517574412,
            -0.48060038717464115,
            0.3231559589077256,
            -1.1749063391928687,
            0.6104232882271085,
            -0.44111153389024577,
            0.5410424644080134,
            0.37417922295263134,
            -1.1473389128427023,
            -0.535548235790591,
            2.497144470211308,
            1.8164189744442918,
            -0.867757966687242,
            0.0691705851274527,
            -0.7575747303636421,
            -1.6436408881619538,
            1.1192430485912794,
            -0.4840875914698053,
            0.46948627720502506,
            1.314606295979711,
            0.5198913976299078,
            -0.1886397447875197,
            -0.8553180291412223,
            -0.2362629231761214,
            1.9256636591095226,
            -0.2009966127626613,
            1.2716660549101662,
            -0.1916570796064797,
            0.5041043665140676,
            0.7340266922368107,
            0.43004021628780015,
            0.6834873035025409,
            -0.601110234912719
        ],
        [
            -0.3042360302968495,
            0.0,
            0.26861215719282955,
            -0.21511221767561683,
            0.7415077000218233,
            1.537783995106357,
            1.5483736872687568,
            -1.0993800276049293,
            1.1860750859760876,
            0.8393418957968378,
            0.020057586562006763,
            -0.6064747785145296,
            -0.23135136504797138,
            -0.4603861102052029,
            2.391041371330661,
            1.8680364904078937,
            -0.5397278060553472,
            1.3532100025388978,
            1.3945228730077228,
            -0.3413548307128274,
            -0.06437066781671302,
            0.4553679376462958,
            0.22877307745494288,
            1.9033310630220843,
            -1.5002801233215075,
            -0.22448596212277153,
            -1.4580285973799905,
            1.136397447191251,
            -0.026950448026931896,
            1.3716190219816586,
            0.20943298078691372,
            0.748474129891617,
            -1.2603862802627968,
            -0.06103208597546961,
            -1.3636442935907822,
            1.0149439854292552,
            -0.5234742932679936,
            0.5374936900112044,
            0.42729296624497654,
            1.8632608238302468,
            -1.1366219964411315,
            1.5397331369269915,
            0.3332247933147864,
            1.55077228090115,
            -2.665875111544594,
            0.535166139084724,
            0.20568775777699747,
            -2.0919474095536863,
            0.31689936327401946,
            -1.7342284637191576,
            -0.6832254926760846,
            -0.8747341107744759,
            -0.5237525467350737,
            1.1973042859695469,
            -1.2055599890100193,
            0.6071883790140248,
            0.3828683465698787,
            0.9828194129212343,
            -0.3875576329547624,
            1.6829476398082654,
            -1.9027099724074925,
            -0.15497990871275685,
            1.3464840370135809,
            1.3657496207021858
        ],
        [
            -0.6207654184132534,
            0.26861215719282955,
            0.0,
            -0.43291905249021806,
            0.3559751019822111,
            -0.33240379552310706,
            -0.7988984257383691,
            0.26177660801341673,
            0.3770813717018942,
            -2.1575269867006157,
            1.8782363895634941,
            -0.0692134148330573,
            -0.9417772141593582,
            -0.014276764665038704,
            0.5062547681626003,
            -0.7166273190791976,
            0.1950860532891636,
            0.43356170043040515,
            0.17934926360600453,
            0.15110069178602523,
            -1.3480593620139278,
            -1.2225063979816846,
            -1.3386264665057581,
            -2.2801728901642533,
            0.8807633147314625,
            0.5903328011721156,
            0.2775342333975313,
            -0.633992323127628,
            0.0939798696973334,
            -0.07608715928095532,
            -0.6556595131537685,
            0.5392220638474614,
            0.700391714900504,
            1.1620913959049954,
            -0.0035425726713683285,
            -1.6285279773385222,
            0.9339666885399202,
            0.05674307506204152,
            0.3797423593404907,
            1.327527964219007,
            -0.850358163675647,
            -1.5366708081494862,
            -0.04088105941021814,
            -0.9543873511593097,
            -0.3400421560164749,
            -0.530920003055909,
            1.3584556591641965,
            0.7502881649033193,
            0.291781681133524,
            0.40364270341223496,
            0.07798286062690178,
            -0.7100416183159695,
            -0.6039719410935058,
            -2.103113393191006,
            -1.7518194447226858,
            -1.2007747442509806,
            -1.4282478954995514,
            0.7919403939360155,
            0.07141043266065776,
            -2.6178733409788197,
            -1.558926762042354,
            0.38342325171697084,
            -0.8126934326108657,
            0.9157556498644313
        ],
        [
            -0.4904850800345634,
            -0.21511221767561683,
            -0.43291905249021806,
            0.0,
            -0.4924550307576326,
            -0.08312540332888364,
            -0.15920557466353438,
            0.30202110499352763,
            -1.187395255304224,
            -1.1438789635397437,
            -0.8673954182452258,
            1.50551201472115,
            -1.3841529733476032,
            -0.5226847118129956,
            -1.2390498643540493,
            0.6128442399004713,
            -0.1926535158102283,
            1.039304511877948,
            0.2825311637705233,
            1.421091553360941,
            -0.1494476855197405,
            0.4113450540292157,
            -0.521236947671987,
            1.147316880166878,
            -0.026239796664783602,
            0.6208862407015234,
            -1.6752455256320082,
            -0.09063605536089442,
            -1.2632798899477733,
            1.065789246441987,
            0.62784292934029,
            1.4330175556691922,
            1.08807411463211,
            -0.2922646440140789,
            0.5595712182180036,
            0.9933394410809461,
            0.17671034517275538,
            0.37496344667743514,
            -0.4029117897115282,
            -0.3764958695428578,
            -0.8192432317707429,
            0.9745905482951679,
            1.2349801720826579,
            -2.4475811020682134,
            0.0197307309948199,
            0.08419797040469965,
            -1.061729059164179,
            -0.16221415671139827,
            0.24231608632485957,
            0.8505790607244111,
            1.3674973740364278,
            0.4725417258643334,
            0.1592245972481704,
            1.1262106510845804,
            -1.594500561490387,
            -0.9563314611622566,
            -0.48899365924208965,
            2.0476833005787802,
            0.4077327388857301,
            0.7749522619029653,
            -0.8135679903353474,
            -0.9751114850986948,
            -1.820641260202969,
            -0.3089281328650747
        ],
        [
            0.7350355103739706,
            0.7415077000218233,
            0.3559751019822111,
            -0.4924550307576326,
            0.0,
            1.2611447603229688,
            -1.1255686848665634,
            1.094858404133948,
            1.2738262561621092,
            1.6581514509089677,
            -0.06046159557713208,
            1.07089870237222,
            1.7702298057421795,
            0.2300099170308007,
            1.000679132422981,
            -0.662830799794998,
            0.9278648434259095,
            1.4197543431479553,
            -0.8342245951108552,
            0.4507454107329363,
            1.8308036386766735,
            0.5580390094171958,
            0.467948057568211,
            -0.14249792217002874,
            1.0988389138812507,
            0.050981251600440265,
            -1.1027742337145316,
            0.2812640612283343,
            -0.2344736211344954,
            0.11901867344830153,
            2.075293128366913,
            3.0252488724304283,
            -0.5593446332423039,
            1.2044362533244475,
            0.4239754559258968,
            0.9450206258666686,
            0.7099020934787987,
            1.7578554765631806,
            1.083479864325743,
            1.7315860607087046,
            -0.211525191552996,
            -1.2843983272127537,
            0.8780927554538812,
            -0.275935291917042,
            -0.40052032256241366,
            -2.2778691934970556,
            -0.5013505583065613,
            -1.0983366330004016,
            0.6121556094134826,
            -1.7350555371506062,
            -0.9551693412274399,
            0.3729491042059128,
            -0.04865773569856082,
            0.6151728073582701,
            0.020243768944010452,
            0.09271512793790047,
            0.5952198263629781,
            0.27177211360484305,
            0.9733283475433964,
            1.0929303583763699,
            1.3400266945313588,
            0.700512332522571,
            0.6657520207479483,
            1.1074562967270158
        ],
        [
            0.4375595497327212,
            1.537783995106357,
            -0.33240379552310706,
            -0.08312540332888364,
            1.2611447603229688,
            0.0,
            -1.158256141983784,
            -0.5120904568044583,
            -1.1418370304416072,
            0.5846650050085459,
            -1.526814367585724,
            -0.6848704247750197,
            0.14112245202503962,
            1.9935766966370367,
            -0.09867350076588621,
            0.17193899040852897,
            -1.8862240576474265,
            0.2710826137256514,
            0.6694786737570896,
            -0.6367260772243745,
            -0.7573256271495671,
            0.7545177852057522,
            -0.942988235963005,
            -0.7941404602380656,
            0.6825948782033264,
            -0.34322161610632007,
            -0.7095352895304412,
            -1.893624380556169,
            1.9921419613825861,
            -1.2525457393270576,
            -0.3485760452287338,
            1.0544910460691175,
            0.5985108362762889,
            -0.4052762880020154,
            -0.154688900777654,
            -0.41808452541629315,
            0.014301179458746005,
            0.6865341947630481,
            -1.1736943579359667,
            -0.6008790679168874,
            -0.8008830017166689,
            -1.5205338669712325,
            0.8493627448874564,
            0.7665990183646734,
            -0.8840849367815665,
            -0.3821008216976769,
            0.5267571367680187,
            0.9394764495834128,
            1.6587570488248544,
            1.30718633233528,
            0.2539078893862129,
            1.492104618762041,
            0.6222710729897089,
            1.963243247700172,
            -0.46040015113191124,
            0.7643925271977452,
            -0.09296173646701306,
            0.5779257920152174,
            0.5569569995846854,
            -0.8392762621400156,
            -0.7032369515221016,
            -1.1259481559512532,
            -0.8443271732759129,
            1.4266674846767773
        ],
        [
            0.9327431948847037,
            1.5483736872687568,
            -0.7988984257383691,
            -0.15920557466353438,
            -1.1255686848665634,
            -1.158256141983784,
            0.0,
            0.14310118691312412,
            0.7705752046067817,
            -1.4759980364395255,
            -0.019006794100041333,
            -0.5033649969558152,
            0.9105223272529421,
            -1.209083605041847,
            0.8781930995532405,
            0.29049360614829023,
            1.1488736060032287,
            -1.0506056345154466,
            1.4488154195511485,
            0.7336024887038055,
            0.5974456921181082,
            0.4302147894451208,
            0.7134417575715444,
            0.9714559077061667,
            -0.9581738764298128,
            -1.0140618320654848,
            -0.13861698708063946,
            -1.2454022943961263,
            2.753853080675221,
            1.7848525540138689,
            -0.7727724219885195,
            -0.6548854067892028,
            0.7109016513007772,
            -1.4212094249509546,
            0.8902167918826476,
            0.9336927915486076,
            -2.225012534664793,
            -2.17243180712586,
            -0.11094273078086411,
            -0.12796508948809085,
            -0.6647650706047892,
            -0.3905083419955907,
            -0.8171630925090249,
            1.2967731101062085,
            -0.6503036981582458,
            -0.9315028437380387,
            -1.2964327482989793,
            -0.03873083216026278,
            -0.12749285291772955,
            2.727750693110541,
            -0.5683841962122839,
            0.02280525240650297,
            -1.035986699917096,
            1.393801701076815,
            1.4711339575807811,
            -1.1739790189957326,
            -0.4421145975694813,
            0.24511286801945173,
            0.95117436162259,
            0.17812043363540173,
            -0.5370533450413979,
            0.0346582912930802,
            -0.4664239815051995,
            1.6182674518310967
        ],
        [
            0.022827300603147176,
            -1.0993800276049293,
            0.26177660801341673,
            0.30202110499352763,
            1.094858404133948,
            -0.5120904568044583,
            0.14310118691312412,
            0.0,
            -0.8008765693762583,
            -0.39923264155742877,
            0.23368884154582822,
            -1.4457919203256828,
            -0.2425716705398918,
            0.4766581676836916,
            -0.8079973703086714,
            -0.7100628531957756,
            0.08803840065154155,
            -0.8682646574568268,
            -0.20493832417490745,
            0.6820891920628841,
            -0.17296806030346712,
            0.14950321972607195,
            -1.235791354370026,
            -1.1890869453643762,
            -0.5757923207463573,
            0.0462870122640763,
            0.6054956534308285,
            -0.374763563769915,
            -0.6255521207008101,
            -0.7324590737577421,
            -0.3560951496145105,
            0.06877997283502729,
            1.1876991129133359,
            0.16469668952870598,
            -0.5981491628622906,
            0.43698555411317885,
            -0.6095689916636464,
            0.3993152345293738,
            -0.7516556616984043,
            0.11658811399948868,
            0.39919264600013454,
            -0.9003655604670745,
            -0.6727359498929723,
            -0.5323883863953619,
            -1.3068894773540816,
            -0.2755229009966169,
            1.7566741767195404,
            0.06057294397917488,
            -1.1051289763171426,
            0.15199043758538322,
            -0.5800632824388129,
            0.6663539338626324,
            -0.11334674363350791,
            1.5821978008185447,
            -0.36867668221880007,
            -2.26805290176448,
            1.3544410907435882,
            -2.365671428835643,
            -1.4993334433735528,
            0.2944060876477062,
            1.4312073519673691,
            -0.5224045669538017,
            2.0705354886507212,
            0.06792686315374086
        ],
        [
            -0.388863607053037,
            1.1860750859760876,
            0.3770813717018942,
            -1.187395255304224,
            1.2738262561621092,
            -1.1418370304416072,
            0.7705752046067817,
            -0.8008765693762583,
            0.0,
            -0.27060328698456027,
            0.7379779628599841,
            1.3380755383786658,
            -0.15151645845229847,
            1.2640762085030806,
            -0.8419909674670495,
            0.4590074240287538,
            -1.3573585715137937,
            -0.7350637421688742,
            0.17489399759759092,
            1.5019727107626193,
            -0.8733370897684859,
            0.5836078509985279,
            0.548541452349396,
            -1.591687839605331,
            -0.1417970522046022,
            -0.5522716765149188,
            0.9068590228724209,
            1.5429633995446512,
            -0.3168875324708989,
            0.8649204801429152,
            0.31399957952911833,
            0.5099749159461477,
            -0.3082085675721223,
            0.8420444472175957,
            1.2753010105680282,
            0.018990745440918368,
            -0.9887455944923911,
            -1.1366921661824423,
            -0.9003369952695875,
            -0.8707077000416844,
            -0.8764113354907983,
            -0.051254198318007295,
            0.1589437965368689,
            1.3474938510143948,
            0.5172244460617734,
            0.3566993771531388,
            0.5038809560687181,
            -1.271261066590156,
            0.7713817400341704,
            -0.05659145962714341,
            -0.008123563490909905,
            -0.7303282994194636,
            -1.3136429350262926,
            -0.1247958984041264,
            0.07622573229175383,
            0.44365736066056344,
            1.886762361148291,
            0.17677162972517013,
            1.1566698077654276,
            0.11247950744097825,
            0.4612253849701861,
            0.004812100772875184,
            -0.07299239632103816,
            1.4053055690498624
        ],
        [
            0.3192660434726074,
            0.8393418957968378,
            -2.1575269867006157,
            -1.1438789635397437,
            1.6581514509089677,
            0.5846650050085459,
            -1.4759980364395255,
            -0.39923264155742877,
            -0.27060328698456027,
            0.0,
            -0.817849167890919,
            -0.2924710000629288,
            0.5671460304996203,
            -0.2557055764684217,
            0.17844788859776245,
            0.9145475215388046,
            -0.6318504090169009,
            1.1073300003742104,
            -0.6284527965293181,
            -0.6044313023496459,
            1.099473462306922,
            0.5753174103942955,
            -0.49207814757373364,
            0.5759428733173938,
            -0.3973125480786917,
            -1.2532781331747138,
            0.20052799647168415,
            0.42362725128978335,
            -0.060484858491671144,
            1.7965116423445522,
            0.8509454407934943,
            0.3945425165290983,
            0.9289788666295138,
            -0.4742989924653923,
            2.713865939873842,
            -0.09914218935877937,
            -0.02132175714459088,
            -0.5319515486918697,
            -0.8385904281522569,
            -1.68183606543463,
            0.2801518338884915,
            -0.007384177873443634,
            -1.2631101268354665,
            -0.6631917754183352,
            -0.08192158774032605,
            -0.591892069839807,
            0.3317716726219238,
            -0.18670793483378392,
            0.4614045985230316,
            0.7895116897307853,
            -3.642277886792872,
            1.7190164907983088,
            -0.10389972590888502,
            -0.7391897417061466,
            1.2626769097484978,
            -0.27637656621471407,
            -0.08123586823088892,
            1.0045438442911843,
            -1.7906175211558948,
            1.6422373609563676,
            0.5845091656756769,
            0.5025113027549702,
            1.0386751396805618,
            0.09943083861310544
        ],
        [
            0.5671004079194407,
            0.020057586562006763,
            1.8782363895634941,
            -0.8673954182452258,
            -0.06046159557713208,
            -1.526814367585724,
            -0.019006794100041333,
            0.23368884154582822,
            0.7379779628599841,
            -0.817849167890919,
            0.0,
            -0.5036300074798628,
            -2.0086540198326115,
            0.781252257066296,
            -0.8287466667697962,
            -0.11485633774233013,
            0.16560274082758417,
            0.9270180288550418,
            0.6248281910971644,
            2.1948808838004945,
            -0.712993371563023,
            0.6906748982097347,
            -0.5863929204592878,
            0.997606271106945,
            -1.4828554096995608,
            1.254989071066102,
            -1.1959246398067276,
            0.16705195728130498,
            -0.8880216539831958,
            0.5348944483402415,
            -0.6124901938011378,
            -0.36355455329762404,
            -0.602083587916642,
            -1.2959576439591856,
            -0.9178053237101665,
            0.26707558327856673,
            -0.1258038147058109,
            0.5113464599978668,
            -0.29324396222718957,
            1.2654831536598368,
            1.3581933071217038,
            -0.15338113642532655,
            0.5723524792125306,
            1.3766300586450602,
            0.06098400952980135,
            0.15727266528595385,
            -1.1254529002838392,
            0.3670483962084314,
            1.341064969252709,
            1.042331414013751,
            2.159415692904572,
            -0.08948797258528858,
            0.8246820206516855,
            -0.2561817279289812,
            0.8666046009141145,
            1.3001074899967664,
            0.23062645080938438,
            -0.2206796440024837,
            -1.1235584842512785,
            -0.4069635515761964,
            -0.7848848173490252,
            0.02432613358350871,
            0.18347640215355665,
            0.7281436945384016
        ],
        [
            0.7837927650870561,
            -0.6064747785145296,
            -0.0692134148330573,
            1.50551201472115,
            1.07089870237222,
            -0.6848704247750197,
            -0.5033649969558152,
            -1.4457919203256828,
            1.3380755383786658,
            -0.2924710000629288,
            -0.5036300074798628,
            0.0,
            -2.25708090155646,
            -0.343366236221315,
            -0.8842298095354663,
            0.3509400656581671,
            0.06274324540853503,
            -0.5772939804526388,
            0.12422562433345259,
            -1.6471284562041333,
            0.5481608512139938,
            -0.4147644992004859,
            1.9503360629960838,
            0.8707235557519888,
            1.584769189592826,
            -0.7577933917576041,
            -0.9282709276905253,
            2.608659777534533,
            0.40182180163523007,
            -0.9112838189451293,
            0.27737356062483676,
            -0.41666601808025944,
            0.3091320255935108,
            -2.101745798716298,
            -0.5534030132358704,
            1.479803534062931,
            -1.8246789072227294,
            0.7569391992555218,
            0.12560088056904137,
            1.5706058141796275,
            0.730513539759573,
            -0.28930244619008894,
            -0.03320428565702148,
            -1.4702610351574277,
            0.9903692082643312,
            0.26399777534968405,
            0.30348622295462446,
            0.6743570286624286,
            0.38710947613606356,
            -0.1645427522561053,
            -0.20942398448146013,
            0.5416955649053928,
            0.10606333212084332,
            0.3488158422841281,
            -0.3614256864261361,
            -1.2396112111280102,
            -0.8709447824008621,
            -0.09936674054117706,
            -0.007080949372979501,
            1.1215892005419323,
            -1.8649793801866188,
            0.980806535116587,
            2.3283110470196062,
            -0.7671318148318157
        ],
        [
            -0.825154396752479,
            -0.23135136504797138,
            -0.9417772141593582,
            -1.3841529733476032,
            1.7702298057421795,
            0.14112245202503962,
            0.9105223272529421,
            -0.2425716705398918,
            -0.15151645845229847,
            0.5671460304996203,
            -2.0086540198326115,
            -2.25708090155646,
            0.0,
            -2.7064653373396608,
            0.030851684234785834,
            -0.6226908623214957,
            0.3305206531024021,
            0.8495706540056416,
            -1.1868228306633828,
            1.6035431636380664,
            0.31419602037699146,
            -1.116919204907754,
            1.1985600265178933,
            -1.1992130773435101,
            1.1735982010167152,
            1.3925392992037944,
            -0.21988138234849308,
            0.49766362513967,
            -0.9473882290106125,
            0.09726082789038232,
            -0.42825572607243007,
            0.7603757250138131,
            -0.5430032079822171,
            0.3490138981215504,
            1.7094732615101607,
            -0.5023375798236591,
            2.0381420393239034,
            1.0857309350226392,
            0.349015289276648,
            0.2741301355522006,
            -0.6936327957526103,
            0.10048330105403316,
            0.3343920753504703,
            1.5495444488720613,
            1.0779178781237027,
            -0.008242393681683642,
            0.417407576465884,
            0.5813122981438062,
            -1.4234993094337942,
            -0.4352217215741519,
            0.5095545449373549,
            -1.4697613031894827,
            -0.1399499300607629,
            -1.5878234952534716,
            -0.26182159619274104,
            -0.154790891307174,
            -0.21578887638207866,
            0.3772096221943185,
            -1.0471928821372185,
            -0.3430995438093204,
            2.333405830267185,
            0.9679569402810472,
            2.513099130848864,
            -0.20147684449208553
        ],
        [
            -0.1428083937509239,
            -0.4603861102052029,
            -0.014276764665038704,
            -0.5226847118129956,
            0.2300099170308007,
            1.9935766966370367,
            -1.209083605041847,
            0.4766581676836916,
            1.2640762085030806,
            -0.2557055764684217,
            0.781252257066296,
            -0.343366236221315,
            -2.7064653373396608,
            0.0,
            -1.419026832957489,
            -1.9649252879635302,
            0.20503759363015447,
            -1.0931658064910976,
            -0.6876391201395547,
            0.341697441718873,
            -0.3114819311407363,
            0.598877493912419,
            0.2870076940151931,
            0.09920013145523986,
            1.4833013582551005,
            -0.0900656067107426,
            -0.24190303202849833,
            1.4256368862851927,
            0.36425318796249356,
            0.8655694867064525,
            -2.3889910115432835,
            1.0299469769353935,
            -1.3918900439674333,
            -0.20480397461874816,
            2.3334295021375002,
            2.2569548119487126,
            -0.7126265615648245,
            -1.33310439354088,
            -0.30237311134013384,
            0.8486773802639431,
            0.06412363847934201,
            0.6540442748294536,
            -0.38462511881600214,
            -1.7363329980543483,
            -0.4785405826690652,
            0.6907929127086075,
            0.2138731707070588,
            0.9038176435968457,
            -2.553149072656127,
            -0.4373444441822234,
            -0.04151642035542932,
            0.7387221357846195,
            1.6011492076372251,
            0.46679669871529983,
            -0.036105704296750335,
            0.6461484125841829,
            -0.5224888447300587,
            -0.7301880001208024,
            2.30072406118067,
            1.090194757355354,
            -1.2093169312811478,
            1.218604415161516,
            0.860513760116388,
            0.05115718278151696
        ],
        [
            0.2477620388459216,
            2.391041371330661,
            0.5062547681626003,
            -1.2390498643540493,
            1.000679132422981,
            -0.09867350076588621,
            0.8781930995532405,
            -0.8079973703086714,
            -0.8419909674670495,
            0.17844788859776245,
            -0.8287466667697962,
            -0.8842298095354663,
            0.030851684234785834,
            -1.419026832957489,
            0.0,
            -2.1241604400709915,
            -1.2205089593663254,
            0.8238845929593915,
            -1.9372871148587851,
            -0.5822157016476925,
            -2.50381195900652,
            0.6773539235507652,
            1.4552534363006797,
            -0.5142295297967056,
            0.5166167078145889,
            -0.10481319725415393,
            -0.6237761058513527,
            -1.835168321509342,
            -1.0618974549802487,
            1.0580869555107775,
            -1.209694497516067,
            -0.5686536472704227,
            -0.5498816510432522,
            0.1569907167134971,
            0.7122539771417342,
            -1.0137086443266365,
            -0.1061249195698017,
            -1.1115302108540084,
            1.8079652978057048,
            0.4067359382664991,
            -1.1330325586375627,
            1.3446886345329105,
            -0.1580140117564215,
            0.3287122423041427,
            -0.8180966869938922,
            0.19541718639322903,
            0.8662888058163736,
            0.04219036022343217,
            0.07048269763566366,
            -1.935082728911175,
            0.025927324596164016,
            0.5744850693396878,
            1.038083370306756,
            1.177077046794208,
            -0.6903752656194533,
            -0.11092435495889032,
            0.7406108904962289,
            -1.233584622997618,
            0.21498893423876125,
            0.3525605131730803,
            0.4315601597162848,
            0.47938025799079276,
            -1.7136037209646555,
            -0.048999189692877546
        ],
        [
            1.0281375085725908,
            1.8680364904078937,
            -0.7166273190791976,
            0.6128442399004713,
            -0.662830799794998,
            0.17193899040852897,
            0.29049360614829023,
            -0.7100628531957756,
            0.4590074240287538,
            0.9145475215388046,
            -0.11485633774233013,
            0.3509400656581671,
            -0.6226908623214957,
            -1.9649252879635302,
            -2.1241604400709915,
            0.0,
            -1.081934938416423,
            0.40446489310769684,
            0.983763185087232,
            0.15546781336325424,
            1.0741854830611486,
            1.216962914480385,
            1.2890974871017509,
            -0.6044240296653417,
            -0.8780154651235794,
            -0.5938906533884305,
            0.5922538051929391,
            -0.5789554020947776,
            -0.12374246402141172,
            -0.4198092043887489,
            -0.8053411096186428,
            -0.0033048037933748205,
            1.7438748459546172,
            0.8652647186398729,
            1.0201827252922773,
            1.0394805042922752,
            0.5326844485282272,
            0.6260597709115558,
            -0.7086575187199873,
            -1.549356771738101,
            0.42549353006017226,
            1.4847233510817446,
            -0.2958512030882271,
            -1.442706507841457,
            -0.7379808631929917,
            -0.5191862877448897,
            -0.031824499853400905,
            -0.6695261495068473,
            -1.2000979805770018,
            2.445593503037614,
            1.931638753556956,
            -0.8880344351788065,
            -0.7270558175875791,
            -0.2404411219951816,
            -0.07603715810919211,
            -0.16386088411587005,
            2.036467222842181,
            -1.0965693533496557,
            -1.932495256198147,
            -0.5315973254691438,
            -0.45221637908796364,
            2.179790334457866,
            -0.1301202460308894,
            -1.8884636618685013
        ],
        [
            -0.7637696301240188,
            -0.5397278060553472,
            0.1950860532891636,
            -0.1926535158102283,
            0.9278648434259095,
            -1.8862240576474265,
            1.1488736060032287,
            0.08803840065154155,
            -1.3573585715137937,
            -0.6318504090169009,
            0.16560274082758417,
            0.06274324540853503,
            0.3305206531024021,
            0.20503759363015447,
            -1.2205089593663254,
            -1.081934938416423,
            0.0,
            1.7497646127116377,
            -0.21551408563751726,
            -0.31037438488343716,
            0.3965363803673017,
            -0.940658929617692,
            -0.900950944536889,
            -0.5459610340757913,
            -0.07868553707071786,
            -0.6552131279405216,
            -1.0413429687051372,
            -1.402641073349082,
            -0.6473560529345178,
            -0.5499396220244422,
            -2.2562221557793425,
            -0.3470613155553677,
            -0.9597831968280878,
            -2.3167572327052395,
            -0.01666484710365182,
            -0.6351393528852077,
            0.5660129882274184,
            0.6063046686396747,
            -0.21488605675476097,
            -0.5061890440667873,
            1.5216121246261471,
            0.25448029296756597,
            -0.5510981599857615,
            0.23428716165530306,
            -1.2254239010044046,
            1.9608012762613811,
            2.6146656245465048,
            -1.4557312680577725,
            -0.0548581445328819,
            1.082263482121431,
            -0.30710748940422017,
            -1.1483987450178086,
            -1.535555518496774,
            0.22485016148560907,
            -0.9235034435083082,
            0.7177217091081685,
            -2.3424663798897045,
            0.2306673238569242,
            0.1510862844750201,
            0.2839796288517278,
            0.7334640590316237,
            -0.14969750471177587,
            0.7498200873812428,
            -0.16161453930420774
        ],
        [
            -0.42100513774102344,
            1.3532100025388978,
            0.43356170043040515,
            1.039304511877948,
            1.4197543431479553,
            0.2710826137256514,
            -1.0506056345154466,
            -0.8682646574568268,
            -0.7350637421688742,
            1.1073300003742104,
            0.9270180288550418,
            -0.5772939804526388,
            0.8495706540056416,
            -1.0931658064910976,
            0.8238845929593915,
            0.40446489310769684,
            1.7497646127116377,
            0.0,
            0.2942057126547218,
            -0.5959735917861703,
            -0.6281614836281545,
            -2.0352310638264313,
            0.01767667673446142,
            0.6390782894955486,
            -0.3798906706027999,
            0.7338913658428341,
            0.5215128683615313,
            1.3144933054786188,
            0.8717648371214098,
            1.497429200068644,
            0.32413624528455887,
            -0.01761623653866888,
            -0.16825012004480033,
            -0.6470898809107792,
            -0.28375829007580744,
            -1.1070993472049244,
            0.4355895977406828,
            -1.9965425978821658,
            2.146901728640367,
            0.9196587014825053,
            1.5070155369624991,
            0.8612283474580346,
            0.6954086910147004,
            1.824608069436551,
            -0.7928452497599628,
            0.44844397973189815,
            -0.056383933641125816,
            -1.3292125368544563,
            -3.6987794622339694,
            -1.2166515736227255,
            0.7215799640028874,
            1.110545690900811,
            0.5204115149375542,
            0.181719830132474,
            0.2443141277225458,
            -0.23637610776868312,
            0.9610555256107782,
            -0.40305533964976464,
            0.013996678841609954,
            0.3766527037113775,
            -0.511188122478717,
            0.1981040405299483,
            -0.6406863032417082,
            0.2360854837555774
        ],
        [
            -0.20345144143511137,
            1.3945228730077228,
            0.17934926360600453,
            0.2825311637705233,
            -0.8342245951108552,
            0.6694786737570896,
            1.4488154195511485,
            -0.20493832417490745,
            0.17489399759759092,
            -0.6284527965293181,
            0.6248281910971644,
            0.12422562433345259,
            -1.1868228306633828,
            -0.6876391201395547,
            -1.9372871148587851,
            0.983763185087232,
            -0.21551408563751726,
            0.2942057126547218,
            0.0,
            -0.4582471223177892,
            1.1920802298500637,
            0.5162165634415119,
            -0.657145674140876,
            0.3390518329847102,
            1.8327949347869743,
            -0.15671646247272422,
            -0.7875869979565581,
            -2.0562816041729017,
            -1.9769248485027888,
            -0.10105715615590792,
            -0.7995520919334209,
            0.377284467622046,
            -1.107649378730425,
            -0.17735004255929437,
            0.8528738157473845,
            -0.47926505057486013,
            -0.6404641431729906,
            -0.7600348914832707,
            -0.2791593093882149,
            -0.07350994385453866,
            1.4736023821808644,
            -0.9664123647348504,
            1.74867322489119,
            0.012987412881466822,
