{
    "N": 64,
    "id": "de1396b1-e977-4e35-b044-55c24e57c5e5",
    "problem_type": "SK Spin-Glass",
    "distribution": "gaussian",
    "spins": [
        -1,
        1,
        -1,
        -1,
        -1,
        -1,
        -1,
        1,
        -1,
        -1,
        -1,
        -1,
        -1,
        -1,
        -1,
        1,
        -1,
        -1,
        -1,
        -1,
        -1,
        1,
        -1,
        1,
        -1,
        1,
        -1,
        -1,
        -1,
        1,
        -1,
        1,
        -1,
        1,
        -1,
        1,
        -1,
        -1,
        -1,
        -1,
        -1,
        1,
        -1,
        -1,
        -1,
        -1,
        1,
        1,
        -1,
        1,
        -1,
        -1,
        1,
        1,
        -1,
        -1,
        -1,
        1,
        -1,
        -1,
        -1,
        -1,
        -1,
        1
    ],
    "couplings": [
        [
            0.0,
            -0.6294965525317817,
            -1.1287057789548949,
            -0.886752781225529,
            -0.3549607621039675,
            -1.0037825095264756,
            -0.031789021383306824,
            0.691747927557732,
            1.1643342320513104,
            0.23529131642307324,
            -0.47107975907324817,
            0.4236745509472477,
            1.0483081076749328,
            -0.2228919965173967,
            -0.5365132983883918,
            -0.4283698045335578,
            -0.6324578664578325,
            -0.568285740187495,
            -1.9893699871080932,
            0.38786901115962846,
            0.02985397055786255,
            0.45770334490694775,
            0.1172925259504044,
            -0.8287993873879267,
            0.01918397993342795,
            1.8258422053742371,
            0.9643055290497522,
            0.27452346164381397,
            -0.17664104739549624,
            -1.2140074449105063,
            0.10896032550872699,
            -1.7842503278290218,
            -1.4972714942207574,
            0.00718489117075991,
            0.6020948775742991,
            0.00023980756403237894,
            -1.1055271720723523,
            -0.5928971874514756,
            1.632971896690971,
            -1.6273106551651133,
            -1.5996497473854296,
            -1.3156262725308399,
            0.9923195887144047,
            1.284433539216663,
            0.4162024980731199,
            0.6165936777393937,
            -0.21378913188839305,
            -0.32551808290616907,
            3.2849633007134673,
            -2.2941761440798807,
            -0.12355504625862383,
            -0.38256724532403397,
            0.0693036714620395,
            -1.6688703298943282,
            -0.9172558980198402,
            0.8078755773211923,
            -0.013480574629734687,
            -0.1958782241059199,
            0.011990741762878192,
            1.9522143369158835,
            -1.5201579807889103,
            0.5091555047303784,
            -1.2685765985266357,
            -0.9508826794464106
        ],
        [
            -0.6294965525317817,
            0.0,
            -0.566814749151719,
            1.7756529412219233,
            1.817391733582422,
            0.4553702426164457,
            -0.5629909494359835,
            0.05551962677795389,
            0.10879974376291028,
            -0.5544894510633204,
            -2.218240009760864,
            1.3610345586062185,
            -0.030122515515016983,
            -1.3749929624815709,
            -1.398892196164243,
            0.2719291954859201,
            0.5721635537282611,
            0.405757138387037,
            -0.06744453796808826,
            0.9193654103912899,
            -0.37630934855076653,
            1.5554266497902698,
            -1.1303350186629688,
            2.884554243441933,
            0.23114157072831248,
            -1.0994374824285604,
            1.3371454460295535,
            -0.8587711655089223,
            -0.1718886798593692,
            0.7183848203016366,
            0.5692753461454689,
            0.656768651140041,
            -1.375399067512415,
            1.7341585184979436,
            0.05601223131395612,
            0.7765772587048645,
            -0.5862972793383414,
            -0.4051808078640969,
            0.5473682499671324,
            -0.014101506586626933,
            -0.1119341180154965,
            -0.7617594598771129,
            -0.8175353379969255,
            -1.5444114528586819,
            0.06546842251571303,
            -0.2181019671345996,
            -0.34290884221963797,
            -0.1432411083567916,
            -0.8444518648181428,
            -0.8302146033666787,
            -0.23907743549564128,
            0.23047828431039016,
            -1.1353155849803074,
            -1.41692627436652,
            -0.7162787883092434,
            -1.0506615888655402,
            0.3819162802489862,
            0.6877470268855153,
            0.2739126111219482,
            -0.9312453386118175,
            0.9991431065896823,
            2.0456002233406485,
            -0.26790011657406243,
            2.2084692291230494
        ],
        [
            -1.1287057789548949,
            -0.566814749151719,
            0.0,
            1.656605108207544,
            -0.6627741029406928,
            -1.6592473835000283,
            -0.18237684900498327,
            -0.7218706969178428,
            1.1569722400636033,
            0.5126956660025712,
            -0.19753520057051424,
            -0.620836981966049,
            -0.9580102662134966,
            -0.057964476706253834,
            0.5609310746586972,
            -2.1723798468027464,
            1.5195669241080791,
            0.3163780915808053,
            -1.455384530169301,
            1.272421409126951,
            0.0002924014645333879,
            -1.6702384088626514,
            0.871748286253431,
            -0.9291791261466145,
            -0.4137518535127106,
            1.0468411520054712,
            -1.1795649681726534,
            -0.7435707129569809,
            -1.113452204600824,
            -0.35217185035711857,
            2.0692518433571006,
            0.2391279812010458,
            1.5109940363493621,
            -1.1750260694024106,
            -0.3603341984295639,
            -0.7541203880736634,
            -0.9529065847162499,
            1.1042296616034273,
            0.4584215070347994,
            -0.5115566970063318,
            -0.5561498347472718,
            1.5930549851751041,
            0.46188509276819384,
            0.03641184127814503,
            1.7371780308556852,
            -0.5161107941948184,
            -0.04546420683278763,
            0.7079375647589456,
            -0.535254399793825,
            1.4659113476094914,
            0.8273611634048428,
            1.7150602379071143,
            -0.13013497446565178,
            -0.7990198258141087,
            0.2736614753649563,
            -0.21420057151478555,
            -0.6915208536150511,
            -0.7226800424276599,
            -1.6472281843371994,
            0.538767210637529,
            -0.8979369429149113,
            1.3884561566319369,
            0.4777572833254277,
            0.500113927305686
        ],
        [
            -0.886752781225529,
            1.7756529412219233,
            1.656605108207544,
            0.0,
            -1.3275811640474002,
            -0.41973804027650613,
            -1.3982228168011381,
            -0.0625985390794266,
            1.8620829785752016,
            0.33197475975671836,
            -1.110850856259693,
            0.16751638923921494,
            -0.788215829925952,
            -0.1524127226650554,
            -0.9844903124637929,
            -0.13478833496774292,
            -1.7166303368682039,
            -0.055776463518048,
            0.6105948463577692,
            -0.3645199213477567,
            0.40122587370260987,
            -0.21211030937174843,
            0.5460114746550355,
            0.01321362722237878,
            -1.3578496561880913,
            -0.29016580389757174,
            -0.6074404482670916,
            0.6135481265949957,
            0.06108719444310014,
            0.44651600389143864,
            0.5763200582606139,
            -0.9974616395970491,
            -0.21557463755740738,
            -1.4295281399045434,
            -1.0003145769950987,
            0.37243005767958737,
            -0.7675692917693693,
            -1.9048295655064063,
            -0.3219869478895147,
            -0.3401605789156355,
            -0.43430605466357547,
            1.873703420446894,
            -0.7902732209582403,
            1.579826934208566,
            0.25898836399383496,
            1.406323177991507,
            -0.7504418824988762,
            -0.6138891739044345,
            -0.28269690110690304,
            1.1167898684118298,
            0.3552241539754429,
            -1.032846887915103,
            -1.8954648107336207,
            -0.49733145726031586,
            1.0717171330729593,
            -0.12791239507886773,
            0.7801014181406197,
            0.07689285970297759,
            -1.3544232001984104,
            -0.6267976169873883,
            1.3552511737465365,
            1.120502646476422,
            -2.3043617063443063,
            -1.0530946627719902
        ],
        [
            -0.3549607621039675,
            1.817391733582422,
            -0.6627741029406928,
            -1.3275811640474002,
            0.0,
            0.5987762418752524,
            -1.2548271309343018,
            -0.4275286078437647,
            -0.24631769668595585,
            -0.5147958681536956,
            2.0630736087091126,
            -2.088423932479074,
            -0.43104708088005367,
            0.32652481565853486,
            -1.1899395701411304,
            -0.04058771341808515,
            0.027758199511190625,
            0.31194641723889854,
            -1.7182738561555737,
            -0.43557045908926056,
            -1.036390696114007,
            -0.35651059424544573,
            0.7236536790775405,
            -1.1345139094747614,
            2.261593595340246,
            -1.406663306878272,
            0.38569685512231916,
            -0.03487333102311061,
            0.7086860342766002,
            0.6637097146318692,
            1.5805665139330958,
            -2.1548145268843104,
            -2.1447471881265243,
            -0.8631507797709169,
            -1.953566818133962,
            1.1432241990568361,
            -0.6212607079838464,
            1.8980833229595666,
            0.40824422550127637,
            -0.6172271403002128,
            -0.5881937452055984,
            -0.050408368441153414,
            1.758778546600575,
            1.034156445067735,
            -1.128488874586261,
            -1.258817407252679,
            -0.25835406137768097,
            0.8506611925215914,
            -0.9455693129089465,
            -0.2177029371542881,
            -0.22841484852141997,
            0.7511497451764161,
            0.0369578651628909,
            -0.4611349580463407,
            0.26927240850222434,
            0.6299064986356007,
            -0.9673789759875331,
            -1.7031168890005157,
            0.3752904004387337,
            -1.1601441613982166,
            -0.5781327537355692,
            0.21123998067609603,
            -0.799416935248551,
            0.15389518485858614
        ],
        [
            -1.0037825095264756,
            0.4553702426164457,
            -1.6592473835000283,
            -0.41973804027650613,
            0.5987762418752524,
            0.0,
            -1.859024526395533,
            0.31986231673907073,
            0.28974540496001694,
            -0.9378224688470288,
            0.3873850121634679,
            1.071984150763308,
            0.5469168255309417,
            1.166612708929523,
            -1.7968251643920068,
            -1.886409192954353,
            -0.4480661414020811,
            -1.2936141042351588,
            0.17172801165568338,
            -0.8427131143244905,
            -0.993336171756425,
            1.3828437100532762,
            -1.3671725962864685,
            -0.5989118909167344,
            0.5888207065475408,
            0.10652428081786562,
            0.8181697810300907,
            1.2499552774527143,
            -0.04100773853995388,
            -0.12096948356231978,
            0.2866711587036035,
            -0.18640062369510862,
            -1.0719273021438138,
            -0.4304688488154437,
            0.3861602277898764,
            0.09212411804572035,
            0.44215456874832193,
            0.3118082920049386,
            2.1399593089059454,
            1.2085277178038623,
            0.28832108842959503,
            0.07345465396576747,
            -1.3929272095902396,
            -0.9753795204317047,
            -0.9928858933150667,
            -0.11872104038315992,
            -0.25725665793722235,
            2.080821696959011,
            1.0209900824323703,
            -0.2669523850257535,
            -1.36572324616945,
            -1.0313787374799,
            -0.9853905743778896,
            -0.9147915236901156,
            -0.05177833049718364,
            -0.8183296463483143,
            -1.5927037626499656,
            -0.19517889851686882,
            1.1898852622472256,
            0.787786826679574,
            2.249159261168914,
            0.29482877970814436,
            1.7473277381604657,
            -0.6144744141889037
        ],
        [
            -0.031789021383306824,
            -0.5629909494359835,
            -0.18237684900498327,
            -1.3982228168011381,
            -1.2548271309343018,
            -1.859024526395533,
            0.0,
            -0.06466378644270492,
            0.43402335482198817,
            -1.2676481171928773,
            0.5428090453424569,
            0.5631623091435335,
            0.2780442227787749,
            -0.6647217150060172,
            0.41195336990219217,
            -0.2892255140822501,
            -2.1659126639680677,
            1.494983184617517,
            -0.0009748160419923744,
            -0.9288142272270032,
            -1.0065565672433447,
            0.628355391068611,
            -0.6427174101783072,
            -1.7045141675881141,
            -0.19780107023604887,
            -0.0044543389701863145,
            -0.8087337284321273,
            0.46441261363439795,
            -0.4440433684561239,
            0.8522431101969635,
            0.0982902541187506,
            0.6625139267556159,
            -0.5421364241646207,
            0.8870253064268543,
            1.5874829188230666,
            1.0124906586887954,
            0.6316193537283171,
            1.3732983744309908,
            0.2942652477410943,
            -0.2175746326486121,
            -0.3643555089166397,
            1.5679831346249817,
            1.197499273441513,
            0.7530947937218107,
            -0.2019456173963508,
            1.067637116322661,
            -1.2459950398326909,
            -0.004252712404302958,
            -0.4443822096533344,
            -0.6062852892793973,
            1.4384919000061442,
            -0.5678834042497505,
            0.6550745584464507,
            -2.092342475491671,
            1.3980782320502547,
            -1.2923745253033132,
            0.05210412419377954,
            0.6762220483798929,
            0.8431437835831926,
            -0.5531548091624323,
            0.10528894796160389,
            0.8578126307982213,
            0.06680603911154766,
            0.6407182713875077
        ],
        [
            0.691747927557732,
            0.05551962677795389,
            -0.7218706969178428,
            -0.0625985390794266,
            -0.4275286078437647,
            0.31986231673907073,
            -0.06466378644270492,
            0.0,
            0.8156125138298651,
            -0.5560594768055048,
            -1.476742205965538,
            1.9644799894565539,
            1.7142822750755606,
            -1.053141605396596,
            -0.8328733971029085,
            -1.3017414719682971,
            0.8337530352584812,
            -1.8489563908072837,
            -1.4887002821238495,
            -0.6118764753823772,
            -0.04741911046923771,
            0.742877082332057,
            0.08925671196786002,
            0.44755315636430004,
            0.5918230892895056,
            -0.9531783074843384,
            -0.6175022095959738,
            0.5321273274961559,
            0.7280208963709258,
            0.778225495562785,
            0.4213908443508545,
            -1.812877117323592,
            0.5085901427221117,
            -0.8294449038973223,
            -0.47225710299664125,
            -0.5884275284261807,
            0.16648645888757374,
            -1.087702624237002,
            0.14704170384271273,
            1.142361578542807,
            -0.5288955331549829,
            0.4381237984469585,
            -0.7643089789780693,
            -1.3142444815585141,
            -0.11794743322316217,
            0.12178506843259082,
            1.7610544698002852,
            -1.7054698392287224,
            0.46309326253092276,
            -0.5977425755774731,
            -1.4869621681649665,
            2.250997238007403,
            0.07601398778337069,
            0.8151156719353698,
            -1.429303613510919,
            1.7700602958725302,
            2.138800041796563,
            -0.674992116364704,
            -0.14015778228171308,
            -0.2879752775954053,
            1.0347823943856969,
            0.905296582598772,
            -1.8919059298408465,
            -1.5432532617777284
        ],
        [
            1.1643342320513104,
            0.10879974376291028,
            1.1569722400636033,
            1.8620829785752016,
            -0.24631769668595585,
            0.28974540496001694,
            0.43402335482198817,
            0.8156125138298651,
            0.0,
            1.2025055178078683,
            -0.346739019250472,
            -0.768690717017364,
            -0.7677707665260513,
            0.1221291397334961,
            -0.8186551277368693,
            1.239242213361186,
            0.033857741880176186,
            0.3448503423947768,
            -0.9932524143273718,
            -0.17861653722121937,
            -0.40436235568005474,
            -1.207880942405423,
            -0.5604292274311089,
            -1.1039530324235953,
            1.3915445890131577,
            0.15811313944858893,
            1.5703827314068255,
            0.03835847229370571,
            -0.6802930414406161,
            0.7338946250008432,
            0.2793545371647324,
            -1.8279530559035229,
            -1.2613721865908938,
            1.716470111879969,
            1.081525541672681,
            -0.2200042440359227,
            0.6917613665482125,
            1.2216154751875445,
            0.008671218472142979,
            0.47205234545928404,
            2.1874859276836243,
            -0.21258766778681318,
            0.8388285873717811,
            0.3281840415459203,
            -1.0374172993181268,
            -0.30635159279903024,
            0.6715177161566608,
            0.5883934137244685,
            1.0775997387066598,
            1.1107507980230966,
            0.35404492338824023,
            -0.055701717922605094,
            1.8421318424773077,
            -0.11567058746932896,
            0.8120648409077152,
            -0.6619784128622209,
            -0.6544858367849371,
            0.35930673698735255,
            1.3172697842938168,
            0.48249814381557005,
            -2.137635406466469,
            -1.0367170928822127,
            0.12089678314204058,
            -0.31120383223296416
        ],
        [
            0.23529131642307324,
            -0.5544894510633204,
            0.5126956660025712,
            0.33197475975671836,
            -0.5147958681536956,
            -0.9378224688470288,
            -1.2676481171928773,
            -0.5560594768055048,
            1.2025055178078683,
            0.0,
            1.5019154525947946,
            0.8828830738554375,
            -1.7045010701401568,
            1.7544922282738924,
            0.5262111057827759,
            0.40745308395344887,
            -1.105105190034652,
            -0.26657191100621136,
            -0.3862164229312793,
            -1.1428806360601684,
            -1.3677680214848815,
            -1.3941364266321095,
            3.0606115255202933,
            -1.5356799582017084,
            0.5626154462622179,
            0.5799593347077889,
            1.2903930110106765,
            0.4835038364707711,
            -0.49057838073011334,
            -0.059441081768863854,
            0.1363111364067444,
            0.4695317649915274,
            1.879010625878081,
            -0.9134453900703774,
            0.6234232341322281,
            -0.5787616404756419,
            0.2802063451603999,
            -1.33563916802891,
            0.29839348818316813,
            -0.09454635022697554,
            0.8850280560746016,
            0.23956335290696532,
            0.24861389583375895,
            -2.028576245565855,
            0.33936007135435353,
            1.2761064000281224,
            -0.7833777550349157,
            0.23140838754868043,
            -0.39995882429771334,
            0.37249199087947693,
            -0.6173879303301577,
            0.16237424743058448,
            1.4047644468274738,
            -0.43317454044436476,
            0.588654959761613,
            0.03287335249290379,
            0.06663260743768577,
            0.09964633782568445,
            1.5249216035321853,
            0.15345096654366577,
            0.040708081301913744,
            0.5303688904251165,
            0.9607301817235381,
            -1.4977089197837807
        ],
        [
            -0.47107975907324817,
            -2.218240009760864,
            -0.19753520057051424,
            -1.110850856259693,
            2.0630736087091126,
            0.3873850121634679,
            0.5428090453424569,
            -1.476742205965538,
            -0.346739019250472,
            1.5019154525947946,
            0.0,
            0.1746700910054304,
            -0.26913235133579044,
            1.940395562597508,
            -0.9805647838716008,
            -0.012812710430030733,
            0.8632518887726887,
            0.34504541659890364,
            -0.27315642352909797,
            0.5071097854799094,
            -0.3142964871029814,
            -0.0013718324642596912,
            -1.258011231385056,
            0.0783219915760453,
            0.49834009029443993,
            -0.37203268031745135,
            -0.3838936707936095,
            -1.478059585289633,
            -0.19431346903653707,
            0.7535371281972908,
            -0.40218721055094153,
            -0.5105181905117919,
            -0.9447203914675805,
            0.2945136368602111,
            2.436643888781155,
            -1.4280692788298561,
            -1.1610791863057264,
            0.014128153849289974,
            -1.2974109044474709,
            0.39292583574482604,
            0.33009608978639143,
            -1.3191372112675854,
            -0.14648440665264853,
            -1.521918885144851,
            -0.25041832220601573,
            -0.3942343640594646,
            -0.900794303065819,
            -1.2271774169817717,
            1.092202118932921,
            0.14612431096955864,
            -1.6002877655394845,
            0.22948848631401214,
            -0.41126061617431914,
            2.3722308925747395,
            -1.3203862838178675,
            -0.8728008973170953,
            0.753984340223367,
            0.22386043522676677,
            2.048816268973067,
            0.28880384193967096,
            1.5911295757894184,
            0.414556773516137,
            0.6054303034885588,
            1.2459212617484383
        ],
        [
            0.4236745509472477,
            1.3610345586062185,
            -0.620836981966049,
            0.16751638923921494,
            -2.088423932479074,
            1.071984150763308,
            0.5631623091435335,
            1.9644799894565539,
            -0.768690717017364,
            0.8828830738554375,
            0.1746700910054304,
            0.0,
            -0.2628136179618819,
            -1.4105779194172545,
            0.6692103163314109,
            -0.26770124993971806,
            1.3781398278629713,
            -1.4027425321912232,
            -0.7385246467690081,
            -0.7131979780756794,
            -0.6000986292175802,
            -0.9778295980492339,
            0.3493233966527234,
            -0.28494965574997483,
            0.7841864408350956,
            -0.5494477183308932,
            -0.2612656829811709,
            -1.6707434508540129,
            -0.11003794341986407,
            0.37379650628568284,
            2.2882746694737675,
            0.019884827981530746,
            -0.10728242240572612,
            0.23803277046773846,
            -0.2698579668944633,
            0.11228298530703183,
            1.7297925643368555,
            0.3388395643588773,
            -0.06206028644620417,
            -1.0769500712967446,
            -1.4950572125486397,
            0.5101796801387067,
            0.6596640751742308,
            0.5564113048935059,
            -0.4809361031005072,
            2.0510510033490297,
            -1.273291167106143,
            -0.7270626933770643,
            -0.49002689370443364,
            0.6273742162391642,
            -0.979026291444396,
            1.0231341391916562,
            -0.6339056555007601,
            -0.5079339834696973,
            0.031525809337800845,
            0.09016309032415488,
            -1.100920935338929,
            -0.9500028728549627,
            0.6413693118032237,
            0.8001383653007601,
            0.693314957470499,
            0.20646843454989863,
            -0.4206187249994373,
            0.9021188394405398
        ],
        [
            1.0483081076749328,
            -0.030122515515016983,
            -0.9580102662134966,
            -0.788215829925952,
            -0.43104708088005367,
            0.5469168255309417,
            0.2780442227787749,
            1.7142822750755606,
            -0.7677707665260513,
            -1.7045010701401568,
            -0.26913235133579044,
            -0.2628136179618819,
            0.0,
            0.580523204270891,
            -0.37885274210279324,
            -0.2870005382390537,
            -1.0392160773454207,
            -0.41727469631531,
            -0.9029604522851152,
            -1.191534849955876,
            0.015214991882436883,
            0.5751006559872763,
            -0.9260181066353733,
            -1.9715846845483278,
            -0.06235074931221091,
            0.5508085976543206,
            -0.5530446865579517,
            -0.5434940122324321,
            0.9927354442229307,
            -0.23046101460329824,
            -0.3550075935201291,
            -0.787453901156544,
            -0.24584557215050232,
            0.5273157542765747,
            0.05369346096881788,
            1.5080492491477842,
            0.7613772568211098,
            -0.9977097218574561,
            0.5876789877797012,
            0.1207935525373514,
            -0.7268580654797365,
            -0.9075003145821148,
            -0.9472516851748334,
            -1.3189154377391366,
            -1.5943077845404385,
            -0.3799021122895149,
            1.305569404082235,
            0.6661257465453304,
            1.341420713789499,
            -1.1799151102712016,
            -0.7825495407151961,
            1.6514951773774258,
            0.31991296667025615,
            -1.2118098190785296,
            -2.1108940880744824,
            -0.7697076656190981,
            -1.6869085782074464,
            0.3911399163324697,
            -1.0200236750933072,
            -0.08971060488303345,
            0.35237917446995193,
            0.1721651561720782,
            0.4671408136274995,
            -0.7401939232136158
        ],
        [
            -0.2228919965173967,
            -1.3749929624815709,
            -0.057964476706253834,
            -0.1524127226650554,
            0.32652481565853486,
            1.166612708929523,
            -0.6647217150060172,
            -1.053141605396596,
            0.1221291397334961,
            1.7544922282738924,
            1.940395562597508,
            -1.4105779194172545,
            0.580523204270891,
            0.0,
            0.5296764185930171,
            -0.03869263679021944,
            0.3496022680649934,
            1.3534625429702474,
            0.2776781699480494,
            0.2884417066823765,
            2.026749402761022,
            0.5626101459393568,
            -0.7934462921129054,
            -0.8125734036052052,
            3.599831109749023,
            -0.20828723040760128,
            -0.9316169950704674,
            -0.38505428397746544,
            0.70984195710225,
            0.3129116792277697,
            0.9929511615257375,
            0.5591080180435457,
            1.3230189353846247,
            1.902918119091493,
            -0.6947117710791624,
            0.35417362974759725,
            -0.20587039673881774,
            -0.32678401278868163,
            0.3452436963856256,
            0.6721651251630896,
            -0.8661103468852072,
            -0.3008849768710092,
            -0.2536726968573639,
            1.87263445736604,
            -0.5497427746146932,
            -0.622894563685497,
            1.8708198640645146,
            0.36430273560717213,
            -0.7805662620752588,
            -1.4581059248182076,
            -0.162614039120786,
            -1.556780097400453,
            0.3837198806373103,
            0.17955563898841212,
            -1.1296036118513149,
            -1.5025279959986069,
            0.30231120541626244,
            0.37545423041654435,
            -0.7135150022213416,
            0.612765538964616,
            -1.4770243143866288,
            0.7839704032229504,
            -1.678422505656968,
            1.1724799220895392
        ],
        [
            -0.5365132983883918,
            -1.398892196164243,
            0.5609310746586972,
            -0.9844903124637929,
            -1.1899395701411304,
            -1.7968251643920068,
            0.41195336990219217,
            -0.8328733971029085,
            -0.8186551277368693,
            0.5262111057827759,
            -0.9805647838716008,
            0.6692103163314109,
            -0.37885274210279324,
            0.5296764185930171,
            0.0,
            0.23197940281345603,
            0.06101253162811754,
            0.2858765699900422,
            -2.1469632749895373,
            -0.26476703649152633,
            0.46998731822371576,
            -1.4814677319695682,
            -0.14342740247795066,
            1.887761096681634,
            -1.1823122240958739,
            0.5305978427538437,
            -0.31513963008485213,
            -1.4642916890137287,
            0.14141376865255104,
            0.22404224747603438,
            -2.8096003660508453,
            1.13489147953526,
            1.088289864027646,
            0.05136010659650138,
            -1.0273422103823708,
            0.2063153727271227,
            -0.7526795683425168,
            0.7653148603714367,
            -0.19993616098634892,
            -1.408691941830194,
            0.06078013887574758,
            -1.082429912606172,
            -0.14503018768434472,
            0.281283683293132,
            -0.4482632972391739,
            2.11341606635153,
            0.48480387220388715,
            0.32431860117608863,
            -0.1517543964908015,
            1.1772113004775944,
            -0.11132819384434113,
            -1.41059710137296,
            0.11892721405073886,
            -0.6225099017525035,
            0.6619262145740458,
            0.2988005505172599,
            1.8588979904065697,
            0.20380825799076063,
            -0.701384748895978,
            0.1266138397032343,
            0.5194343468605751,
            -1.47904640606776,
            -0.06336581819158914,
            1.034838194247135
        ],
        [
            -0.4283698045335578,
            0.2719291954859201,
            -2.1723798468027464,
            -0.13478833496774292,
            -0.04058771341808515,
            -1.886409192954353,
            -0.2892255140822501,
            -1.3017414719682971,
            1.239242213361186,
            0.40745308395344887,
            -0.012812710430030733,
            -0.26770124993971806,
            -0.2870005382390537,
            -0.03869263679021944,
            0.23197940281345603,
            0.0,
            1.2931651511010884,
            1.0037500586791401,
            -1.0965541421192495,
            1.495973370051892,
            -0.6557334826625845,
            -0.13470172087541044,
            -0.14370164329304705,
            0.04921512409734333,
            0.39614797943060887,
            1.2488292941126715,
            -0.39572009341777203,
            -0.27657759293960854,
            -0.5708838020128516,
            1.8373948531515953,
            -0.3593512683339052,
            1.73991391549095,
            -0.05337021052657603,
            1.328007626318212,
            0.7159141630214226,
            1.8171473663131734,
            -1.5115505733605794,
            0.49667337767905373,
            -0.36409746246329927,
            0.4790979978325811,
            0.6423727855090023,
            1.830590056612011,
            2.1414310210735383,
            -0.7751592234780337,
            0.4540000495494216,
            -0.09369982798425724,
            -0.24015836566520699,
            -0.7136453563105113,
            1.5330891394051522,
            -0.8594150820201488,
            0.016609623836378675,
            0.5195996441077372,
            -1.005044709804815,
            -1.2725485899533227,
            -0.7594579182211814,
            1.6674615931777867,
            -0.6428874824968105,
            -0.1038987277043308,
            -0.45457589186828296,
            -0.4290094730205503,
            -0.32748993307339475,
            2.360536624882347,
            -0.9640037646815807,
            -0.09812788534223682
        ],
        [
            -0.6324578664578325,
            0.5721635537282611,
            1.5195669241080791,
            -1.7166303368682039,
            0.027758199511190625,
            -0.4480661414020811,
            -2.1659126639680677,
            0.8337530352584812,
            0.033857741880176186,
            -1.105105190034652,
            0.8632518887726887,
            1.3781398278629713,
            -1.0392160773454207,
            0.3496022680649934,
            0.06101253162811754,
            1.2931651511010884,
            0.0,
            1.422860895937417,
            0.027942830947565375,
            0.9654988353351736,
            0.3627760318434482,
            0.5074270261630164,
            0.6562274443045408,
            0.5413095671852975,
            1.6337628385063865,
            -0.48115564255107396,
            0.5530566105468968,
            -1.3580660096357202,
            0.9656068993146024,
            -0.6306601137533004,
            1.4287985660758522,
            -1.333433264369054,
            0.3464192658273492,
            -0.7987373286456959,
            -0.24078075808709007,
            0.9069356959880472,
            -0.0209335871856371,
            0.2764046841893357,
            0.33151590180421486,
            0.5881418584116883,
            -1.0080664149218617,
            -1.2599084764499098,
            -1.2441632418682316,
            0.7280038073400826,
            -1.4689084495545048,
            -0.6787194743028896,
            1.114146880033321,
            -0.750697250242221,
            -0.21644659146882042,
            -0.2949338906555153,
            1.7878133735455137,
            -0.4172741893486184,
            0.07583246503329795,
            0.004070239732081454,
            0.2954806726655046,
            1.7840072563892369,
            0.9249199587956268,
            0.6889779349890266,
            0.979536955430727,
            1.1872849263829302,
            1.1793255291796998,
            1.2369706744757403,
            0.4696644496867462,
            1.2513897917833083
        ],
        [
            -0.568285740187495,
            0.405757138387037,
            0.3163780915808053,
            -0.055776463518048,
            0.31194641723889854,
            -1.2936141042351588,
            1.494983184617517,
            -1.8489563908072837,
            0.3448503423947768,
            -0.26657191100621136,
            0.34504541659890364,
            -1.4027425321912232,
            -0.41727469631531,
            1.3534625429702474,
            0.2858765699900422,
            1.0037500586791401,
            1.422860895937417,
            0.0,
            0.6300067476504589,
            0.2824658620318977,
            -2.190611302143907,
            -0.6137838082990772,
            -0.31577566132068996,
            -0.05360870668243693,
            -0.30508867044007265,
            1.3487034547862131,
            -0.05323247157503475,
            0.23423532118395257,
            -1.031415227113921,
            0.22057042915331385,
            0.34293874930419777,
            1.1137016210441617,
            -0.5506583228401337,
            1.8307635478597843,
            -1.1070216901767873,
            -0.03565986769559021,
            -1.2235738504289706,
            -1.0114244936533883,
            0.6509735055299535,
            -0.13060469324986135,
            1.205708049227374,
            0.04220498703256063,
            0.4658113890662429,
            -1.795886341117118,
            -0.21176873320815823,
            0.28972902268852857,
            -0.6329141252329445,
            0.5964405645584439,
            -0.3714488424832449,
            1.6010303700332775,
            0.0793987668024045,
            0.9113087496975263,
            -0.63596823061013,
            -1.524876855968799,
            1.122491012733409,
            -1.0163215934450613,
            -1.039066881133402,
            0.3228557874970171,
            0.2716500207312341,
            -1.0993802319221981,
            -1.2453754188631947,
            1.312254164837034,
            0.7521150505815808,
            0.6403569006944141
        ],
        [
            -1.9893699871080932,
            -0.06744453796808826,
            -1.455384530169301,
