{
    "N": 64,
    "id": "c4c0c04d-1c20-4808-919d-d4d19f646ea0",
    "problem_type": "SK Spin-Glass",
    "distribution": "gaussian",
    "spins": [
        -1,
        -1,
        1,
        -1,
        1,
        -1,
        -1,
        -1,
        -1,
        -1,
        -1,
        -1,
        -1,
        -1,
        1,
        -1,
        1,
        -1,
        -1,
        1,
        -1,
        -1,
        1,
        1,
        -1,
        1,
        1,
        -1,
        1,
        1,
        -1,
        -1,
        1,
        -1,
        1,
        -1,
        1,
        1,
        -1,
        1,
        1,
        1,
        -1,
        -1,
        -1,
        1,
        -1,
        1,
        -1,
        -1,
        1,
        -1,
        -1,
        1,
        1,
        -1,
        -1,
        1,
        -1,
        -1,
        1,
        -1,
        1,
        -1
    ],
    "couplings": [
        [
            0.0,
            -0.45468648101465714,
            -0.05375068287266507,
            0.8098809108941901,
            1.306523881012944,
            0.7788754593089403,
            -0.04351442434955117,
            0.4479134707470758,
            0.4976695761755213,
            0.07788709110647823,
            -1.501760359099104,
            -0.11908824753490431,
            -0.048938699782946724,
            -0.3574176268518515,
            0.30008794123790516,
            1.3031317516898926,
            0.7927888151967405,
            -0.36034282689347874,
            -0.26661121195445014,
            1.9681611589479502,
            0.0686977411755801,
            -1.1230549929053437,
            -0.05195855079926342,
            0.4230192968862208,
            1.8392466615432679,
            1.4565624814305924,
            0.916180860724089,
            -0.9519497048348513,
            0.6195828586861559,
            0.1125891803471074,
            0.34573413417919885,
            -0.08500023019587874,
            0.5777608815493809,
            -0.401374918050376,
            -0.7944384766987118,
            0.19259277744728726,
            0.4898640091556926,
            -0.029640753910758006,
            0.6340471415217184,
            -0.6109992855196562,
            0.5519351811030982,
            0.3280217763325525,
            0.34429041576921304,
            0.019460788852119756,
            -0.2694592071985215,
            -1.159110447644299,
            -1.4707283976521166,
            0.5815329729487507,
            -1.7192998901021694,
            1.6999030711893761,
            0.27896288734204777,
            -0.8972989946523315,
            -2.201548531119754,
            -0.13130672350120975,
            1.1548950508493558,
            -1.5369292766526983,
            -0.5613634312447403,
            0.11867987947806877,
            0.18518841129386868,
            -0.4806485066633113,
            1.256861575023224,
            -0.42879544241179685,
            0.21365667663029156,
            0.09947712468896099
        ],
        [
            -0.45468648101465714,
            0.0,
            1.847138997867551,
            1.1560250812547337,
            -0.30562587909313776,
            -0.43388559613137884,
            -0.32234395951624767,
            -0.725243690823322,
            -1.2577147035700693,
            -0.23137166144877647,
            -1.4844105491072124,
            0.5000156947698039,
            -0.31549045228616684,
            -0.056103761828978194,
            0.04845621030350325,
            -2.3011405652956904,
            1.8091770493759671,
            -1.149314236330629,
            0.8284862863838464,
            2.3425332944422594,
            0.42885717322767675,
            1.6191127587435687,
            0.15187097271073793,
            2.228863175193033,
            -1.0315488159898567,
            0.6193494935826438,
            2.130469055153484,
            -0.7030883075941552,
            -0.35822207989831484,
            -0.12237348243372327,
            0.21367984238579138,
            -1.4809076128733234,
            2.1307494367717603,
            -0.1291488419281991,
            -1.354394827697338,
            -1.1628860998562887,
            -0.6158818500734539,
            0.30429031186963357,
            -1.6401754856377724,
            -0.9363453006960437,
            -1.8034778958385829,
            0.2860245562304986,
            -1.095285524668584,
            -0.43855381352248307,
            -0.6643825159025742,
            0.789017424483965,
            -0.6148138597155781,
            -0.5207174098235006,
            -0.698365971946068,
            1.8025976956857648,
            -0.3491002908598766,
            -1.9784130036599787,
            0.6953642071283844,
            -0.48165968845739204,
            0.4230662993529781,
            -0.6306797348348573,
            -0.532649504433947,
            -0.1489327422458617,
            -0.09463237868782565,
            -0.2200374185346542,
            -0.33734780146391424,
            -0.04438710632313412,
            0.4603875460931614,
            1.950134635319472
        ],
        [
            -0.05375068287266507,
            1.847138997867551,
            0.0,
            1.3796960162564142,
            -0.19130590723240534,
            1.0615314445577997,
            0.37621477472990345,
            -2.6838567118393937,
            1.7811582577128078,
            -0.38309161568817335,
            0.5415625722109147,
            -0.28731999992496904,
            -0.8755929872074781,
            -0.05951197203949149,
            1.9520389159820075,
            1.3513884339456967,
            0.5307991863569843,
            -1.8956011198677054,
            -0.8470027717138721,
            0.45636438421502523,
            1.4415371191145385,
            0.27425984101811135,
            0.24206101770846186,
            -0.8809953011946086,
            -0.8983907724215007,
            -1.1285398048007287,
            -0.3240542961438605,
            -0.3414442193833424,
            1.4130715314550444,
            0.9928803772874625,
            -0.8586139533716618,
            2.0102640158792817,
            0.5179229167123288,
            -0.2308364145126424,
            1.1384502929983427,
            -0.6203347259311113,
            0.5611328750772677,
            -1.473948096468394,
            0.19643121201470645,
            -0.21735449654689376,
            0.08275173877650187,
            -0.7511154569089968,
            -0.9131374165653517,
            0.5302565799408605,
            -1.4560380405144364,
            -0.1222985355062104,
            0.07300172772159971,
            -0.46503920908034807,
            0.5554683760222654,
            0.11476013683801907,
            -0.5916567971505206,
            1.7834004892223752,
            1.117085634434634,
            -2.274611295403882,
            -1.3117043792257446,
            0.2771756698392443,
            -0.3069400286318769,
            -0.7407829127094221,
            -1.8335042656228235,
            -0.5203840382564274,
            0.13775567897723845,
            2.6203644868789207,
            0.1936350690675869,
            -1.6883009055694016
        ],
        [
            0.8098809108941901,
            1.1560250812547337,
            1.3796960162564142,
            0.0,
            -1.8075001730111402,
            0.79172552619337,
            1.5946002118091598,
            -0.5123528239064167,
            -1.2779758247054793,
            -0.3906474269444793,
            -0.33246928278203464,
            0.15027486490729505,
            0.39482564187029645,
            0.06404908199422193,
            -0.5415077069201759,
            0.6870528803136148,
            -1.0361593085664271,
            -0.5452357594611815,
            0.7534431524270393,
            0.9480146620072245,
            -0.489743831971076,
            -0.48017606972631743,
            -0.7241957014993471,
            0.5832150885643208,
            2.732487365745625,
            0.6525195697731649,
            0.06307389826561782,
            0.15517839222623675,
            0.736367203719749,
            -0.278248093631657,
            -0.12264609008380577,
            0.9670528134690338,
            -1.6472247699262674,
            1.0999896678023233,
            -0.31035600478581277,
            0.54037035844849,
            0.05821948162783096,
            -0.20078646760274818,
            -0.271733241894996,
            0.4904074354056054,
            -2.4138548513049276,
            -0.06819125147236042,
            2.2002506088611917,
            -0.4805735508512744,
            -0.5434081694652521,
            -0.5261868777833832,
            -0.10100842339453232,
            -0.09145227963841429,
            -0.926482135360612,
            -0.08351820146443632,
            -1.0955364124778093,
            -0.20746868851745257,
            1.3235216357559283,
            0.6430118433648587,
            1.9302736141754455,
            -0.5908654307101419,
            0.8083392284365837,
            -0.9121765463557876,
            0.3597421340567994,
            -0.6428535339228147,
            0.0563938986936172,
            -1.566638903409844,
            0.003338455293912,
            1.2443788058889227
        ],
        [
            1.306523881012944,
            -0.30562587909313776,
            -0.19130590723240534,
            -1.8075001730111402,
            0.0,
            0.1369485693582765,
            -1.0884964581690022,
            -1.4435985558904927,
            0.4754973930417264,
            -0.6918177924892935,
            -0.6336469472251237,
            0.55583828369192,
            -0.23420782368824483,
            -2.1026730024157136,
            0.04461770038827359,
            -0.7442818924916792,
            -1.4601908505288623,
            1.4939633387166174,
            -0.11384315439107602,
            -0.08613631652514887,
            0.5915786471151071,
            -0.11925840065821848,
            -0.23971277368648283,
            -0.8614341664163223,
            -0.8465040068081721,
            0.879205805773104,
            0.3431841950341794,
            0.0021772549448864425,
            0.0839758576872919,
            0.41129509422333704,
            0.611398390733348,
            -0.335822254752043,
            -0.2345912767383426,
            0.4626234426157838,
            0.5604585532145796,
            -1.8650652985609808,
            -1.1887966367225171,
            -1.611010028863042,
            -0.6483738064168568,
            -0.4170816642510905,
            0.4990659002658583,
            0.1663024082253002,
            1.5716845712466487,
            0.8344224176686963,
            0.6378930075450897,
            -0.4883621187202063,
            -0.46072921850203974,
            1.2565957123368223,
            -1.3566530467949596,
            0.6224804948152107,
            -0.6718612567992737,
            -1.8474293539014732,
            -0.25316480493402443,
            0.8504225291547842,
            1.1894591677409276,
            0.1234238584438422,
            -1.1521014975104902,
            0.8977608712696178,
            0.7867711340002178,
            -0.021463624316550457,
            -1.0249347668973456,
            1.7576879113461705,
            -0.9906297910799553,
            -1.9919007096994563
        ],
        [
            0.7788754593089403,
            -0.43388559613137884,
            1.0615314445577997,
            0.79172552619337,
            0.1369485693582765,
            0.0,
            0.6834657561220873,
            -0.37486458495116387,
            1.2268820945006533,
            0.47287993983774756,
            -0.7701645794965237,
            0.8442264120375903,
            0.6140503745077199,
            -0.39196715991218517,
            -1.1546187600304336,
            -0.415235701880088,
            0.4797936197812421,
            0.177836144161032,
            -0.5675796316927906,
            0.9279754104154861,
            0.30941052901016713,
            -0.39445528191930324,
            -1.3402923754217575,
            -0.7578972161858639,
            -0.5514091425610138,
            -1.0419816342918116,
            0.6048656749041968,
            -0.29487716590554525,
            -1.1150296903051204,
            -0.7198332131766866,
            0.8338889644662707,
            -0.047693607789551784,
            -1.2178815821293025,
            1.2462031046609907,
            -1.6327469269752541,
            1.2370516121176223,
            1.1401045478449412,
            1.0714176716156265,
            -0.4170078934074817,
            -0.24043134327457696,
            -1.487363534780275,
            1.32896725509767,
            -1.222433071117543,
            -1.171680316609809,
            -0.4806400300264014,
            0.3850954779760981,
            0.19652919521768192,
            0.3057485645870311,
            0.7319538152346373,
            -0.21724506831681753,
            2.689905615706152,
            -1.23172963221714,
            0.6565593738889642,
            -0.9756116314945356,
            0.4307392602441878,
            0.09017328238966253,
            1.4202041291364935,
            0.7518838393791298,
            0.20418685560664576,
            2.2534389409738935,
            -0.13752722809233897,
            -1.3588320692861402,
            -0.03753168087082079,
            0.4194102667300019
        ],
        [
            -0.04351442434955117,
            -0.32234395951624767,
            0.37621477472990345,
            1.5946002118091598,
            -1.0884964581690022,
            0.6834657561220873,
            0.0,
            -1.6750437083188872,
            -0.0910834648534191,
            1.6588382158331987,
            -0.6533067793175776,
            0.2506584450633973,
            -0.776769489470845,
            -1.677350502603877,
            0.18396635396640865,
            -1.593560894687528,
            0.5516309703900278,
            -0.006818629838925784,
            -0.2137782169776366,
            1.5947937819730307,
            0.9634337896560533,
            0.7696014818710111,
            -0.2828372719963443,
            0.6780074469437759,
            -0.29071690859889987,
            -0.05514023518621038,
            -1.5303137267720828,
            0.42409074846105704,
            0.20140147206742415,
            0.41612435407807435,
            1.0562990142550208,
            0.12255577750107298,
            -0.39832696624246056,
            -0.5569480662280347,
            0.7278364445408718,
            -0.1355534531055432,
            -0.5648946181766179,
            1.0056767513552174,
            -1.3219936576152533,
            0.5572784016826099,
            -0.7867106923449628,
            -0.43111386156660836,
            -0.6074232795569017,
            -2.7327575770561423,
            -0.676529347740207,
            -0.02066084645471014,
            -1.0484359294967749,
            -1.2893475831620638,
            -0.46533027061218013,
            0.24995081951220122,
            -0.7121711953738379,
            1.2533981161034111,
            0.5111279036300442,
            -0.06482176483244922,
            -1.0748160006885998,
            0.12372223262544675,
            -0.8312498806272419,
            -2.0914662511951767,
            -0.13956820247680157,
            0.8712967507507265,
            -0.7676406239165282,
            -2.1495971289382285,
            -0.6506507055114901,
            1.363131596683116
        ],
        [
            0.4479134707470758,
            -0.725243690823322,
            -2.6838567118393937,
            -0.5123528239064167,
            -1.4435985558904927,
            -0.37486458495116387,
            -1.6750437083188872,
            0.0,
            -1.6201302850377817,
            -1.3700249432853568,
            1.8495173411402572,
            -0.3617458410794121,
            1.5215540810369008,
            -1.9196735340734763,
            -0.343911487437088,
            -1.1151831128698064,
            -0.8740271738540518,
            -0.7839908757993803,
            -0.5597491420319645,
            -0.6184901370384983,
            -0.48003251888393744,
            0.08587202181861325,
            -1.2320991762140379,
            0.440399915479901,
            -0.5404049816352614,
            0.8562863101495503,
            1.1851862043823664,
            -1.1902748638452945,
            -0.053104265338381515,
            0.2617077032224569,
            -2.7962030653422607,
            -0.9213903562770756,
            -1.8024354805985017,
            0.16796272989887073,
            1.2668558770832843,
            1.93636225959501,
            0.5343803491693647,
            -0.6345590696417193,
            0.3270168539911035,
            1.5334118886928447,
            -0.25974242462150915,
            -0.5564676644742111,
            -0.7666750691354842,
            1.9814410212490265,
            0.8297095048040773,
            0.7828354895530342,
            0.5406966928027157,
            0.6824162438794177,
            -0.42709399551910354,
            -0.2582486994273994,
            -0.05390560574302254,
            0.4111996796386765,
            -0.5930442810034088,
            0.7098212119634653,
            0.8436333136300843,
            0.786787857728365,
            -0.6792325852405956,
            0.8076645211469233,
            0.22836956168120268,
            0.31126128792774144,
            -0.5613942292970572,
            1.8325526068759093,
            0.11132483947542748,
            -1.0242188803465153
        ],
        [
            0.4976695761755213,
            -1.2577147035700693,
            1.7811582577128078,
            -1.2779758247054793,
            0.4754973930417264,
            1.2268820945006533,
            -0.0910834648534191,
            -1.6201302850377817,
            0.0,
            -0.27929660654374416,
            0.09854801426180942,
            -1.6905794855233989,
            -2.621011224348273,
            0.5688257161807105,
            0.9894503210759942,
            -1.2058140943569218,
            -0.417611456246581,
            -0.010243184574723884,
            -0.42259866257433437,
            -1.496224300182218,
            0.19023989325797133,
            0.6748825048205352,
            0.3938584945999114,
            -0.09474658752534111,
            -1.11174670997159,
            0.5295941487672415,
            -0.12591478053127547,
            0.06748082793343146,
            -0.4654692319678281,
            -0.9502562703292241,
            1.0229886265067627,
            -2.096552889380171,
            -1.2061683538962564,
            -0.2178919593588061,
            -1.088469049167564,
            0.03397916826277818,
            0.9722952862794771,
            1.0714014536978174,
            -0.6757788423831974,
            0.014405960113913567,
            -0.2364405025365034,
            0.9214067061483986,
            -0.7537231720608373,
            0.23980597691492025,
            0.7727912770691311,
            -0.06268124689841377,
            -1.504171670130388,
            0.19804074434024418,
            -1.3496307861174655,
            0.48735174212725724,
            1.2028546269464175,
            0.3483596120595616,
            0.04529218761996272,
            -0.4657227798209223,
            -0.2863298720669627,
            0.43891249352065953,
            -0.5946574706740462,
            -0.24517091737993113,
            -0.5200448641889859,
            0.30916368759771257,
            0.043690734585344185,
            -1.2662548878711308,
            0.6474507026140637,
            -1.5887075202932834
        ],
        [
            0.07788709110647823,
            -0.23137166144877647,
            -0.38309161568817335,
            -0.3906474269444793,
            -0.6918177924892935,
            0.47287993983774756,
            1.6588382158331987,
            -1.3700249432853568,
            -0.27929660654374416,
            0.0,
            -0.9170576045975588,
            0.5893004839618756,
            1.9892226395374446,
            -0.4438927236530081,
            0.2117916119008247,
            0.29079128638305946,
            1.1629084811834167,
            0.5224997834599866,
            -0.08697124004602123,
            -1.115828277514691,
            -1.0955178155490846,
            0.36490567175881145,
            0.13495916332979593,
            0.5980489128749615,
            -0.10131124406934842,
            -0.16195108115802892,
            0.5824190135824935,
            -0.6343162427622426,
            0.4962493127515834,
            -0.9044768806473258,
            0.4792173956758006,
            -0.4927340261232141,
            -0.8472350672589496,
            -2.398869249672528,
            -0.11453923357229298,
            0.8652614036569977,
            -0.14002501045827637,
            1.2292068763050108,
            0.05543859457446623,
            -1.1022878715588782,
            0.5285145276630981,
            -0.611703571013491,
            1.2192121315336577,
            0.32940234080403397,
            1.4938748000469322,
            -0.8370342391786982,
            0.266721342281983,
            -2.0308344784987455,
            -0.9007431873217321,
            -0.16121789659620783,
            -0.23439668672532069,
            2.270107349571933,
            -1.1543457137959812,
            0.5868556373747988,
            -0.6800062580111291,
            -0.21198819787172435,
            0.5398050591209707,
            -2.872869620292326,
            0.474137626178502,
            -0.30360792549058463,
            0.43625304775500817,
            1.291411558373518,
            1.4570985921274504,
            -0.9032650599560451
        ],
        [
            -1.501760359099104,
            -1.4844105491072124,
            0.5415625722109147,
            -0.33246928278203464,
            -0.6336469472251237,
            -0.7701645794965237,
            -0.6533067793175776,
            1.8495173411402572,
            0.09854801426180942,
            -0.9170576045975588,
            0.0,
            -0.5608598029699425,
            1.1653754050025642,
            0.4557497030534692,
            0.3932925267928893,
            -0.8243809138900025,
            -0.5937654555869217,
            -1.246658390439769,
            1.079632090030469,
            0.3329182566033851,
            -0.1418030866569636,
            0.8223905669290938,
            0.9648814370673994,
            -0.5242664757356713,
            -2.4795952390425358,
            -1.2017131037131545,
            0.8832002856332742,
            -0.24747006398361293,
            0.6280359159125065,
            1.0099035782451058,
            -0.06214995886289783,
            0.08480195694062471,
            0.34009022529867433,
            -0.7997753298694439,
            1.4238277564651025,
            -0.8325804731242887,
            -0.4729981095539621,
            0.013322054773332058,
            -0.3255358707090197,
            -0.32073148719548733,
            0.41950247314016736,
            1.6062290547671976,
            0.32830135828962814,
            -0.25496476713587785,
            -0.28903050359848675,
            0.9466700238078858,
            -0.3784031357619321,
            -0.9207770855248031,
            0.741278812915225,
            0.3716160529367093,
            0.10170916079414884,
            -0.0500214335728262,
            0.9790083636226207,
            0.08229913473455805,
            -0.9031227897160947,
            -1.0572563633389969,
            0.5628075005031956,
            -0.18319610143240508,
            -0.6963727135242729,
            -0.7263076768081109,
            0.6547745102590198,
            0.4206176244314538,
            0.5695352579320335,
            -0.9027814639764736
        ],
        [
            -0.11908824753490431,
            0.5000156947698039,
            -0.28731999992496904,
            0.15027486490729505,
            0.55583828369192,
            0.8442264120375903,
            0.2506584450633973,
            -0.3617458410794121,
            -1.6905794855233989,
            0.5893004839618756,
            -0.5608598029699425,
            0.0,
            -0.9654770778521041,
            -1.6307482464373777,
            -0.5574095820330404,
            -0.9792895573184485,
            -0.619044450145889,
            0.559724290882173,
            1.7283253022251441,
            -0.1832995830028053,
            0.5483570864123465,
            0.2513360299756506,
            -0.18820595443351898,
            -0.5909360334042295,
            -0.5973863009820144,
            -0.4406380365963292,
            1.6993427802370522,
            -0.6165667671302882,
            0.9133425243480787,
            0.7754246144772476,
            -1.1497302223928938,
            -0.0489636880823942,
            1.6610466760021436,
            0.6971243887461939,
            0.030482613057502488,
            -1.4032484946743484,
            -0.335344298325805,
            0.5137380395973621,
            -0.6221494879668269,
            -0.49240827681926436,
            1.1082483021104652,
            -0.8873285389200127,
            -0.19199948720368037,
            0.7584067375144822,
            0.5693401679254715,
            -0.6341702798100864,
            1.0622034728655434,
            -0.49483366493162173,
            1.5827051977735134,
            0.8769959964999081,
            1.2283960150612063,
            0.15481787261702806,
            -1.7107398627723818,
            0.061163807138058794,
            1.0215106503615243,
            0.20793944276663973,
            -0.02716581640199683,
            0.3062499398710531,
            -0.11175102703366287,
            0.36617131114199664,
            -0.032560301564982214,
            -1.6582896235752278,
            -1.7759020113890538,
            -1.9322581133086838
        ],
        [
            -0.048938699782946724,
            -0.31549045228616684,
            -0.8755929872074781,
            0.39482564187029645,
            -0.23420782368824483,
            0.6140503745077199,
            -0.776769489470845,
            1.5215540810369008,
            -2.621011224348273,
            1.9892226395374446,
            1.1653754050025642,
            -0.9654770778521041,
            0.0,
            -0.5978794548620233,
            -0.1401075677794721,
            -0.41879649666451924,
            1.1905097876753086,
            -0.4570687037469912,
            -0.7133401488120017,
            0.3430124384810514,
            -0.14650840096000597,
            0.18194399052713506,
            0.0504548305451218,
            -0.4399586728857126,
            0.04107447775610871,
            -2.669223528182489,
            -1.28512539106946,
            -0.4491636684691899,
            0.2976145949949696,
            -0.1958594246306075,
            -0.13996991272609585,
            0.2297492674801578,
            1.972815202990081,
            -0.6999164292956997,
            0.9330426165349777,
            -0.4477089014045277,
            1.5189585248980306,
            -1.7680682953844744,
            0.45712959068309117,
            0.129830659886293,
            -1.0065506724432562,
            0.293848624329626,
            -0.9514535557746376,
            -0.5069288078941288,
            -1.700519953405935,
            0.7286540457387619,
            -1.6127914677092574,
            1.4605550594445245,
            1.139365531758725,
            -1.6133449753447726,
            -2.2001792641516813,
            1.2418565799173507,
            -0.9032909904691463,
            0.4065797585133746,
            0.20976524727264234,
            -0.6743773520009064,
            0.22319962002216262,
            -0.46230678990037105,
            -0.05183146616955555,
            0.1957352167635382,
            0.23824396438898282,
            -0.10206123149053661,
            -0.617493557013184,
            -0.3403760906210106
        ],
        [
            -0.3574176268518515,
            -0.056103761828978194,
            -0.05951197203949149,
            0.06404908199422193,
            -2.1026730024157136,
            -0.39196715991218517,
            -1.677350502603877,
            -1.9196735340734763,
            0.5688257161807105,
            -0.4438927236530081,
            0.4557497030534692,
            -1.6307482464373777,
            -0.5978794548620233,
            0.0,
            0.31254107829896904,
            0.43524483745031395,
            -0.673122421546229,
            -1.0258479269682206,
            -0.02514285699474561,
            -1.3213300699726398,
            0.265355418752815,
            -0.1871022653405088,
            1.904515318451966,
            -0.37277829259343886,
            0.4999870745023271,
            0.9270823120971696,
            0.36737597754219187,
            -0.2350254492934272,
            -0.2924094018454164,
            1.2358914358863098,
            0.9196206025138356,
            0.1285826988658337,
            0.26183523645611956,
            1.161609776901609,
            0.07058148499693805,
            0.6835060059220445,
            -1.528404920761525,
            1.2177040846562805,
            1.2108024449036323,
            -0.4827102669489498,
            -2.0272866481237966,
            0.8090951713011156,
            -2.531954844646644,
            0.945380287618134,
            -0.36166070451980786,
            1.3279647536171275,
            -1.5658752370439009,
            0.7865855166072634,
            -0.05936115091727679,
            2.0935459629065636,
            -0.8013978315012484,
            -0.06101382310813032,
            -1.1111803077070392,
            0.028493724845877786,
            0.5040566554075435,
            -0.36939087860735836,
            0.37332637733070123,
            0.5450601867509376,
            0.08266606325935323,
            -1.8770714015403942,
            -1.7361311205875671,
            -1.2404454010292225,
            -0.9336709356435705,
            -1.082148550366085
        ],
        [
            0.30008794123790516,
            0.04845621030350325,
            1.9520389159820075,
            -0.5415077069201759,
            0.04461770038827359,
            -1.1546187600304336,
            0.18396635396640865,
            -0.343911487437088,
            0.9894503210759942,
            0.2117916119008247,
            0.3932925267928893,
            -0.5574095820330404,
            -0.1401075677794721,
            0.31254107829896904,
            0.0,
            1.2515569415969936,
            -0.06826081006494933,
            1.6841194302294273,
            -1.4485656719784028,
            -0.7401354409197495,
            -0.055856619375634055,
            -0.4466018678344628,
            -1.5840845974800466,
            -0.04323952216511067,
            -1.1321197876167484,
            -0.1563355644323596,
            0.6716369422770645,
            1.180285093734507,
            0.6859350142744498,
            1.0653527254850046,
            0.7890979610368893,
            1.449078385016972,
            1.4388481053672197,
            0.7304313565480894,
            -0.30630207285637046,
            -1.088640633094046,
            0.2629252649235353,
            0.36757044308651976,
            -0.6116500108789054,
            0.4288446008893342,
            -1.288695196591894,
            -0.7998137396890892,
            -1.6553310766918177,
            1.006911355171449,
            0.35818482043502387,
            -0.6906674785712894,
            0.16317674565286866,
            -1.0061368891172642,
            1.0439067314037918,
            2.0442810985731237,
            -0.0825548818570372,
            0.04220891504007207,
            0.03748804541488472,
            0.12009761805788652,
            -0.029195594474045995,
            -2.6214330698688215,
            -2.114998828648119,
            -1.3311552915150315,
            -0.6549340383493004,
            0.9542223586216254,
            0.34166445422174996,
            1.3146688075683213,
            1.0612804909968179,
            -0.3950836174058802
        ],
        [
            1.3031317516898926,
            -2.3011405652956904,
            1.3513884339456967,
            0.6870528803136148,
            -0.7442818924916792,
            -0.415235701880088,
            -1.593560894687528,
            -1.1151831128698064,
            -1.2058140943569218,
            0.29079128638305946,
            -0.8243809138900025,
            -0.9792895573184485,
            -0.41879649666451924,
            0.43524483745031395,
            1.2515569415969936,
            0.0,
            1.057130782239841,
            -0.1380697987445958,
            -0.5705835093079132,
            0.44674053497494426,
            1.1617027255405226,
            -0.2582377865632151,
            -0.29389498080162035,
            -0.9942829341921516,
            0.7206019558173977,
            -1.753130545786601,
            -1.4348602735314493,
            -0.14470350702043985,
            0.4892725767090081,
            -0.2521461873016824,
            1.1364251715620213,
            0.3283221679389444,
            -0.26762799825956846,
            -1.5014289038717634,
            -1.8405586040385737,
            -1.2513746113040527,
            -0.4798169432773653,
            -0.14016170770732125,
            0.8950507017997434,
            0.537595509095719,
            -1.9208232338848354,
            1.0277608158547467,
            1.2378114350618006,
            0.29094789826374007,
            -0.5046259654930548,
            -1.3545236469990614,
            1.431141377872468,
            -0.9865982634454252,
            0.7194826070897268,
            0.1930908463822446,
            0.3218516061551791,
            1.2655454876446846,
            0.3060407163943187,
            2.2231259870991953,
            -0.4212725326034574,
            1.6499600248167443,
            -0.5607459621819632,
            -0.9584794240805158,
            -1.0153350607485327,
            0.2980953858408274,
            0.04730932169577106,
            -2.2870962208524084,
            -0.805997964803807,
            -0.1018501158323208
        ],
        [
            0.7927888151967405,
            1.8091770493759671,
            0.5307991863569843,
            -1.0361593085664271,
            -1.4601908505288623,
            0.4797936197812421,
            0.5516309703900278,
            -0.8740271738540518,
            -0.417611456246581,
            1.1629084811834167,
            -0.5937654555869217,
            -0.619044450145889,
            1.1905097876753086,
            -0.673122421546229,
            -0.06826081006494933,
            1.057130782239841,
            0.0,
            0.3208262087595196,
            0.9859433466286753,
            -0.14327234796297322,
            0.6776078937763076,
            -0.4379430084752914,
            -0.748117518161758,
            0.47483740895646964,
            0.3196610778281351,
            0.8832544554453958,
            0.8286564580763236,
            -1.3943029753400462,
            0.7241929977666162,
            1.0632962805456896,
            0.22341284919379858,
            -0.36056847962754374,
            -0.8962535333002617,
            0.2935949448543539,
            -1.8065544492727195,
            1.6887193024391434,
            0.588141224545686,
            -1.0385156134460685,
            -0.396894581275551,
            -0.6427258187876411,
            0.16119757608220983,
            -1.6801878390761225,
            1.6692199349274868,
            -0.2857511801124032,
            0.3428975284775108,
            0.015280975201282907,
            0.15648854069345025,
            -0.3388514211178375,
            -0.7543056194392052,
            -0.7114931918185747,
            -0.7487816717469908,
            -0.6699600887566333,
            -0.30695209441831967,
            0.44544472243893546,
            -1.7266371017353264,
            0.18064205271713013,
            0.6116538835665716,
            0.5821844801622085,
            -0.39701457064546425,
            0.7614294343195853,
            0.2772685565968416,
            2.051431154099407,
            0.7017517792337475,
            0.48896040107998345
        ],
        [
            -0.36034282689347874,
            -1.149314236330629,
            -1.8956011198677054,
            -0.5452357594611815,
            1.4939633387166174,
            0.177836144161032,
            -0.006818629838925784,
            -0.7839908757993803,
            -0.010243184574723884,
            0.5224997834599866,
            -1.246658390439769,
            0.559724290882173,
            -0.4570687037469912,
            -1.0258479269682206,
            1.6841194302294273,
            -0.1380697987445958,
            0.3208262087595196,
            0.0,
            0.43611264802108307,
            -0.5486540631004686,
            1.0264278998368621,
            -0.05353244165681676,
            -0.621652602441068,
            -1.0279438946864523,
            -0.37573714726224106,
            1.2694755698960518,
            -0.6204850331544757,
            -0.23868095229203384,
            1.2881275705261874,
            -0.7225043385365312,
            0.6271141421453573,
            1.1553255209695272,
            0.49622203508150675,
            1.8237684978557291,
            -0.2664255678425955,
            -0.03237619989445191,
            0.9827730394934315,
            0.44149614632637396,
            -0.4044110904365161,
            0.5316500832218919,
            -1.8330890513477733,
            2.342300662001483,
            0.5123706854027699,
            -0.42399029761412066,
            -0.16980266452716655,
            1.018776549590404,
            -2.6855958487111584,
            2.898295722792613,
            1.6985124571110544,
            0.4024432530776208,
            -0.877869033745526,
            -0.42304300682037027,
            -0.26299626935417636,
            -1.2949494694701311,
            -0.1492355280996557,
            -0.33421401090148456,
            1.0782102216306966,
            -1.8254024853411321,
            -1.1468012322815229,
            -1.0840093849044594,
            0.7581793695686688,
            1.1270613572436805,
            1.0878257967995342,
            0.08867450680136726
        ],
        [
            -0.26661121195445014,
            0.8284862863838464,
