{
    "N": 64,
    "id": "36c82aeb-3a3e-468e-9e8f-466e3bb179da",
    "problem_type": "SK Spin-Glass",
    "distribution": "gaussian",
    "spins": [
        -1,
        -1,
        -1,
        -1,
        1,
        -1,
        1,
        1,
        1,
        -1,
        -1,
        -1,
        -1,
        -1,
        -1,
        -1,
        1,
        1,
        1,
        -1,
        1,
        1,
        1,
        1,
        -1,
        1,
        -1,
        1,
        1,
        1,
        1,
        1,
        -1,
        1,
        1,
        -1,
        1,
        1,
        -1,
        -1,
        -1,
        -1,
        -1,
        -1,
        -1,
        -1,
        -1,
        -1,
        -1,
        -1,
        1,
        -1,
        1,
        1,
        1,
        1,
        1,
        1,
        -1,
        1,
        1,
        -1,
        1,
        -1
    ],
    "couplings": [
        [
            0.0,
            1.8737544071968417,
            -0.9054350104858999,
            -0.8151022035039707,
            -0.3916950855350031,
            0.10954937371077234,
            2.277725376223463,
            -0.02051412248259763,
            0.32960745282972137,
            -0.5070191828607479,
            0.13697677021863439,
            -1.1822837824913668,
            -0.12333279628189828,
            -1.6441093683137484,
            -1.0928779645858724,
            0.21253783998559786,
            -0.7377469530418554,
            0.597802719771215,
            -0.345252703012948,
            -0.40801282497981795,
            -0.8619877644234081,
            -0.1980147455443105,
            -0.32929135520312597,
            -0.34441100012593495,
            -0.5453282307203091,
            0.34371825469518363,
            0.8522365629722827,
            0.8121751549350277,
            1.5197410908667834,
            0.40195125712267415,
            1.9331021868061304,
            0.9136080381684153,
            0.11411517650338154,
            -2.982679620999176,
            1.0032880039320138,
            -0.4173369492572958,
            0.790236669237234,
            0.6699789365468899,
            0.26448856948145677,
            0.8772432631225667,
            -0.6875414674876651,
            -0.13628613732076744,
            -2.6657570646494864,
            -1.4140917503805046,
            0.28240886434473833,
            -0.8677624723177614,
            -0.6376995309555075,
            0.896858051764374,
            -0.4631840603632926,
            -0.09193409897698396,
            1.1698717035897668,
            -1.2918833595924224,
            -0.31077391679676686,
            -1.1862184906523658,
            0.3489659331154576,
            -2.133170236474321,
            0.5803839442969332,
            -0.23724877387428356,
            -0.2479846353912652,
            0.4338503403386755,
            -0.9243900856989619,
            -2.354485691384546,
            0.5672857001884858,
            0.4760625387310827
        ],
        [
            1.8737544071968417,
            0.0,
            -3.419299190256133,
            1.0137875743923503,
            -0.326334042065602,
            2.595482300495217,
            0.6596636829067011,
            0.5200543031505473,
            -0.39913645987122714,
            0.5126950824035463,
            0.08816166604260921,
            1.4700556964726028,
            1.8781773863279774,
            1.3875757199750727,
            0.17620641433328146,
            1.6461260794465835,
            -0.730612096637863,
            -0.9047371879284196,
            1.0002063184086465,
            -1.694709454583764,
            0.9815518180532182,
            -0.9526180809158897,
            0.9939355193505864,
            0.5743435896859757,
            1.468790732119607,
            -0.8394779649595228,
            -0.9655852341328031,
            -0.5981455919037697,
            0.34326200186890743,
            2.561663612921011,
            0.827121136844207,
            0.0763650376223439,
            -1.6973726114378702,
            1.2380485045808063,
            -1.3812677945642162,
            0.9510765281202894,
            -0.9134433951789928,
            1.087984454508667,
            -1.464017142968087,
            -1.1430596964790194,
            -0.6043670274503118,
            -0.11515038623499325,
            2.180846125305908,
            0.24029047421493002,
            0.2681566493844265,
            1.468873592110479,
            0.5165396753982578,
            1.138202519369914,
            0.5760681887818586,
            -0.23194884861447318,
            0.28723231982617964,
            -0.3767658910635767,
            0.024907329305849123,
            -1.0790578110406837,
            0.6484989861851885,
            -0.11640535576890929,
            -0.8568689087559602,
            2.4538881282119913,
            -1.1285424152799983,
            -0.21129719990970397,
            -0.44039732976507845,
            0.027707010476302554,
            -0.2946085419731765,
            0.30664681356612666
        ],
        [
            -0.9054350104858999,
            -3.419299190256133,
            0.0,
            -1.2809242182186173,
            0.08973149119155742,
            -1.0713113102452503,
            1.3721207712404606,
            -0.9433281213389916,
            -0.49944198363595216,
            0.5776547509204081,
            -1.5989869489473032,
            -0.783374371455268,
            0.4150001751718258,
            0.2679317895153554,
            0.1546075032021753,
            1.4210912696465159,
            0.9102734670184673,
            0.8655941313210697,
            -1.7506800541606395,
            0.4690210589068582,
            -2.2330818887451986,
            0.9418330407542785,
            0.5645847631055531,
            -0.010587994643318586,
            -1.8183293012778403,
            1.223697863954572,
            0.28387615400541455,
            0.6087271360998013,
            0.08068215082571237,
            0.11752446898699609,
            -2.579738232413804,
            0.029346040563408057,
            -0.028277839451403414,
            1.774134096381549,
            0.10823084574025713,
            -0.15545218473974742,
            -0.18981445602997904,
            -0.7047132152656226,
            -0.06355743620344731,
            0.5281070760184073,
            -0.4157618851784681,
            0.5094732314142069,
            -0.3855336109023916,
            -2.3858525819715464,
            -0.5001907989858588,
            -0.5452213498919845,
            -0.9298189805847537,
            0.6156430188474529,
            1.0809694176196898,
            1.1837734016064703,
            -1.7636543088665373,
            0.44219632533390113,
            -0.6691165234483721,
            -0.06584859361790495,
            -0.9939299753419131,
            -1.3969406300319347,
            -1.643406824223376,
            -0.12176848823839287,
            -0.37629861866597686,
            -0.3470545567521838,
            0.041938307888696014,
            1.469670076572456,
            0.4069088179635736,
            -0.2151528212093583
        ],
        [
            -0.8151022035039707,
            1.0137875743923503,
            -1.2809242182186173,
            0.0,
            0.1948700837384214,
            -0.900405549028886,
            -0.8328611366477708,
            1.2447471665818248,
            -0.10960146452553196,
            -0.6346642600929895,
            -0.8497991924199879,
            0.2394593401919101,
            0.29199980405277354,
            1.2738136549025716,
            -0.8650723900957211,
            0.11433712038569413,
            1.9357135087604795,
            0.13723566880103946,
            0.363975169401122,
            -0.7881061963757332,
            -0.6420642492122292,
            -0.4046023866539022,
            0.32880468489948667,
            -0.6285219832603975,
            0.1797071965657004,
            -0.3644973045127236,
            0.9255659281995514,
            0.9766102364848693,
            0.08013643246214398,
            0.24572547471040185,
            0.22513639003741945,
            -0.1897799223938907,
            -2.68153264330854,
            1.785339950560019,
            -0.31599252177986625,
            0.885519141104376,
            -0.734232878310283,
            -0.1706516619978701,
            1.2146421820879898,
            1.748855557289275,
            0.8448711693670111,
            0.9949908337403142,
            0.3955406915909095,
            -0.42726524675264493,
            0.8347358014663089,
            -1.546971405031843,
            1.1368796489459898,
            0.7862581850803687,
            0.4042307099613137,
            -1.7929323696193544,
            -1.6580982286185353,
            0.4698336176233141,
            0.8294274151919536,
            1.6808547703409376,
            -0.03363541567788089,
            -0.2610010413550767,
            -0.13161858448175426,
            0.042665169145215905,
            0.3678164139023613,
            -0.7762536884740261,
            0.911757314230863,
            0.19967760229163162,
            1.1051449200415027,
            -0.6204010345563725
        ],
        [
            -0.3916950855350031,
            -0.326334042065602,
            0.08973149119155742,
            0.1948700837384214,
            0.0,
            -2.46373665692518,
            -0.9046557996897607,
            -0.9830435573807101,
            -0.8698509944068908,
            -0.004883389894282971,
            -0.7981145802515641,
            -0.465958266655816,
            -0.09275897502820249,
            0.5605207800007589,
            -0.8119285634813579,
            -0.5788308561019992,
            -0.04117808959154503,
            -1.1783449752463828,
            -1.037106499593471,
            2.513772413626807,
            -1.4931797460856366,
            1.0993188390764481,
            -1.1112865092875877,
            0.39011187272989695,
            -0.11696270356730788,
            -0.3040500042103249,
            1.2800281110305418,
            -0.5604622528880446,
            -1.6687295375985463,
            -1.317050642672358,
            1.7226795597088924,
            0.7149679521973905,
            0.7377635461421579,
            -0.5985801256474278,
            -0.3700257552222331,
            -0.47638329345887304,
            0.4182946233883587,
            -1.0819824276953691,
            1.4604094291505654,
            0.035147658234693166,
            0.6546881462066628,
            -0.1982781120508098,
            -0.20674095016424476,
            0.45060234075521827,
            1.0440048158095825,
            -1.0868013602911475,
            0.5728105713193001,
            0.3633895867570736,
            1.5997979833056382,
            -0.6966719343716224,
            1.772185632448679,
            -0.4986010039700583,
            -0.19058354205843797,
            0.10260212108495946,
            0.2544574258419908,
            1.0269691067265954,
            0.6559174210821771,
            -0.3619317837763605,
            -1.9128982213902264,
            0.39859178891538755,
            -1.206998718036936,
            -1.1902803852408363,
            -0.027135113824372618,
            0.17007149469769045
        ],
        [
            0.10954937371077234,
            2.595482300495217,
            -1.0713113102452503,
            -0.900405549028886,
            -2.46373665692518,
            0.0,
            1.2069913616933483,
            -0.21432057081153114,
            0.3751251877075239,
            0.7746997332950967,
            0.030756445442648623,
            0.2663500312277932,
            -0.7240317592313251,
            -1.002487804562296,
            1.3020151913983418,
            -0.3341238679281342,
            1.3163652578562102,
            -0.38941393806912705,
            0.5432535993309557,
            -0.701998663161626,
            -0.25732113851982624,
            0.2532535111914964,
            1.262401135913997,
            0.1926060157967528,
            -0.1725391580949193,
            0.15312814864195248,
            -1.2127498033462534,
            -0.6601381097521203,
            -0.38474326530595404,
            -1.415816765262005,
            -0.45217191072985985,
            -0.43842356460817145,
            -0.99990482590944,
            0.8386396553311922,
            0.5099137330813336,
            -1.232998240643748,
            -0.20486399479846684,
            0.7015846565191847,
            -0.3223107760421576,
            1.6477075896364608,
            2.7373895978423826,
            0.4839317938294306,
            -1.3040597511314764,
            -1.6832162688204257,
            0.339896927344465,
            -1.2768059253579724,
            -0.38681063083613865,
            0.2200764512870296,
            -1.5400346942655432,
            -0.810905602013334,
            0.7331627789832763,
            1.1499556111486133,
            0.6640157388403649,
            1.337692795558763,
            0.4587002151497037,
            1.67383752597185,
            0.7950186029529794,
            -1.0855447804854597,
            -0.14494498361519942,
            1.7752586470828433,
            -0.6308778738185203,
            0.1344614015563413,
            -0.288127413086589,
            0.17950697609945387
        ],
        [
            2.277725376223463,
            0.6596636829067011,
            1.3721207712404606,
            -0.8328611366477708,
            -0.9046557996897607,
            1.2069913616933483,
            0.0,
            -0.4976276472216168,
            -0.38201252920681233,
            -0.23752606543740962,
            0.3906154394622433,
            -2.5359722439881667,
            -0.2733775404844096,
            0.8788159358450373,
            -1.8073954033762691,
            0.9494333209657667,
            0.1711632434000651,
            0.6943747681047299,
            0.8402679801705077,
            1.2284625274748535,
            1.7334937267635822,
            0.6194058609485572,
            0.08220851727939865,
            -0.06960277283171394,
            0.4478389520411164,
            -0.6019824483660584,
            -1.4963805740187404,
            0.13947511081055847,
            -0.19785379849114726,
            0.06814675228373794,
            -0.31404357936595534,
            -0.09582925936221992,
            1.180623351112781,
            -1.2654324975469928,
            0.12447443582724124,
            0.9244686771658586,
            2.5534248700693065,
            -0.655821129794657,
            -0.3733263304952205,
            -0.41044840326112614,
            0.025258768231101403,
            0.8391241975260615,
            -0.337302016561488,
            -1.053785159772772,
            0.451631926729007,
            0.010102839412831143,
            -0.008808550044909578,
            1.3708871046268247,
            -0.35068795606709124,
            0.5573835052667098,
            1.4373678904471114,
            0.43623353488546457,
            -0.40210968891911075,
            0.10420848239387358,
            -0.5663716213460548,
            -0.12207231867209069,
            0.3087054404903734,
            0.17452890679666772,
            0.44593056605080966,
            -0.7460038856582503,
            -0.03676396312350756,
            -0.01983667191010849,
            1.0192480439239247,
            0.033413109469534574
        ],
        [
            -0.02051412248259763,
            0.5200543031505473,
            -0.9433281213389916,
            1.2447471665818248,
            -0.9830435573807101,
            -0.21432057081153114,
            -0.4976276472216168,
            0.0,
            0.6619215313299505,
            -0.37267556965656673,
            -0.661180961379648,
            -0.4168396646881298,
            -0.5436366936108314,
            -1.1384384449229048,
            1.030270067930253,
            1.738960842307196,
            0.9693380886582602,
            -0.10911244768229449,
            1.7648170075166552,
            -0.40765357857555934,
            -1.233189445924544,
            -1.9778258530332005,
            -0.2444693487650685,
            -0.39700879780416193,
            0.8994879663252054,
            0.3265359947567201,
            -0.29754637568962977,
            0.47583959307831,
            0.5032722938240699,
            0.5374408800857965,
            -0.8991020035979825,
            -0.46024755950985574,
            -0.41524712338607245,
            0.8545702928095257,
            1.0488300909277564,
            -1.4944775381988527,
            0.5517286079073517,
            -0.6732507129897369,
            -0.9429044605393597,
            -0.2819914900834901,
            -2.2851328652518306,
            -0.4659758219885182,
            -1.385856109513785,
            0.01626843412297401,
            0.8322191318803693,
            0.7739015922658472,
            -0.728271405332038,
            0.6113053194158818,
            1.2097574617421527,
            -2.203914610318915,
            -0.424721622121898,
            1.758804718267288,
            -0.4951293713796906,
            -0.3238753790021761,
            0.3864675610951098,
            -0.4509744955031287,
            1.9405727205135668,
            1.591501409398566,
            -0.4952264429385984,
            1.2437715784686736,
            -0.9826560832747023,
            -1.2730675609375453,
            -1.0536413924397598,
            0.9526221811911149
        ],
        [
            0.32960745282972137,
            -0.39913645987122714,
            -0.49944198363595216,
            -0.10960146452553196,
            -0.8698509944068908,
            0.3751251877075239,
            -0.38201252920681233,
            0.6619215313299505,
            0.0,
            2.5033176164641513,
            -0.8363825245974922,
            0.1926504987700342,
            1.449385329692067,
            -1.4240498160971804,
            -1.5552545225185257,
            -1.1061972469580539,
            -0.3860130443135072,
            0.3114758284711879,
            -1.1510742002525731,
            -0.5846940978257159,
            -0.29590414814215105,
            0.1369178913305136,
            -1.0338270046159475,
            -0.9657099263838824,
            1.0761460310346915,
            1.916024247405462,
            -0.6880253106109897,
            -0.4569865291815129,
            0.43664289266743345,
            -0.7302409124275583,
            -0.6795432093579157,
            -0.11628955864177873,
            0.5320041574106971,
            0.10071658946364218,
            -1.381397400946317,
            -1.4148224605559616,
            0.3937214071582087,
            -0.8880389210121183,
            0.4326990034305216,
            0.69507108626756,
            -0.5178547159467362,
            -0.11712075399269657,
            -0.7244630536895772,
            -0.11862413363953993,
            -0.27978105373748485,
            -2.6877498927321914,
            1.1340096155214967,
            -0.34625786903552175,
            -0.9176197383874629,
            0.6112667326969426,
            0.706227692371633,
            -0.765283286006301,
            -0.37752037507450564,
            0.2707079578267419,
            -0.152020414942777,
            -1.0251851025906729,
            0.333837960239561,
            -0.05500564901655257,
            1.2564187899383665,
            1.2821524035359833,
            -0.39176713917065964,
            0.4891464632885587,
            -1.0014911371642152,
            1.3331055315833704
        ],
        [
            -0.5070191828607479,
            0.5126950824035463,
            0.5776547509204081,
            -0.6346642600929895,
            -0.004883389894282971,
            0.7746997332950967,
            -0.23752606543740962,
            -0.37267556965656673,
            2.5033176164641513,
            0.0,
            -0.4126800897947867,
            0.9027134115108538,
            0.6614879776027203,
            0.2710274769069693,
            -1.0574312630425562,
            0.09921472093580502,
            1.5929478435284097,
            -0.6344673873275591,
            -1.8118642824210776,
            0.6272621787157578,
            -0.49484610185726235,
            -0.8966565978593347,
            2.1656806322790527,
            1.4259825308252982,
            -0.340508086780067,
            0.4435758720679748,
            0.4679804100040099,
            0.5730977136719368,
            0.0365806304969774,
            -0.2784111748068519,
            0.2087378812206962,
            -0.3626341812235775,
            1.8232193385441613,
            0.9237715514412084,
            1.2259181241388588,
            0.0478812738344245,
            -0.6820345442017692,
            0.5433983999483892,
            0.4766138121831595,
            -1.4831192947729108,
            -1.0636397179265444,
            0.13225934662729757,
            0.2021373021449383,
            0.3126138050466353,
            -0.20688496717424876,
            -0.18500529454560538,
            0.3984204149601995,
            1.3175290825079131,
            0.2886413780352952,
            -1.3667849598059456,
            0.47527292319642267,
            2.577010846942159,
            0.42671814056490764,
            -1.9529251508281287,
            1.750017043589386,
            -1.5050273605271698,
            -2.204427599700389,
            -0.5540423803679835,
            2.8978989303084575,
            -0.6727145169299618,
            0.6628252938939551,
            0.4281200635999102,
            -0.5296018050596041,
            1.3284439383060815
        ],
        [
            0.13697677021863439,
            0.08816166604260921,
            -1.5989869489473032,
            -0.8497991924199879,
            -0.7981145802515641,
            0.030756445442648623,
            0.3906154394622433,
            -0.661180961379648,
            -0.8363825245974922,
            -0.4126800897947867,
            0.0,
            0.45135323749024203,
            0.6410099731316319,
            -0.1626049948617783,
            0.005215133640289535,
            -0.12166695929993437,
            0.4753620758358119,
            1.1164169569416362,
            0.03252260290208331,
            -0.1323330768526926,
            -0.9807356463709954,
            -0.35207808564146126,
            -0.7286120824083605,
            -0.28047253459621924,
            0.41891742390269815,
            0.9348925634741178,
            0.8378684154835513,
            0.963585449600805,
            -1.6099806339212552,
            -0.535831858696231,
            -0.22400907573375733,
            -0.4388161711355649,
            0.07391105534931047,
            1.0213236600914533,
            0.041623764792342616,
            1.5481323636939786,
            -0.8266180298712174,
            -0.07533368333810074,
            -1.5976569069870374,
            0.6789192377948453,
            1.471266662330249,
            0.5848614454503741,
            1.2188670475007255,
            1.4222152515039073,
            -0.21593161734274305,
            -0.31348263866040565,
            0.8695847046845745,
            -1.0256465022093315,
            -0.0763153031414353,
            -0.8989748304197308,
            -1.5677610858992808,
            -0.0752124363021192,
            -1.1078644222757752,
            0.6742864715873857,
            1.1854179426784917,
            0.6130912188530138,
            -0.07567563419092506,
            0.057445095165189954,
            -0.673541430879903,
            -0.1340163848225,
            -0.6225510721283668,
            0.6254692348201136,
            -0.6935606420809903,
            1.0801222508151973
        ],
        [
            -1.1822837824913668,
            1.4700556964726028,
            -0.783374371455268,
            0.2394593401919101,
            -0.465958266655816,
            0.2663500312277932,
            -2.5359722439881667,
            -0.4168396646881298,
            0.1926504987700342,
            0.9027134115108538,
            0.45135323749024203,
            0.0,
            0.43476722224885705,
            0.8263961876829213,
            -0.11833401816124016,
            0.7087801148733065,
            0.5700449717477852,
            -0.5338777968762443,
            0.2892320475510859,
            1.667242764215383,
            -0.07903027810801869,
            -0.20180539646095344,
            0.8564453074933578,
            0.804914163165436,
            -2.1530780598097863,
            -0.14318250820288983,
            -0.5552421695958385,
            0.0667662687730989,
            0.2971671066931942,
            -0.7037009210014012,
            -1.107579782578023,
            -0.36070676975022664,
            0.6733682081253515,
            -1.077235948549608,
            -0.7854841244567238,
            0.07961706099012046,
            -0.1744976885921155,
            -1.5116781322819293,
            0.6492236728248031,
            0.9172558138783853,
            0.8516811532607789,
            1.673018634852408,
            0.10664409580011093,
            1.7453060859922003,
            0.13813958321983139,
            0.3167768108649233,
            -0.14191913596015296,
            0.03529886336474684,
            0.11555835805739963,
            0.3524137761609726,
            0.3689592030281843,
            0.01191636504048956,
            -0.7403663570906379,
            0.1868938689536848,
            -2.132218492816053,
            -0.2695159106647467,
            0.8439853204033935,
            -0.017776046982200613,
            0.9979990602650736,
            0.45330856267738234,
            -1.0391020272402356,
            0.6023117131231266,
            0.8945519720999351,
            -1.9198226388263435
        ],
        [
            -0.12333279628189828,
            1.8781773863279774,
            0.4150001751718258,
            0.29199980405277354,
            -0.09275897502820249,
            -0.7240317592313251,
            -0.2733775404844096,
            -0.5436366936108314,
            1.449385329692067,
            0.6614879776027203,
            0.6410099731316319,
            0.43476722224885705,
            0.0,
            -0.17746519804433386,
            -0.9098015371420078,
            -0.05826057553298045,
            1.3259863659801319,
            -0.3109896638349107,
            -0.522113546273011,
            -0.3539195393417894,
            0.3056087949043713,
            -0.24004053082391766,
            -0.2742656797326394,
            2.241491311227349,
            -1.0056505633305861,
            0.5007783880828922,
            -1.136510406259523,
            0.21660278410929346,
            0.4425336647329045,
            0.4314253742864624,
            0.13184351816208104,
            0.2744287517048424,
            -1.67345649208187,
            -0.07748341849708303,
            0.18782558250711545,
            -0.6270728808834335,
            -0.8032118299202436,
            1.0568180538361889,
            -0.5900762069360712,
            -0.6969662805191623,
            2.0730491600552283,
            0.21372317477658787,
            -0.23376994113624583,
            0.6684396118854306,
            0.09249668220693355,
            -2.918808384173832,
            -0.9340767649398579,
            -1.0581687629970995,
            0.34257039977885095,
            0.7626374919868386,
            -0.43431163376958165,
            0.7152449244417639,
            -0.19372690611051446,
            0.8151282168051669,
            -0.320450688572756,
            0.5229693851370429,
            2.5168869576614643,
            -0.41108359104830405,
            -1.228167533417563,
            -2.2933222407433678,
            -1.465560764312245,
            -0.61554137290332,
            -0.09316803231698254,
            0.014323198273097993
        ],
        [
            -1.6441093683137484,
            1.3875757199750727,
            0.2679317895153554,
            1.2738136549025716,
            0.5605207800007589,
            -1.002487804562296,
            0.8788159358450373,
            -1.1384384449229048,
            -1.4240498160971804,
            0.2710274769069693,
            -0.1626049948617783,
            0.8263961876829213,
            -0.17746519804433386,
            0.0,
            1.1245409399511372,
            -0.5530201934566358,
            -1.0374528606407767,
            -0.19700018941443392,
            -1.846157598826338,
            -0.9160612714375764,
            0.22631178553242806,
            -1.4792585477355653,
            0.4152876832467848,
            2.254861706629202,
            1.1142361875519766,
            0.7371421060130968,
            2.8257793454456612,
            0.4835372545771591,
            0.7633668418844571,
            0.2910588238604818,
            1.0509687037990407,
            -0.29986476973320114,
            0.3435319071750099,
            -0.31953836140403463,
            -0.45591895865740867,
            -0.30420793441052935,
            1.1434505789497338,
            0.20480767732546026,
            -0.3669440205186808,
            0.09148561612319026,
            -0.3756662785130961,
            0.15986724851988157,
            0.31392156399053334,
            1.0305786624992164,
            0.6583161072174148,
            -0.15358199248947657,
            -1.0033475765164428,
            1.295976182365488,
            -1.0347332995957164,
            1.1167371417421108,
            -0.7253805414491756,
            0.07697434656478198,
            1.5136772531740734,
            1.2593132802922684,
            1.4556108513536752,
            -1.271490220698286,
            0.6924027529840673,
            -0.8085906468489322,
            -1.3465773430973715,
            -0.23331056462225205,
            -1.3014492141266183,
            0.43002657244161113,
            -0.21554133386053026,
            1.3250905957840655
        ],
        [
            -1.0928779645858724,
            0.17620641433328146,
            0.1546075032021753,
            -0.8650723900957211,
            -0.8119285634813579,
            1.3020151913983418,
            -1.8073954033762691,
            1.030270067930253,
            -1.5552545225185257,
            -1.0574312630425562,
            0.005215133640289535,
            -0.11833401816124016,
            -0.9098015371420078,
            1.1245409399511372,
            0.0,
            -1.4994366105562216,
            -1.7963301515277748,
            0.3697650830816889,
            -0.5786370043530392,
            0.30718127532210315,
            0.05315792399902597,
            -0.8011786383134394,
            0.6345452435711885,
            0.26840834214676695,
            -0.23771696793208819,
            -1.1709355656151343,
            0.5765169127152215,
            -0.38041402876918357,
            -0.17587258186846397,
            -0.4147871825243565,
            -0.20528342861452797,
            0.7442736750987374,
            0.5471960472170531,
            -0.6845868534035392,
            1.015843108933074,
            0.8666653613480013,
            1.5952445135104678,
            1.1567718533355025,
            -0.8119413093207417,
            -1.0256303007812853,
            -0.3390078704437887,
            -0.7994070228798837,
            -0.4817660877908699,
            -0.4758569218013303,
            0.05850937427549885,
            1.3699006166641086,
            0.26700236452359066,
            2.8174404402979265,
            0.18599900023361385,
            0.5758171226473218,
            0.5175099918848967,
            0.2780832934466981,
            0.005915951917004892,
            -0.509262208744669,
            0.48402782217082546,
            -0.2881761137197522,
            -0.6407030006710507,
            0.608845950818814,
            0.5889737251522614,
            -0.0539094435718251,
            1.4829733392494944,
            -0.10862760530642876,
            -0.4024430703470659,
            -1.519303747674911
        ],
        [
            0.21253783998559786,
            1.6461260794465835,
            1.4210912696465159,
            0.11433712038569413,
            -0.5788308561019992,
            -0.3341238679281342,
            0.9494333209657667,
            1.738960842307196,
            -1.1061972469580539,
            0.09921472093580502,
            -0.12166695929993437,
            0.7087801148733065,
            -0.05826057553298045,
            -0.5530201934566358,
            -1.4994366105562216,
            0.0,
            0.17657106734399303,
            0.1520758245946529,
            -0.5343468510250438,
            -0.8016179609840564,
            -0.22900695642362975,
            0.4358830384201345,
            -1.35760786635417,
            -0.7869549081549523,
            -0.4258219004684431,
            -1.2227225915303137,
            0.07127449105155483,
            0.13988498781006392,
            2.2627062262383615,
            0.40239530414029057,
            0.7335913409900167,
            -0.20840896908334233,
            -0.10554311020243712,
            -0.9513239798072664,
            -0.05325764962669536,
            0.9109840671508143,
            0.7919400977195725,
            -0.5383207853771559,
            -2.1583458675013016,
            1.068400240399188,
            1.3685005570747804,
            -0.35451115188876986,
            0.13303769050618258,
            -1.635657421481322,
            0.8931456913889907,
            0.4685865288295486,
            -0.7751761820917475,
            -1.41652384047447,
            -0.5353871128954864,
            0.31526089479759617,
            -1.8183843277960325,
            -1.1000681718879335,
            0.2527276168955575,
            -1.8795165068506932,
            0.7513907615350373,
            -0.9385686232271766,
            0.14448800528633393,
            -0.3137063158557175,
            1.059674210764968,
            -0.021816486095844793,
            -0.2623806913317198,
            0.18195418504635918,
            -0.6583112796128952,
            -0.3048453196936059
        ],
        [
            -0.7377469530418554,
            -0.730612096637863,
            0.9102734670184673,
            1.9357135087604795,
            -0.04117808959154503,
            1.3163652578562102,
            0.1711632434000651,
            0.9693380886582602,
            -0.3860130443135072,
            1.5929478435284097,
            0.4753620758358119,
            0.5700449717477852,
            1.3259863659801319,
            -1.0374528606407767,
            -1.7963301515277748,
            0.17657106734399303,
            0.0,
            2.126217120071636,
            -0.15818329480663557,
            0.8861408945059457,
            1.2948229642398104,
            1.0883386635737657,
            -0.5068790296815667,
            -0.2490442492552501,
            -1.3745847495509438,
            -1.6148230229473493,
            -0.8583554340353855,
            -2.4021074502171635,
            -1.3215389439593674,
            1.376429277486344,
            -0.32884937890543336,
            0.1821738610776902,
            -0.6746650550083118,
            1.803323169772266,
            0.8063573189694533,
            -0.12168694545394922,
            -1.0621429637565207,
            -1.1431247270625557,
            1.0308540540502118,
            0.5485821011472162,
            0.22696294556023922,
            -0.0219286376853416,
            -0.6359551571370944,
            -1.6106264485142603,
            1.682314415925188,
            0.8319296323056824,
            1.9747799713998975,
            1.730135759282031,
            1.163114096358103,
            -0.5736665062962265,
            -1.1303088058258965,
            0.9990802109501076,
            -0.052242112740122415,
            -0.47655531261534206,
            -0.7921087175593068,
            0.7179970791279223,
            -1.8761995597659407,
            -0.39524655147374055,
            0.214998206610367,
            -1.7471262655624833,
            0.131541208289255,
            -0.3684895707683481,
            0.3766088842920437,
            -1.2265062026742042
        ],
        [
            0.597802719771215,
            -0.9047371879284196,
            0.8655941313210697,
            0.13723566880103946,
            -1.1783449752463828,
            -0.38941393806912705,
            0.6943747681047299,
            -0.10911244768229449,
            0.3114758284711879,
            -0.6344673873275591,
            1.1164169569416362,
            -0.5338777968762443,
            -0.3109896638349107,
            -0.19700018941443392,
            0.3697650830816889,
            0.1520758245946529,
            2.126217120071636,
            0.0,
            0.0980216869560959,
            0.8797811049306951,
            -1.1667479499428373,
            -0.5516870543345617,
            1.4917691468734766,
            2.024624165961178,
            0.1143404625037851,
            -0.6002395032158134,
            0.8203904390733232,
            1.2453039459891986,
            0.054960846147352325,
            -0.3164810394786666,
            -0.2004319726066383,
            -1.3404049834821368,
            0.5737324895874752,
            0.39557179717856294,
            -0.23141246687554134,
            -1.0618973351236145,
            -1.1864184249762229,
            0.40825173657394614,
            -1.581610182609574,
            0.424039277562427,
            1.5616105547806836,
            0.3556891697508447,
            0.03943907990541141,
            0.3286492406082027,
            1.1360408494681675,
            0.18715147418032357,
            0.20033510089293638,
            -2.3743387762587833,
            0.6694059602000069,
            -0.45556162485805163,
            -0.45273686346541553,
            -0.9828691488532192,
            0.4677987399335156,
            -0.4347951930685772,
            -0.15648537446562186,
            -0.44047296928183544,
            0.21073338428770733,
            0.4283287577137144,
            -0.18603439341722042,
            -1.0478941675439657,
            -1.079371303168495,
            1.2082631900877674,
            0.9029141683256322,
            0.5866348598006985
        ],
        [
            -0.345252703012948,
            1.0002063184086465,
            -1.7506800541606395,
            0.363975169401122,
