{
    "N": 64,
    "id": "76a267cb-a690-4936-bfeb-800e645c1086",
    "problem_type": "SK Spin-Glass",
    "distribution": "gaussian",
    "spins": [
        -1,
        1,
        -1,
        -1,
        -1,
        1,
        -1,
        -1,
        1,
        -1,
        1,
        1,
        1,
        1,
        1,
        -1,
        1,
        -1,
        1,
        1,
        1,
        -1,
        -1,
        -1,
        -1,
        -1,
        -1,
        -1,
        -1,
        -1,
        1,
        -1,
        1,
        -1,
        1,
        1,
        1,
        1,
        -1,
        -1,
        -1,
        1,
        -1,
        1,
        -1,
        1,
        -1,
        1,
        -1,
        -1,
        -1,
        -1,
        -1,
        -1,
        1,
        1,
        1,
        1,
        1,
        1,
        -1,
        -1,
        -1,
        -1
    ],
    "couplings": [
        [
            0.0,
            0.06991431143272159,
            -0.3794216985241452,
            -0.7536803588637144,
            -1.0761793647389148,
            0.31762115684041253,
            -0.6549479193171276,
            -0.3182918242170977,
            -0.4551831890424636,
            0.30007373930084696,
            1.2441573519658937,
            -0.24648923750228133,
            -2.221675958617443,
            1.2551210877988443,
            0.6322307456721552,
            -0.36629793742585903,
            0.04403867485272222,
            -0.7242567707454757,
            0.11645191293359494,
            -0.648799466072628,
            1.3993544227353818,
            -1.0275662148659466,
            -0.5803685347086117,
            1.2526176155187119,
            -1.4667744979152693,
            -0.4126225732719995,
            -1.1406982670431267,
            -0.6708274907377724,
            0.5324839965352416,
            -0.4129833676871981,
            -0.9294938617714434,
            0.2030807892342687,
            -0.6743994436409799,
            -0.1318564038689648,
            1.4044098768136721,
            0.07013328183508657,
            -0.9740599617458798,
            2.096657561229471,
            0.058571386445259034,
            -0.4004337021332927,
            0.7655908116392672,
            -0.6312209297176927,
            -0.6703192600200583,
            -0.04215196103086335,
            0.4403287004007235,
            -0.08984084574969729,
            -0.6486766357478202,
            -0.768045632245223,
            -1.3320097695518036,
            1.3604248631311697,
            1.2815133738265008,
            0.7711424454167976,
            -0.6362883723170677,
            0.16603513498625827,
            1.0878750579895304,
            1.57703978290949,
            1.3448117085846942,
            -0.5233062478785382,
            -0.6786956755575726,
            -0.5815914139354669,
            -0.909964255121948,
            -1.3995936223568666,
            -1.4347508881241045,
            0.023919081498131756
        ],
        [
            0.06991431143272159,
            0.0,
            -0.07676097926474218,
            -0.09034251422400057,
            -0.8772996649394235,
            -0.2719196316113273,
            -0.7804221730234626,
            2.0646532445858883,
            1.9771214375296513,
            -1.3506280566170037,
            -0.786439219285586,
            0.13303594811777272,
            0.4472067244028328,
            0.5617047307471301,
            0.3209439907741475,
            -1.2034298238339243,
            0.2187686409380242,
            -1.0276377656091853,
            1.2379503480275502,
            1.1707233495132685,
            1.342302848336888,
            0.21137209341490115,
            0.29120762072203454,
            1.475500939622906,
            1.212700795601359,
            -0.9529135147703639,
            0.048697449391034806,
            0.7376252317777635,
            -0.9648396569948354,
            -0.41481791373463733,
            -0.6556377147179263,
            0.9817889234181708,
            0.3965960006921546,
            -0.11827831885933356,
            0.9614219271044827,
            0.9820162432922352,
            1.541755596624661,
            1.330193963064224,
            -1.1203994836064959,
            0.8450622378494913,
            -1.4198821398973855,
            1.1303685418789837,
            -1.174813319838,
            0.16947372294504143,
            -1.0428978004590752,
            0.4060817237955034,
            -0.3336433990895373,
            -0.3614310491355762,
            -0.10840138540865363,
            1.9571998891333973,
            -2.045812678163538,
            1.2684204279587876,
            0.5529148178503086,
            0.41627066596203377,
            0.7004702874964452,
            0.9704115044831588,
            0.05287686714909769,
            0.20053054529602984,
            -0.6038208703558805,
            -0.44162547690669185,
            -0.8861446635182043,
            -2.030483356570968,
            1.676075249133128,
            0.22113250878396762
        ],
        [
            -0.3794216985241452,
            -0.07676097926474218,
            0.0,
            0.3774193766183675,
            -1.0762642122337398,
            0.31385098457303867,
            -0.8787454419289299,
            0.44318624264942486,
            -0.5041840969231919,
            -2.0252627767967177,
            -1.1586278872498914,
            -0.22549188868987152,
            1.965314522704863,
            0.5292051076512756,
            -0.6201319495963802,
            -0.3162682042445216,
            2.3789645495005183,
            1.2509200662348159,
            -0.012510200930007362,
            1.1366875094429507,
            0.3009508010219602,
            1.4785029551999491,
            0.04278311105858994,
            -0.7281929728423049,
            1.0542360688713963,
            1.457998071310534,
            0.6775800924432487,
            -0.7791514917843971,
            -1.0398561903168093,
            -0.375076724037967,
            1.4250330716364579,
            -0.7251717643859811,
            -0.2546646089604982,
            -0.7665434793438818,
            0.04610861247596087,
            1.0951933572176067,
            -0.8234080919222582,
            2.2926683823800222,
            0.6809874509625019,
            0.23134923157785175,
            -0.30511216423300763,
            -0.05130396306176041,
            -0.3466363721583104,
            -1.185909051858181,
            -0.010373020524939686,
            0.44644470145443693,
            0.9959808558824759,
            -0.37318281004124376,
            -0.7163722871902035,
            -1.2962754476417124,
            1.5578136164608916,
            0.7906397084673229,
            -1.2126885494668866,
            1.7770237050364694,
            1.1986851280348807,
            -1.1512939213866162,
            1.0560385414186424,
            0.6414918816341958,
            0.5345543659714133,
            -0.8846865179110385,
            0.9904829998608796,
            -1.162915509642392,
            -0.24518595486385464,
            0.3698927478434596
        ],
        [
            -0.7536803588637144,
            -0.09034251422400057,
            0.3774193766183675,
            0.0,
            -0.5331635365469565,
            0.3480710093931503,
            -2.3605464513921017,
            -0.45854566307749484,
            -0.1823969852483353,
            -1.836041294162134,
            -0.5093230351156035,
            0.07905451262328862,
            -0.23405025746386454,
            1.8147520174729408,
            0.2516469372512182,
            0.03431974899177018,
            -0.3589169987206478,
            0.30410098904934313,
            0.2030568670801348,
            -0.9431114097571273,
            -1.818454943768013,
            0.7295865923425754,
            -0.10807367661820438,
            1.692771648363885,
            -1.3903034954155182,
            0.3290794173472493,
            0.23642130212954998,
            -2.3030356699185055,
            1.3818172783613323,
            -0.6674382842325504,
            1.1856301358496653,
            0.28598163405575505,
            0.5202573483340637,
            0.5722939340508876,
            0.6884599188267719,
            -0.029502308662463797,
            -0.007956742900419133,
            -0.3204610425609136,
            -1.4572592601270802,
            0.6759605853070912,
            1.0738229555548022,
            -0.12916636085664873,
            -0.06799917891503666,
            -0.6250944815989735,
            0.6777447835478307,
            1.5753567533145385,
            1.0149527402726697,
            0.7399164478306388,
            0.34698280976260365,
            0.37626689096026034,
            -0.5595277019146212,
            -0.8085411203870215,
            -0.2645522447013524,
            0.376796528364382,
            0.44823212685810926,
            -0.4897725076981008,
            0.45172475786693617,
            0.5264969817164852,
            -0.0533303869468741,
            1.5466480651287353,
            1.58941833888365,
            0.7251308953999004,
            0.9766621475034711,
            -0.6859342487197058
        ],
        [
            -1.0761793647389148,
            -0.8772996649394235,
            -1.0762642122337398,
            -0.5331635365469565,
            0.0,
            -2.0019709496112914,
            1.1396487620993723,
            -0.3651254714184043,
            -0.3888752014028006,
            0.10132268405346945,
            0.5079039219538667,
            -0.39440467490673564,
            0.40847559168673203,
            1.9470090774962392,
            1.5593654423083072,
            -0.36304388417269917,
            1.2549990012112342,
            -0.4305700330169293,
            -0.04648281018314157,
            -0.8939052608494377,
            2.2037522285923377,
            -0.4188567462591849,
            0.06507993405983788,
            -2.00471803886222,
            0.3912948052168309,
            1.1453499015895765,
            0.30128592065329823,
            -0.5359325158525222,
            -0.570758252255367,
            0.2504328920962327,
            -0.7842383718690212,
            -0.638589804579719,
            -1.389754333839396,
            0.19923836119353128,
            1.1977410678320823,
            -1.1711919038688812,
            1.1425749974708141,
            -3.209202380057647,
            -0.40099994225477265,
            -1.0853874644464607,
            -0.4953873063457514,
            -1.5515169735071248,
            -0.15771714577613563,
            0.9803606068592696,
            -0.7132949187558945,
            -0.4409130954300048,
            -1.0690863847219572,
            0.30147681177115065,
            1.1139747421439958,
            -0.713242904156756,
            -0.7024477931219453,
            1.3677689945403217,
            -0.19641191472817027,
            -0.5823807989165494,
            0.3074530453128875,
            -0.9640178036038713,
            0.6465103488183084,
            0.4098792024929554,
            0.6258740857685061,
            -0.18367976572036346,
            0.28328244348381865,
            -1.2455092610299405,
            1.589285253575326,
            -1.0049462158419942
        ],
        [
            0.31762115684041253,
            -0.2719196316113273,
            0.31385098457303867,
            0.3480710093931503,
            -2.0019709496112914,
            0.0,
            0.43308989778477053,
            -0.7605526552878595,
            0.7218672504931055,
            -0.7390546908014483,
            -0.2524993856017415,
            0.7254623676661336,
            -1.4188541172516955,
            0.6706283917294454,
            0.5036724089308253,
            0.5790294941089827,
            0.24434469338179132,
            1.7830791999973092,
            0.7216307136725113,
            0.6574842477388169,
            -0.8154096281699861,
            -0.039117139629440266,
            -1.5081462456409391,
            -1.1212404195849424,
            0.6648544425694131,
            -0.09090028078611405,
            1.2076202382640628,
            0.5622238919044561,
            -1.2503219182213197,
            0.921492967893452,
            -0.8974620970162897,
            0.49323877948560446,
            -0.9921768102534007,
            -0.9025916792013167,
            -0.10145478222459331,
            0.4181203382236502,
            -0.10756207561887778,
            -0.15870841341170805,
            -0.09524398212592325,
            -0.8587580275872292,
            0.5251466634453574,
            -1.4350020961947139,
            0.9550560841280558,
            0.3417149291129036,
            -1.8311339688479658,
            0.7694091238389847,
            -1.2198079266400008,
            0.8776597538462957,
            1.0620231796550161,
            -0.7772344242065867,
            0.1820116454437296,
            1.2906341267158217,
            -0.19250571759500432,
            -0.7031095430341828,
            -0.09592776003015696,
            -1.289640236055802,
            -1.4365504744689823,
            0.6405414745463452,
            -0.43675271401436644,
            1.20169546921222,
            0.40063718995941133,
            1.4483409379284318,
            -0.6882989628583761,
            -0.3156146148209863
        ],
        [
            -0.6549479193171276,
            -0.7804221730234626,
            -0.8787454419289299,
            -2.3605464513921017,
            1.1396487620993723,
            0.43308989778477053,
            0.0,
            2.188416952045285,
            0.46247996621360776,
            1.2408483318186678,
            0.575382450710313,
            -0.05658198819058445,
            0.5415758350045006,
            -0.17595250050650352,
            -0.3354723661692267,
            -2.2315810568815113,
            -0.04720002138261059,
            -0.6509103018306482,
            0.49193140520568673,
            0.709304728579539,
            0.10882492340229842,
            0.33125351953991317,
            0.8011199814813931,
            1.6430491979322694,
            0.4462806181951252,
            2.4223918682867582,
            1.9708220666735354,
            -0.914826245748757,
            -0.27124375241902565,
            1.5047372342220953,
            1.1846589407339672,
            0.37507141498693924,
            -0.23958862256145214,
            1.5162759295749095,
            1.6533150333695135,
            1.2797329785483742,
            -0.9238372420692851,
            0.5254193412502849,
            0.25146216025138773,
            0.14725543437483118,
            0.6469171027863871,
            1.8880328815104441,
            0.22327804040068325,
            0.4761269041703828,
            -0.7724185438398341,
            -0.3330010263782568,
            -0.590979565416857,
            -0.28797423415242757,
            1.2568185314390934,
            1.7559954763207049,
            -0.9486147485723401,
            -0.357508139596567,
            -0.21201676956506033,
            -0.38595792925083533,
            0.7584744103727554,
            0.12325876996532156,
            1.2840018592880382,
            1.520077655153578,
            -0.7077316541574954,
            1.282814446881792,
            2.1139956052792166,
            0.7533440159511338,
            -1.0556061240929286,
            0.8170401522463112
        ],
        [
            -0.3182918242170977,
            2.0646532445858883,
            0.44318624264942486,
            -0.45854566307749484,
            -0.3651254714184043,
            -0.7605526552878595,
            2.188416952045285,
            0.0,
            0.40164125829561875,
            0.9333385627702336,
            0.5378125497885118,
            -2.128702671963976,
            -0.11289234577401003,
            0.7724726782203071,
            -0.3070096973702746,
            -1.6263208315919382,
            0.4129057186858318,
            -2.7866947383108642,
            -0.43347557547326737,
            0.7980752647949881,
            2.134144659695528,
            -1.793651580226454,
            0.0830583566522638,
            0.9707836001544624,
            0.7036528817724776,
            0.8514538588713741,
            -0.6748961203760926,
            0.2218922128954167,
            -0.46281745218525727,
            0.4805525250297284,
            0.6059882241409582,
            0.7579312802024368,
            -0.5835207348717801,
            -0.22116531825398417,
            0.21819234873627957,
            -0.23784262527531883,
            0.3609152858304217,
            0.07397075848069362,
            -0.17017438332158472,
            0.018913626970478534,
            0.25687394497551286,
            -0.8337866203668682,
            -0.15353427887654486,
            0.5305941637392967,
            0.6643722948159911,
            2.986824009326422,
            0.23215990950783405,
            0.12087708002587842,
            -0.7824204602565741,
            -1.6467283511596758,
            -1.0409300831084989,
            2.088258717789343,
            -0.5829604699131943,
            0.002046697045522944,
            1.1745513375219565,
            -0.21891111845220604,
            -0.726630795732517,
            0.7731688712125596,
            -0.7352994590226648,
            0.9696310069629678,
            -0.619773004464642,
            0.10553315238929846,
            1.1657352480302037,
            -0.6940207558966748
        ],
        [
            -0.4551831890424636,
            1.9771214375296513,
            -0.5041840969231919,
            -0.1823969852483353,
            -0.3888752014028006,
            0.7218672504931055,
            0.46247996621360776,
            0.40164125829561875,
            0.0,
            -1.2011156447490607,
            0.040399883962067465,
            0.3782389596421354,
            -1.5842390447199004,
            0.7049146309462964,
            -0.9954892669905762,
            0.8148713642383248,
            0.6820041429616407,
            -0.8885946411546993,
            0.9400246852567273,
            -0.650827914435546,
            -1.6198210660988392,
            0.5938207052039909,
            -0.01270955221091439,
            0.012434421831315184,
            -0.8953177298062195,
            -0.4781919468547047,
            -2.3255569924143837,
            -1.9058514086708347,
            -0.9382480164548804,
            -0.006275479648102187,
            -0.8819342280865845,
            -1.276255454610544,
            -0.43949572033774154,
            0.08091896787173362,
            -1.2729717195953847,
            1.1118523981731128,
            -2.8685892033167044,
            -0.7955149834357387,
            -0.6341718343102032,
            0.31662251374773753,
            -1.0028124886024745,
            -1.2144849820087584,
            0.6177708934070548,
            -0.7601152424736008,
            -0.1915108564181428,
            -0.8792191635717578,
            0.4065777729396175,
            -0.930964826344246,
            -0.9441292135819304,
            1.2320732805720238,
            0.6183169186353952,
            -0.013308315603059036,
            -1.511341069949424,
            0.5722775728997141,
            -0.5406334429094025,
            0.49683357617737967,
            0.10600032022077771,
            0.07046701616744587,
            -1.3920905747307264,
            0.1038554786396715,
            -0.42231287833007786,
            -0.6464277785349382,
            0.5400345467445644,
            -0.6862192151493668
        ],
        [
            0.30007373930084696,
            -1.3506280566170037,
            -2.0252627767967177,
            -1.836041294162134,
            0.10132268405346945,
            -0.7390546908014483,
            1.2408483318186678,
            0.9333385627702336,
            -1.2011156447490607,
            0.0,
            1.3057789123722738,
            -0.7627123078198409,
            -1.3601788275122273,
            0.6385607775958619,
            0.13240940100649562,
            0.9336300956197239,
            -2.6404607739252155,
            3.4375922260495986,
            -1.0938506877336436,
            0.14738827698122844,
            -0.21963707143041608,
            -0.5608514939788002,
            -0.21748847555753806,
            0.12813781251198206,
            -2.0244996716263306,
            -0.1608598409909409,
            -0.42705587827832875,
            0.23666166418302637,
            -1.0234541612187802,
            -0.08428192204337746,
            -0.5047370695137496,
            0.19346148677421832,
            -0.6061256327009175,
            0.395189354839635,
            -1.8101088846983624,
            -1.1112013265759542,
            1.0154461382129156,
            -0.08434689375237368,
            -0.3633154277341441,
            -1.8530605831568254,
            0.06030114742220102,
            1.912465498434066,
            0.01999246605215668,
            -0.04500189367813105,
            0.9886103372359455,
            -1.194356848868027,
            2.04276059767185,
            -1.2037802448744754,
            -0.10121637891337522,
            -0.9466949302612734,
            -0.3518757856088676,
            1.0032066878638783,
            0.1669745179293852,
            -0.9096013031699756,
            -1.0057217629048185,
            -0.809125472656461,
            0.022814986309300664,
            2.3606783935184166,
            -0.250905071485711,
            -0.5926827525845859,
            0.25784163001928084,
            0.505257321800881,
            1.7467522343783262,
            -0.13655215897517956
        ],
        [
            1.2441573519658937,
            -0.786439219285586,
            -1.1586278872498914,
            -0.5093230351156035,
            0.5079039219538667,
            -0.2524993856017415,
            0.575382450710313,
            0.5378125497885118,
            0.040399883962067465,
            1.3057789123722738,
            0.0,
            0.9953076651497355,
            0.29934978412409424,
            0.08138774379156759,
            -1.385127085300747,
            1.565972413611723,
            -0.5561289047547425,
            -0.1577497717336733,
            0.3762119300257872,
            1.1640983817775323,
            0.5809668223997968,
            -1.1599451654498447,
            -0.9655162037686532,
            -0.8310272739213417,
            -0.783046978777038,
            2.5732574122519036,
            0.9818944068798384,
            -0.2196782804372639,
            0.5912926463363875,
            -0.38524637362526293,
            1.0533681375362303,
            -0.18158541246327004,
            -1.1513209439739933,
            0.31970706365839563,
            -0.01397569406271914,
            1.7365362378967286,
            1.3289641882857448,
            -0.21732759519995246,
            0.19614526057684614,
            -1.0461102346617304,
            -0.39332585009025806,
            -0.4877875081992529,
            -0.9833957555667672,
            -1.0320901906323903,
            -0.7305977792775193,
            -1.2879418456466707,
            0.1292365882092297,
            2.470150104203699,
            -2.4342541972959455,
            1.4535739767660751,
            1.1552836120443877,
            -0.944024985282768,
            -1.0471796380919662,
            -0.4338055749031588,
            0.8463787594215072,
            1.206195802613634,
            -0.42276746525007747,
            -0.733985829928783,
            -1.5611986558279873,
            -0.018954661763389724,
            -0.37403136491033845,
            -0.3474930883799049,
            -0.3022411138265276,
            0.7735191774725415
        ],
        [
            -0.24648923750228133,
            0.13303594811777272,
            -0.22549188868987152,
            0.07905451262328862,
            -0.39440467490673564,
            0.7254623676661336,
            -0.05658198819058445,
            -2.128702671963976,
            0.3782389596421354,
            -0.7627123078198409,
            0.9953076651497355,
            0.0,
            0.35700689921628287,
            -1.7738131459697595,
            -0.3726330835420854,
            -0.9034757834158099,
            -0.313243676173957,
            -0.2823855158697884,
            1.153720162641811,
            -0.766038865065032,
            -0.978150459256091,
            1.2363378102163947,
            0.11411774465893305,
            0.09007667999897974,
            0.7114430295423348,
            -0.8726708630623925,
            0.7814703274554653,
            -0.0009994082887300236,
            0.1757957920582843,
            -0.14075692151247995,
            0.33857277160628146,
            1.2950326208368317,
            0.4009507097332135,
            -0.47363502371123734,
            1.6852836176538455,
            1.3971317413839694,
            -0.8132811932930617,
            1.1821052532233596,
            0.009784238278133883,
            -1.1767400648269748,
            0.7968745685710349,
            0.22154965407976876,
            0.38102229383490227,
            1.7411608863625119,
            -0.8659758301396067,
            -0.8021751682998577,
            2.221750997509833,
            -0.3913160097343698,
            1.8069120939397507,
            0.47230316572470193,
            0.8588277442676279,
            0.17020690095210994,
            -1.0446192578400555,
            0.6955816113018797,
            -0.021194810813567985,
            2.709908917244522,
            -2.513952631510594,
            -0.8261521224073127,
            -0.3139391900983682,
            0.4538730605500459,
            1.0660607466045982,
            -0.5562577342462823,
            -0.13278740750327236,
            -0.08268130285751539
        ],
        [
            -2.221675958617443,
            0.4472067244028328,
            1.965314522704863,
            -0.23405025746386454,
            0.40847559168673203,
            -1.4188541172516955,
            0.5415758350045006,
            -0.11289234577401003,
            -1.5842390447199004,
            -1.3601788275122273,
            0.29934978412409424,
            0.35700689921628287,
            0.0,
            -0.27055732104093383,
            -0.9850717638359758,
            1.1934185535463229,
            0.1551278030716613,
            -0.48247375260047415,
            -0.8775627480454267,
            -0.4798665309755588,
            -0.6692361245605386,
            0.3574899402370911,
            0.36391901769704843,
            0.61287072719945,
            -0.5351135747226775,
            0.9883870604849581,
            1.3791644282102073,
            -2.078773563660544,
            -0.2110315385601556,
            1.1261951234765861,
            0.6620781709013894,
            -1.0801531601510426,
            -0.22734415220952967,
            0.22663006592331125,
            0.36668732895078604,
            -0.009687606704309843,
            -1.204056498751941,
            -0.41519292593612533,
            1.7554376615163372,
            -0.07099945122306803,
            0.9888619678834737,
            -1.9597825316113358,
            1.7871811687026156,
            0.8147775830781036,
            0.06401360495392294,
            -0.6888738252068929,
            0.4019288569080098,
            -0.018338043350939654,
            0.7447333789464339,
            1.2258160421879147,
            -0.49518423181477483,
            0.6471554081637455,
            -0.24571868851853976,
            0.5904661731133355,
            1.3451821744925583,
            1.1613710422488477,
            0.29936164064518,
            0.37805532630570293,
            -0.4254770395079546,
            0.18226385847684853,
            0.128853192464997,
            0.9238992273321056,
            0.6549112862401671,
            0.3924795789402721
        ],
        [
            1.2551210877988443,
            0.5617047307471301,
            0.5292051076512756,
            1.8147520174729408,
            1.9470090774962392,
            0.6706283917294454,
            -0.17595250050650352,
            0.7724726782203071,
            0.7049146309462964,
            0.6385607775958619,
            0.08138774379156759,
            -1.7738131459697595,
            -0.27055732104093383,
            0.0,
            -0.426290913322121,
            -0.05464392840601389,
            1.9512446069630711,
            0.5181476108606201,
            1.813107978400707,
            -0.9093608140832132,
            1.2982035585354492,
            0.5927504252110041,
            0.12668405609838973,
            -2.1098352423110467,
            0.5290464751542563,
            -0.20014596798687842,
            -2.579327631317207,
            0.4433819462969011,
            -1.0889389239423193,
            -1.3541259986724565,
            -0.3584990127521587,
            0.48615585226731844,
            0.5901090069966014,
            0.5428441159995315,
            0.1502315820118198,
            0.7385656708133108,
            -1.0434327864501318,
            -0.4147316380676403,
            1.2017683319625616,
            0.6816701825828123,
            -1.1258098362436748,
            0.5426186599293454,
            0.05202548149768762,
            -0.9117727331632337,
            -1.384234911892715,
            1.052239513421593,
            1.355713601485101,
            1.8317533912073156,
            -0.4426813896091391,
            1.3137515882719197,
            0.5004101788739618,
            -0.20315932699029887,
            -0.09591556067926484,
            1.301329402639355,
            -0.34125820602907453,
            -0.27013107304861095,
            -0.8395570208345968,
            -0.0773664445661799,
            -0.7573776948232859,
            0.7774821265430153,
            -3.01999923666393,
            1.337601401718792,
            0.003220332253336806,
            0.7185434279837225
        ],
        [
            0.6322307456721552,
            0.3209439907741475,
            -0.6201319495963802,
            0.2516469372512182,
            1.5593654423083072,
            0.5036724089308253,
            -0.3354723661692267,
            -0.3070096973702746,
            -0.9954892669905762,
            0.13240940100649562,
            -1.385127085300747,
            -0.3726330835420854,
            -0.9850717638359758,
            -0.426290913322121,
            0.0,
            -0.8721809878402192,
            1.8046375579004639,
            -0.44734609234377937,
            -0.49217918063382954,
            0.3291951781143351,
            0.811410341940284,
            -0.4353040442387544,
            -0.9180464845054357,
            0.6021257002519225,
            0.2939726674680398,
            0.08374254033649922,
            1.5585266845739802,
            0.8602941239671287,
            -0.9271306895231362,
            -0.6500508713323584,
            0.0171733815794835,
            -0.35336334705389316,
            0.5104761751292022,
            -0.9431070470512349,
            0.9614073615963401,
            0.3029478562516968,
            -0.392731446741726,
            0.8461455481501948,
            -0.6026282708954227,
            -1.255419666971371,
            0.8771971255300518,
            -2.148565625673681,
            -1.207018668872733,
            -0.48267327450453257,
            -1.161148452891698,
            0.561746538686975,
            0.6666805866299499,
            -1.1037793694333913,
            -0.6357007372225028,
            -0.03492962329113684,
            0.7047288628045602,
            -0.45143233659737225,
            0.4348784902501002,
            -0.3968858377976118,
            1.2597737032411698,
            1.4946015502495837,
            -1.7791568586123874,
            0.6774650690844001,
            -0.0029247227054687006,
            1.0478480201827678,
            0.23982748664449627,
            -0.5725416406819314,
            0.7266376601786074,
            -0.8243400857027274
        ],
        [
            -0.36629793742585903,
            -1.2034298238339243,
            -0.3162682042445216,
            0.03431974899177018,
            -0.36304388417269917,
            0.5790294941089827,
            -2.2315810568815113,
            -1.6263208315919382,
            0.8148713642383248,
            0.9336300956197239,
            1.565972413611723,
            -0.9034757834158099,
            1.1934185535463229,
            -0.05464392840601389,
            -0.8721809878402192,
            0.0,
            -1.4895763446758614,
            0.731424844959186,
            0.5331397892461,
            0.5878916366124575,
            0.9067927875064574,
            -1.3925599582922403,
            -0.2635111629900512,
            0.7547260969862009,
            -0.09479001469152032,
            -0.15371055965488553,
            0.33517789205331183,
            0.4844399220213865,
            -0.10204927165028405,
            0.7238012037270385,
            -1.0177410585425106,
            0.12211560447459748,
            1.1037104773525965,
            0.45580588035187874,
            0.038913454747551486,
            1.2889524235628975,
            0.0009327757445216089,
            -1.5454389447442505,
            -0.9821890535459614,
            0.5480183154844682,
            -0.33076676126334087,
            -0.9190518665870326,
            -0.40272162428235947,
            -1.4869903182176885,
            -0.16145469987746375,
            -0.5574154567451486,
            -0.4225336830559759,
            1.2026127186931688,
            -1.1579645169607053,
            0.005264392781068541,
            -0.664061689086849,
            2.317952865284433,
            0.696702625090291,
            1.790054000169196,
            2.9328421814038923,
            0.8485628015226008,
            -0.326241121925802,
            -4.087123016505905,
            1.6812851096062427,
            -1.6798933253609172,
            -1.1514663799895692,
            -0.6680557514775232,
            -0.6960421470126904,
            1.4408683964534035
        ],
        [
            0.04403867485272222,
            0.2187686409380242,
            2.3789645495005183,
            -0.3589169987206478,
            1.2549990012112342,
            0.24434469338179132,
            -0.04720002138261059,
            0.4129057186858318,
            0.6820041429616407,
            -2.6404607739252155,
            -0.5561289047547425,
            -0.313243676173957,
            0.1551278030716613,
            1.9512446069630711,
            1.8046375579004639,
            -1.4895763446758614,
            0.0,
            1.5699349354387284,
            1.45963074194711,
            0.06970575947900706,
            -0.4933968184097216,
            -1.507652169581234,
            1.348168793315371,
            -0.7132598901609175,
            -0.2981616412444884,
            1.0807296597040636,
            0.3431207103693278,
            1.8389037137383264,
            -0.3315051296072581,
            0.020619076802652923,
            0.7853970209597316,
            -2.052639629923482,
            1.195414483800171,
            -0.44377073228266123,
            1.704927722362486,
            -1.014776727809466,
            -0.5533384442864563,
            -1.4683684547907854,
            0.511970009499584,
            -0.5941610189332946,
            1.1970011028399565,
            1.5560355902156053,
            0.6377734983544286,
            -0.22904984459051322,
            -0.03200414626142909,
            0.6928050244836106,
            -0.2101730740752708,
            0.6307081829946397,
            1.698688307108141,
            -0.7061170714810673,
            1.7151990773768222,
            0.1596739777289324,
            -0.25358395725763727,
            -0.569530379348729,
            -0.7593165933686644,
            0.32777903397975866,
            -0.3954267401071951,
            0.7700993504336374,
            -0.663050605701755,
            1.318918787012451,
            -0.6846858516281027,
            -1.4641426195054401,
            -0.5085219435823233,
            0.7496255935361285
        ],
        [
            -0.7242567707454757,
            -1.0276377656091853,
            1.2509200662348159,
            0.30410098904934313,
            -0.4305700330169293,
            1.7830791999973092,
            -0.6509103018306482,
            -2.7866947383108642,
            -0.8885946411546993,
            3.4375922260495986,
            -0.1577497717336733,
            -0.2823855158697884,
            -0.48247375260047415,
            0.5181476108606201,
            -0.44734609234377937,
            0.731424844959186,
            1.5699349354387284,
            0.0,
            1.5654476861965063,
            -1.6663079696499525,
            -0.1360293474792439,
            0.4599759595403656,
            0.3135259133932353,
            -0.3933829771010944,
            -0.45840525839868584,
            -0.47723850595403355,
            0.019386708722618568,
            0.08032172871915697,
            0.6644611713706365,
            -1.5601347086655017,
            -0.8661568963737183,
            0.7267857221713754,
            -0.8807460557526503,
            -1.147746452979509,
            0.3247610665508275,
            0.7501352498110664,
            -1.3679669309789475,
            0.16909559093021767,
            -0.46387766573058986,
            1.5879948851216845,
            0.12251703315503863,
            0.5482587835851577,
            0.4768925773392169,
            0.8139052116796952,
            -0.21267728987400153,
            0.30524796500842827,
            1.3370002596409387,
            -0.022928260805067723,
            -0.9454424568484913,
            -0.04268906638713934,
            -1.1328396103138865,
            0.35680295319945904,
            0.0032455736228182643,
            0.8322911407934466,
            0.6628486660934084,
            -0.10280763847867312,
            0.4084778487108728,
            0.3357818171031277,
            1.4905835724661622,
            -0.9125218436025716,
            0.22517550136762612,
            -1.1415310529957519,
            0.5507876923694102,
            0.2956411482258808
        ],
        [
            0.11645191293359494,
            1.2379503480275502,
            -0.012510200930007362,
