{
    "N": 64,
    "id": "b74dc3c6-5cb6-4016-be93-2fc630a9cb6d",
    "problem_type": "SK Spin-Glass",
    "distribution": "gaussian",
    "spins": [
        1,
        -1,
        1,
        1,
        -1,
        1,
        -1,
        1,
        1,
        1,
        -1,
        -1,
        1,
        1,
        -1,
        -1,
        -1,
        1,
        -1,
        -1,
        1,
        1,
        1,
        1,
        -1,
        1,
        1,
        -1,
        -1,
        -1,
        -1,
        1,
        1,
        1,
        1,
        -1,
        1,
        1,
        -1,
        -1,
        1,
        -1,
        -1,
        -1,
        1,
        1,
        1,
        1,
        1,
        1,
        -1,
        -1,
        1,
        1,
        1,
        1,
        -1,
        -1,
        1,
        1,
        1,
        -1,
        -1,
        -1
    ],
    "couplings": [
        [
            0.0,
            -2.355610705431445,
            1.1978091015071195,
            0.01563290774414863,
            -0.9523561382148058,
            -1.644672302304174,
            -1.7074660607900645,
            0.5093138557611335,
            -0.11724998198290887,
            -1.4803675053969605,
            -1.0656951325652073,
            0.2151390954454835,
            -0.0864267463479349,
            1.34922823061538,
            0.5402283587966801,
            -0.558019549608807,
            -0.06855234582018077,
            0.03357004022231147,
            -0.47813027569711597,
            0.7966541813335829,
            0.008205787920225933,
            0.9748386544230772,
            0.2860803010143617,
            0.44388049343741975,
            1.4449952320866075,
            0.3400452574498223,
            0.0544900528402455,
            -1.0888295337429157,
            -0.1595385622352191,
            -0.8836564050332198,
            -0.5787202855282845,
            -1.1706600303653656,
            0.8356348234563675,
            -1.0720511941333162,
            1.3325135320077226,
            -0.2252387803605047,
            0.973344714095622,
            -0.33185205450541555,
            1.2048517518657675,
            -0.44940453632193506,
            -0.5659641504466445,
            -0.7828643171941028,
            -0.1502564404941198,
            -0.4558711155493225,
            -1.537836462943376,
            -1.9376200772577241,
            0.24317699620781838,
            -1.0837759305863366,
            0.002665012021397944,
            0.33881113408623154,
            0.13493586486774864,
            0.15245429041959532,
            -0.36677669100507615,
            -0.13980967271192726,
            -0.08208134037807362,
            0.7532058462383409,
            -1.3657362822090195,
            -1.5794376621026307,
            0.6497913026569507,
            1.2115289760400707,
            0.5865300598812119,
            -0.4516044916700225,
            -0.04066976280810504,
            -0.32318581057825274
        ],
        [
            -2.355610705431445,
            0.0,
            -0.3863545064168724,
            -1.145322595701273,
            -1.8555361768812484,
            1.5317095352500938,
            1.7011210706255795,
            1.0462622108560273,
            0.6782042329154384,
            -0.3478600419918253,
            1.0625299093733542,
            -0.006933015574198815,
            0.3421481726444036,
            1.2355978158039136,
            0.2205264731535299,
            1.0924759349692659,
            -0.76288530418821,
            -0.46329662202585364,
            -0.20585025765093243,
            -0.8431208538154606,
            -1.061664842580758,
            0.03447809486245857,
            -1.6725508486194907,
            1.8655650953579779,
            -0.10185055341244453,
            1.078289335612656,
            -0.22223312679754,
            -0.6806812424913206,
            1.892935872245047,
            -1.8944988370248577,
            -0.11663429608825375,
            0.6270762337022103,
            -0.9513884718203083,
            0.513418409635976,
            0.48564047934763693,
            -0.29555682973752007,
            0.7994007744898686,
            0.8104513425279068,
            -0.07747232593508019,
            -0.5545018269637598,
            -0.2782523234829966,
            0.40406255603607366,
            0.07349949268645048,
            -0.3711339974557095,
            1.0278781582415895,
            1.2591773502638492,
            -1.1397829741597951,
            1.1061838221289721,
            -0.3824567935277831,
            -0.9615707450009138,
            -0.34279922986857414,
            -0.7224513808441654,
            -1.6179455867430093,
            0.23822972417342758,
            -0.48547087613537604,
            -0.3250889867556598,
            -1.4537245048272296,
            1.896194769230187,
            0.747224042183539,
            0.42747448121237286,
            0.019103150694790464,
            -0.39914998529063356,
            -0.18846301572553228,
            1.4112713485619048
        ],
        [
            1.1978091015071195,
            -0.3863545064168724,
            0.0,
            0.545616326518615,
            1.928180560246471,
            0.7355918889095412,
            1.2101135351340622,
            -1.4234620756106968,
            -0.8314125414426471,
            1.19457190345834,
            -0.4440229597355721,
            -2.1307544178464983,
            0.28439571596062474,
            -0.3640015131846063,
            -0.30426979175297403,
            0.02364975611230122,
            -0.43687376084301655,
            -0.4473591218824555,
            0.736983502237698,
            -0.5262907421062792,
            0.41090247889944187,
            1.1668155340320598,
            1.9024036036384486,
            -0.29648347528784424,
            0.5341995487296032,
            -0.0694166168418856,
            -1.9401791517290377,
            0.992932199387464,
            -0.9290891262380571,
            -0.5242335434092401,
            -0.9995316695325377,
            1.4652354657284012,
            0.817811351686202,
            2.0162133096981516,
            -0.8825382248801281,
            0.4176166363947973,
            0.05242628946801057,
            0.11068098730503571,
            0.20313337393017855,
            0.753610923800943,
            -0.12514502135341385,
            -1.2237706640485988,
            -1.1276728756174408,
            -0.27767675600374137,
            -0.48597135889528464,
            -1.5887991952954985,
            0.5418655987110274,
            -0.9671949752013803,
            0.1057844517096556,
            -0.20796520578294156,
            0.8164388292179092,
            -0.2037408746110255,
            -1.5769733964483372,
            0.3564032544220808,
            -0.6945720956043284,
            0.25979524727197556,
            -0.5637078080657169,
            -0.43273329058736065,
            -0.30866012111657454,
            -0.48637150337328994,
            1.4772178656967274,
            -1.9542573968231152,
            -0.18229535577620148,
            -0.4935247803074388
        ],
        [
            0.01563290774414863,
            -1.145322595701273,
            0.545616326518615,
            0.0,
            -0.5716415255371237,
            -2.712309211968622,
            -1.477989647417765,
            -1.1433571702814762,
            1.002436789408233,
            0.9116268027137383,
            0.148976647190147,
            1.1102355568269524,
            -0.8645858216538539,
            1.019773017761901,
            -2.005499865224102,
            0.7896204646835668,
            0.21214941728062978,
            -2.1838898404596447,
            0.36722225117631346,
            -0.8495542308564351,
            0.14413989686651674,
            0.7568839853562853,
            1.5240250913476237,
            1.371183369865389,
            0.6357647515861223,
            2.2866878153773658,
            2.0534738883858052,
            0.2243836387491138,
            1.3516332739913453,
            1.4272638491267022,
            -0.7932042920975996,
            0.8898850650240582,
            0.15940316521166323,
            1.3897737438059967,
            -0.22488296504176758,
            0.9522143401239853,
            -2.0216714468025065,
            -0.48718382580017267,
            -0.8093400317018025,
            -0.8222321187968594,
            0.3650894597605423,
            -1.0808812930799376,
            -0.3596078877732982,
            2.4824425971744972,
            -1.4001319486287522,
            -0.13910457347491287,
            1.6293432683531472,
            -2.335413429740463,
            0.9809961773178953,
            -0.9536578160419263,
            -0.7937916900734301,
            -0.38596297654375833,
            0.07754751643089255,
            2.666326274551845,
            -0.8462055407865058,
            1.2670716659338783,
            1.3488773570004926,
            0.2936150950493492,
            1.0756342950320392,
            -0.14334961660804063,
            -0.12098032355392442,
            -0.13082725757951763,
            -0.5011494832818404,
            -0.01635979035523975
        ],
        [
            -0.9523561382148058,
            -1.8555361768812484,
            1.928180560246471,
            -0.5716415255371237,
            0.0,
            -1.6491456061920402,
            1.5014206145192557,
            0.2378641380202028,
            1.3077462094791212,
            2.2383212126639833,
            0.5344171993439631,
            -0.197103575716883,
            -2.0651375188513232,
            0.3348848495394206,
            1.582373874858661,
            0.8200834720739467,
            -1.1426546830373456,
            -0.6782455108554402,
            -0.799624316452496,
            -0.5908387276436018,
            1.776972976916746,
            -0.695708525311401,
            0.7951659782816842,
            0.7185291593818534,
            0.41151127843351226,
            -1.0138544233024958,
            0.7020163333681805,
            1.1204107717994782,
            0.011087308006234182,
            0.19955264451900526,
            1.504176703249574,
            -0.7199179992995972,
            0.6599306992227544,
            0.4469294346562862,
            0.6916214902539907,
            0.4562270087232309,
            0.51904934403138,
            -0.7724638201408135,
            0.11118183045744592,
            -0.3128661508932288,
            1.8773662971952259,
            -0.6218141949054449,
            0.5541009759584287,
            1.4167728456260096,
            -0.13179896785324807,
            -0.17794405648955208,
            1.2343979580766424,
            -0.6214357969494606,
            1.1226984790282364,
            1.5157741718811577,
            -0.28943273740326053,
            -0.754029881702164,
            0.08761564128757363,
            -1.1230557415108056,
            0.9707220062373962,
            -0.034669520044568865,
            0.24931716463214953,
            -1.0028505414223488,
            -1.1169660560594292,
            1.4239822674560674,
            1.7266357483730514,
            -0.24923257432578433,
            1.6774236857857339,
            0.3499710436251899
        ],
        [
            -1.644672302304174,
            1.5317095352500938,
            0.7355918889095412,
            -2.712309211968622,
            -1.6491456061920402,
            0.0,
            1.1009648846596924,
            -0.2424179089061075,
            0.45805424197266204,
            -0.6485707953905513,
            0.05468637651251807,
            0.7799491426036146,
            1.1728482885676283,
            1.2699244183242233,
            0.4642089267266154,
            1.0960090372046973,
            0.6782551606436242,
            -0.00035446634200531773,
            0.8139040257278625,
            -0.5444280072122841,
            0.14500420740456715,
            -0.3367707616151878,
            -1.266971828908555,
            -1.6650738294702216,
            -1.106985873174234,
            0.08617430649236334,
            -0.6356668885546328,
            0.2957912750607929,
            -0.07600314685655447,
            0.45786356046172216,
            0.40125720222923206,
            -0.3528049085219901,
            -1.9720590396134252,
            -1.1070016343827522,
            -0.5304611489214314,
            0.71513078253579,
            1.0998056021774354,
            0.7232177643573214,
            -0.32150719959845336,
            -1.7576818498700535,
            -0.933652506634529,
            -0.873818737923562,
            0.8875436956953583,
            -0.7173725219880842,
            1.4611989426936474,
            -0.71761349542103,
            0.7138840743707495,
            -0.7238150091129506,
            0.4735574850286548,
            1.5016534058163966,
            -1.000373277305083,
            1.0277406209061093,
            1.3789207468300715,
            0.2742797438365844,
            -1.009575386896687,
            -0.13066108573842555,
            1.5626169537270997,
            0.690621552868028,
            -0.6707963485531293,
            -0.42999731319354273,
            -0.9310109425415813,
            0.8188265771132428,
            1.0057173260251902,
            0.6317419384955726
        ],
        [
            -1.7074660607900645,
            1.7011210706255795,
            1.2101135351340622,
            -1.477989647417765,
            1.5014206145192557,
            1.1009648846596924,
            0.0,
            0.042449204859729354,
            -0.25531529150230486,
            1.993006887013064,
            0.18603582056180623,
            0.6424520254595194,
            -0.29649849201357437,
            1.0150757370283827,
            0.657176455644195,
            -0.5796369564282524,
            -0.7354184332628232,
            0.7605891895387187,
            -0.18314816388470903,
            0.9427273025092588,
            0.14704859332855988,
            0.1435632623398207,
            -1.7925672443641099,
            -0.4254159228364621,
            -0.6513130566369042,
            1.6821571361683227,
            -1.5337508591719027,
            -0.27724041826542967,
            -0.7068994999143575,
            -0.10632554372168687,
            -1.576442212077154,
            0.008068877186490181,
            -0.6163560093786139,
            0.5227333383546254,
            0.3130123327812343,
            0.41685470028677224,
            1.4461779705429703,
            0.5666494070152732,
            -1.010168631220146,
            0.4034850930352709,
            -0.8271892730769754,
            -0.3491981458611854,
            -1.083603892905392,
            1.6281711004361117,
            0.0528574805659944,
            1.8307017177405085,
            0.2549742751694072,
            -0.5390561972225933,
            0.6410045653771153,
            -1.102351719838174,
            -0.8847048254116026,
            -0.1591272119433771,
            0.32718504317566766,
            0.7057489542357944,
            0.31041650369427826,
            -0.5767229778642932,
            -0.9223230169107441,
            -1.0550404213673652,
            0.632993609475878,
            -0.6532015237922595,
            -0.8186986693319823,
            0.6186301172523406,
            -0.8018785741615567,
            -0.3352230425053545
        ],
        [
            0.5093138557611335,
            1.0462622108560273,
            -1.4234620756106968,
            -1.1433571702814762,
            0.2378641380202028,
            -0.2424179089061075,
            0.042449204859729354,
            0.0,
            -0.0786420948801461,
            2.543340492269864,
            -0.9647220221055275,
            0.9125020941273483,
            -0.8175334813965192,
            -0.9246017700873971,
            2.319086302358285,
            -0.8629556470043186,
            -1.1037508753365672,
            0.6750172610123424,
            0.13621600383163593,
            0.2435369169218496,
            2.583362878670577,
            0.8651611853946235,
            0.4936821161870979,
            -1.1438479433193396,
            -1.1035415933739186,
            -1.9446590237358026,
            0.6861681583505835,
            -0.0505185923823863,
            1.8353472486405218,
            -0.7361902423795257,
            0.8798169354422345,
            1.3709772460241447,
            1.599976954246834,
            1.0569743201908106,
            -0.83335112651418,
            -0.4760466551625965,
            1.3445063103751638,
            0.08737239113356786,
            -1.6970841749153425,
            1.7532972232549067,
            -0.3816326025394763,
            -1.5378280196237473,
            -1.3165766161762464,
            -0.23219059741950085,
            0.6430518464303916,
            -1.7120017126671678,
            -0.6736505058974831,
            1.4324766188394902,
            -0.1569576632774863,
            -0.45077367004251545,
            0.2330281702202356,
            0.5508133768460629,
            0.60675166355888,
            -0.47060434464873857,
            -0.265277347999351,
            -0.6094731395987041,
            0.2263913260724548,
            -0.022280377915684685,
            0.5336032751148108,
            1.0582759485319253,
            -0.6251118254527465,
            -0.19219259365630376,
            0.03715684980402006,
            1.4802230323914305
        ],
        [
            -0.11724998198290887,
            0.6782042329154384,
            -0.8314125414426471,
            1.002436789408233,
            1.3077462094791212,
            0.45805424197266204,
            -0.25531529150230486,
            -0.0786420948801461,
            0.0,
            -0.19077272402649986,
            -1.5265741825186436,
            -1.055928877794453,
            -0.6069143644088718,
            -0.9402213603994088,
            1.5111806128379808,
            0.21241060603875958,
            -0.9912223566252611,
            -1.9366218011839371,
            0.1930861734267713,
            -0.06090109748725558,
            -0.6421170710973291,
            0.687320529537189,
            -0.4787819481039671,
            -1.3495489384063732,
            -0.8853313447822108,
            -0.5220205128590498,
            -0.6676234574682421,
            0.3406954305652927,
            -0.9765802917541251,
            0.24308269513202868,
            -2.544591881415607,
            0.5301827184752912,
            -0.5993930826729911,
            0.14208513289398556,
            1.2740360241603883,
            0.7335002688509373,
            0.2755375064399437,
            0.46320883248239747,
            0.13669850939550068,
            -0.559798457357187,
            -0.3739426116848217,
            1.5349086675909136,
            -1.8517542787189105,
            1.9447893728990222,
            -0.591753812006626,
            -0.19929598374139013,
            1.4153133480610391,
            0.5372725873427338,
            -0.1315620098243216,
            0.44247410290166295,
            -0.4988770548478378,
            1.4080891513947822,
            0.6258033403397139,
            1.082313265929229,
            -1.2540059376507415,
            -0.4825539196152067,
            -0.2250460817273359,
            -0.8953496595365497,
            1.248956915280396,
            0.9950687721053191,
            0.46284047320074406,
            1.5447521135439903,
            2.087923892340899,
            0.8090290494005692
        ],
        [
            -1.4803675053969605,
            -0.3478600419918253,
            1.19457190345834,
            0.9116268027137383,
            2.2383212126639833,
            -0.6485707953905513,
            1.993006887013064,
            2.543340492269864,
            -0.19077272402649986,
            0.0,
            -0.9005997929639846,
            -0.03430963664365737,
            -0.15500882783163866,
            2.1457946491522755,
            -0.4052306079486612,
            1.618521294845501,
            -1.9737646475942197,
            0.5658211711912877,
            -1.0258930726606847,
            -1.2055406591627194,
            0.5508100981325563,
            1.860049697501307,
            -0.8917283812235703,
            0.6343283477476759,
            2.12475459135497,
            0.5022658204502711,
            0.5162814286001985,
            0.9952390615100791,
            -1.6536536931548504,
            0.844121146639232,
            1.167732040524817,
            -0.030469072553401248,
            -0.6326699762852038,
            -0.6632930675890435,
            -0.2567561568668189,
            -1.3889427659560225,
            1.4476295769408667,
            -0.5338441759330211,
            -1.2914625920470466,
            1.1870698294010422,
            1.3622326547106962,
            -0.6007622815667969,
            1.786380707378547,
            0.7052347244407565,
            -0.48909462773290374,
            -0.4828855510584468,
            0.14101580287434048,
            0.887683684668009,
            2.9875509768264523,
            -1.153591433737506,
            1.4651605335830369,
            -0.5502671299753804,
            0.5518356357567579,
            0.03432260751511372,
            -1.7763972967417254,
            0.17875062370905773,
            0.7494849906447512,
            -0.4671318904949788,
            -0.68986364719999,
            -0.3951650257065915,
            -2.273452523281258,
            -0.9828364486859088,
            0.9352291651625786,
            -1.4939057025483868
        ],
        [
            -1.0656951325652073,
            1.0625299093733542,
            -0.4440229597355721,
            0.148976647190147,
            0.5344171993439631,
            0.05468637651251807,
            0.18603582056180623,
            -0.9647220221055275,
            -1.5265741825186436,
            -0.9005997929639846,
            0.0,
            0.7679371300106239,
            -2.1694024214448593,
            -0.34067235833619236,
            0.2951884009531714,
            0.8606758715630075,
            -0.5460867160299229,
            0.7327865519561854,
            1.3683874905190323,
            0.5517684053259252,
            -0.77727005082696,
            -1.6504261743793758,
            -1.0673103867390452,
            1.0770823448706548,
            -0.6916531426102106,
            -0.4446212638173134,
            0.5158120605295289,
            -0.066226603040828,
            0.9550035907403435,
            -0.5663669218732886,
            -0.509639229180536,
            2.041132162910177,
            0.6093584445371731,
            0.45434544262224286,
            0.5491765794774516,
            -0.1858990159999592,
            1.210956535537272,
            0.3480306416218649,
            0.031135032172902123,
            -1.4103697186048683,
            -1.707275430103788,
            0.087461429691363,
            -1.3689872453924128,
            0.5469072190439032,
            -1.0607926302171418,
            -0.29644920268408964,
            -0.49686150907288823,
            -0.06579311888494001,
            -0.9212860288551672,
            1.221243406295137,
            1.7406447781739893,
            0.5246490881088525,
            -0.23537506053464277,
            0.23620032576611824,
            -1.4377267711980137,
            -0.04705646850707525,
            -0.408810537593269,
            0.407031800341279,
            -1.009181338757272,
            -1.296895620620818,
            0.26990205074926354,
            -0.5550091876466773,
            0.33981583048033404,
            -0.21987369254074793
        ],
        [
            0.2151390954454835,
            -0.006933015574198815,
            -2.1307544178464983,
            1.1102355568269524,
            -0.197103575716883,
            0.7799491426036146,
            0.6424520254595194,
            0.9125020941273483,
            -1.055928877794453,
            -0.03430963664365737,
            0.7679371300106239,
            0.0,
            0.5063038624948707,
            -1.0514464162880102,
            -1.0336706009563257,
            -0.6884883841381552,
            0.9763177983629937,
            0.7322014712914039,
            -0.34124301244286354,
            0.8870686680349601,
            0.13879873746377527,
            -0.15060883659435448,
            0.33869895353448143,
            1.3587803454727627,
            -0.9670195300632017,
            -0.2729494435902121,
            0.5803128202827802,
            -0.7278531633667782,
            0.14170722402513528,
            1.5229827957133149,
            0.6859256905283505,
            1.1483184152583392,
            -1.9333155191684173,
            0.5661988609804339,
            0.43881198813314876,
            -0.7824511728762744,
            -0.6001627215602515,
            1.3284494087620726,
            0.07266342664022325,
            0.969333552110871,
            0.7241766035453021,
            -0.28786190781989746,
            -1.2320700481927844,
            -0.70240366477434,
            -0.28865322925394166,
            1.3139367865227525,
            -1.6717198490586422,
            0.4796158709420196,
            0.6327289708152731,
            -0.03290084009262615,
            -0.4147090963279578,
            1.2123492867920085,
            1.654776391880819,
            -0.39669224993830765,
            0.08645488880454708,
            -0.33174380130277314,
            0.5092834734696031,
            0.8746741267425123,
            -1.0657049520492745,
            0.0238659007521333,
            -1.2390569308033466,
            0.007354044528988108,
            -0.8508595715088383,
            1.4163555267746508
        ],
        [
            -0.0864267463479349,
            0.3421481726444036,
            0.28439571596062474,
            -0.8645858216538539,
            -2.0651375188513232,
            1.1728482885676283,
            -0.29649849201357437,
            -0.8175334813965192,
            -0.6069143644088718,
            -0.15500882783163866,
            -2.1694024214448593,
            0.5063038624948707,
            0.0,
            -0.6583518181393568,
            0.46045743829471064,
            -2.0904012024857788,
            -0.4814219049026825,
            0.8128119759580942,
            0.689797108632506,
            0.11889206100501394,
            -0.3339159343127065,
            1.2548674016273471,
            -1.6769493160597846,
            0.29413307261972554,
            1.014009821428198,
            -0.16921373686800675,
            0.008638672416506425,
            0.8080334060844149,
            -0.17592027592604292,
            1.2098805629575013,
            0.7114954600107279,
            -2.297701531505788,
            -0.9624343432624042,
            0.8735246696533077,
            -1.25343909489775,
            -0.025427638411300104,
            0.641547036473502,
            1.0860478351289882,
            0.6980774310283773,
            -2.2868178705294353,
            -1.4012160068181332,
            0.4214733794147903,
            -0.7811376566691889,
            0.27632016061440573,
            -0.567639018251986,
            1.5213971758517069,
            -0.6864718053757185,
            -2.487830812689029,
            0.7793896347242829,
            -0.354321394395513,
            1.405111993704669,
            1.1895202749418172,
            0.014597765351765154,
            0.5844728578129703,
            -0.611914107855153,
            0.2014662188987874,
            -1.086631594038896,
            0.5927948308501224,
            0.5549597798012097,
            -1.6479266111969595,
            -0.5892202081453336,
            -0.26853968437459463,
            -0.05029686121415755,
            -0.3779355186700504
        ],
        [
            1.34922823061538,
            1.2355978158039136,
            -0.3640015131846063,
            1.019773017761901,
            0.3348848495394206,
            1.2699244183242233,
            1.0150757370283827,
            -0.9246017700873971,
            -0.9402213603994088,
            2.1457946491522755,
            -0.34067235833619236,
            -1.0514464162880102,
            -0.6583518181393568,
            0.0,
            1.899627242401976,
            -1.255402400350442,
            1.5337476472374922,
            -1.4707342465398843,
            1.6446069340622893,
            -0.0823419158721729,
            -1.0000901146363603,
            -0.6186918917485441,
            0.050500094758463725,
            -0.9706128711793168,
            1.0061608611939588,
            -0.9746061537213038,
            0.9640671565568099,
            0.4530859374936088,
            0.17909051133723225,
            1.079933672843099,
            0.6229507750645985,
            1.7558683170327958,
            -0.9755410386672057,
            0.2907559127181402,
            0.40640608011981433,
            1.6518588871186581,
            -1.0518141973562272,
            0.1587824046646794,
            0.8753670029274928,
            1.6246537006618964,
            -0.9512954516538846,
            1.0378071440232746,
            0.7710204836296805,
            0.8490770624975347,
            -0.5642465118794262,
            -1.340612998217214,
            2.2602510834768474,
            -0.09522404946626574,
            -0.6008477364957452,
            -0.35393852397085823,
            -0.6045055112365286,
            0.6449407059701187,
            -2.2811245232417847,
            0.5215287781883989,
            -0.7698252318814418,
            1.0824345140128753,
            -1.2120528186849262,
            -0.9994159935583465,
            0.8476751355764999,
            -1.1320853794297645,
            0.28208924772213934,
            -0.5507355413243326,
            1.8707308853016866,
            -0.12381691954689868
        ],
        [
            0.5402283587966801,
            0.2205264731535299,
            -0.30426979175297403,
            -2.005499865224102,
            1.582373874858661,
            0.4642089267266154,
            0.657176455644195,
            2.319086302358285,
            1.5111806128379808,
            -0.4052306079486612,
            0.2951884009531714,
            -1.0336706009563257,
            0.46045743829471064,
            1.899627242401976,
            0.0,
            -0.8313724503028894,
            0.6594274265488549,
            1.6156588153233762,
            -0.6081368238904302,
            -2.485655544059467,
            -0.3606964336691379,
            -0.013908634289184837,
            -0.46504332310899993,
            -1.0240367982885459,
            -0.16229878914296506,
            1.52148672031942,
            -1.833606087283719,
            0.6168822323955034,
            1.366344918712685,
            0.07134037077751608,
            1.7449679311141757,
            0.5649838318490279,
            0.7360834980811839,
            -0.32958149032978157,
            0.41699705678418036,
            0.2023263126110324,
            0.9873273805568864,
            -0.2717041388419927,
            -0.25356908564762903,
            -0.4877140027014436,
            -1.640017952577473,
            0.6045907428999577,
            -0.27763266582931123,
            1.5381913855336575,
            0.3144135191067793,
            0.920408530637675,
            1.1081908497701307,
            -0.4188013962982318,
            -1.9923819964874077,
            -0.3731445968646964,
            -1.536877003962603,
            1.1446030985588929,
            0.4962985593445248,
            -0.388056081655512,
            -0.3418843194368132,
            -0.5062325451557331,
            1.1537164407608518,
            1.3681939130248193,
            -0.8412820473279831,
            0.09771648231530532,
            -0.029427187155635453,
            0.8203523619905667,
            -0.6101873844986159,
            1.3779104474922654
        ],
        [
            -0.558019549608807,
            1.0924759349692659,
            0.02364975611230122,
            0.7896204646835668,
            0.8200834720739467,
            1.0960090372046973,
            -0.5796369564282524,
            -0.8629556470043186,
            0.21241060603875958,
            1.618521294845501,
            0.8606758715630075,
            -0.6884883841381552,
            -2.0904012024857788,
            -1.255402400350442,
            -0.8313724503028894,
            0.0,
            -0.4501283669392344,
            -0.25258559051336826,
            -0.5427831932007843,
            -0.9410326290875929,
            0.30239816849001494,
            -0.46705549219092535,
            1.204987517238337,
            0.1284410256240049,
            -1.0610839746123133,
            -0.620339793022351,
            0.28046572910951534,
            -0.6209754276444773,
            1.1380856716838759,
            0.14619761704547454,
            -1.0717110242212144,
            0.6938195211640779,
            1.5291055272544027,
            -1.2258162569262483,
            -1.2820632346252585,
            0.33068111109098813,
            -1.1785646066250366,
            -0.17191249474631898,
            1.200187193942617,
            -0.32404886203706273,
            0.13175336212575423,
            1.442732265267547,
            0.7565905328441442,
            -0.2832255623354099,
            -1.0528701840035013,
            -1.3136369423767587,
            0.6361117016964799,
            1.538277430134794,
            2.000913153329128,
            0.03001019383090276,
            0.5325610591787818,
            -1.0101839121431369,
            0.0880499705957971,
            -0.317385187124828,
            0.13676413855521247,
            0.18345579857226108,
            -1.3948794025594924,
            -0.9407061370857833,
            0.30005321918478456,
            -1.2827544132356425,
            -0.050719607175325324,
            0.7229856588129329,
            0.4560749701776403,
            0.35039213766879274
        ],
        [
            -0.06855234582018077,
            -0.76288530418821,
            -0.43687376084301655,
            0.21214941728062978,
            -1.1426546830373456,
            0.6782551606436242,
            -0.7354184332628232,
            -1.1037508753365672,
            -0.9912223566252611,
            -1.9737646475942197,
            -0.5460867160299229,
            0.9763177983629937,
            -0.4814219049026825,
            1.5337476472374922,
            0.6594274265488549,
            -0.4501283669392344,
            0.0,
            -0.05555233043723536,
            0.06954340297639185,
            1.0555380231253237,
            0.9811862107380762,
            -0.5185854933701588,
            0.17383259881420088,
            -0.3266123081161606,
            -0.498395316984647,
            0.6678257651941246,
            -0.917850008761209,
            -0.15192950537418712,
            -0.6287970484468509,
            -0.7955372728863244,
            -0.22003013175238217,
            0.22061729098505162,
            -0.28466068810927625,
            1.1532680276122838,
            0.010448152780863244,
            -1.0694790387279878,
            -0.19340605224478025,
            0.5574170210563545,
            -0.5741547032165344,
            0.5425269262901654,
            0.4305292667717122,
            -0.6402415926479872,
            1.1896917452721136,
            0.679248276568827,
            0.5063002913077626,
            -0.7220819329103888,
            -1.0528627696370843,
            -0.7674992442333789,
            1.2536339631978084,
            -0.5815256579444591,
            -1.3752999072184706,
            1.053155387729422,
            -0.4171171083588774,
            1.2544594221966165,
            0.7573464826969961,
            -1.0160094398171304,
            -1.9568476857942751,
            -0.22104010759252946,
            -0.1174531218566246,
            0.29105933813349244,
            0.6156620827150439,
            -1.428169421190064,
            0.5744777515710403,
            0.264023138938505
        ],
        [
            0.03357004022231147,
            -0.46329662202585364,
            -0.4473591218824555,
            -2.1838898404596447,
            -0.6782455108554402,
            -0.00035446634200531773,
            0.7605891895387187,
            0.6750172610123424,
            -1.9366218011839371,
            0.5658211711912877,
            0.7327865519561854,
            0.7322014712914039,
            0.8128119759580942,
            -1.4707342465398843,
            1.6156588153233762,
            -0.25258559051336826,
            -0.05555233043723536,
            0.0,
            1.2526716910208828,
            -0.8925379163561432,
            2.087031520782672,
            -0.7401509827668865,
            1.5726511056843517,
            0.26555076860217597,
            0.6882932022188083,
            -0.7228060819066955,
            -0.024201016062233457,
            -1.1499483280514784,
            0.34789922571522297,
            -0.6007482206849685,
            0.5379614840792268,
            -0.4701857229697438,
            0.8645238401955542,
            2.638509263241781,
            0.23768341329142303,
            -0.08232271602595531,
            -0.4311326521164144,
            0.4858893803089819,
            0.9294333624315487,
            0.03210348034651154,
            -0.1637889411886466,
            -0.8879016679449032,
            -0.17789860726093654,
            -1.1476971848034718,
            1.1439286942113789,
            0.5944961339377105,
            -1.5750213303518719,
            1.4223182973762583,
            0.6092589850957493,
            -0.5784029405439625,
            0.8776680252701754,
            -0.08157620322250904,
            -0.7423593071667446,
            -1.7608758127574313,
            0.6481969913685788,
            -0.2798848253306926,
            0.590131067439026,
            -1.642225193208136,
            2.0273665223025263,
            0.011932386755954445,
            -1.1644146681506946,
            1.1824841819346408,
            0.6532315007656452,
            1.3381266809348877
        ],
        [
            -0.47813027569711597,
            -0.20585025765093243,
            0.736983502237698,
            0.36722225117631346,
            -0.799624316452496,
            0.8139040257278625,
