{
    "N": 32,
    "id": "7582f846-80a7-4c2b-aa71-0661f0f7520a",
    "problem_type": "SK Spin-Glass",
    "distribution": "gaussian",
    "spins": [
        -1,
        1,
        -1,
        1,
        1,
        1,
        1,
        -1,
        1,
        -1,
        -1,
        1,
        1,
        1,
        -1,
        1,
        1,
        -1,
        -1,
        1,
        1,
        1,
        1,
        -1,
        -1,
        1,
        1,
        -1,
        -1,
        -1,
        -1,
        1
    ],
    "couplings": [
        [
            0.0,
            -0.2999114631830835,
            -1.1849009522360499,
            -0.5452467738156787,
            1.4871460668130825,
            -0.06591465004979542,
            -0.012896542668209048,
            -0.7518029788492668,
            1.2339869979299962,
            -1.3524661786762142,
            -1.3596100714136214,
            -0.07731889972243919,
            1.4390324045668994,
            1.201346247798698,
            1.4228376612566378,
            -0.47800986392760825,
            -0.05086642776213837,
            -0.16640933768921795,
            -1.0485152042246668,
            0.3767635996610657,
            -1.3966196947406613,
            1.356226752079741,
            1.58801924960254,
            0.1354433743575749,
            -1.4225951765108606,
            -1.348856940861034,
            -0.2569653875580913,
            -0.4666260357077809,
            -1.181737577715104,
            -0.6817051555610859,
            -1.3762063370444348,
            0.10884514263854711
        ],
        [
            -0.2999114631830835,
            0.0,
            -0.8289100087293846,
            0.24105765066351775,
            0.10576158012513968,
            -0.28782465962095427,
            -0.3905395668178757,
            0.8924162278621685,
            2.0218702066876624,
            -0.8458164428101628,
            1.5305649241836157,
            1.7196060541789135,
            -0.13267634558008273,
            -0.3336544781247504,
            0.35869643218427094,
            0.26871800174707816,
            -0.41788288889779585,
            -1.4130045293530453,
            -0.18459767088226192,
            1.4469666205412406,
            -0.3811211899810424,
            -1.7042295920693682,
            0.6872910801256599,
            0.13497222386705474,
            -0.3802095393548657,
            0.9746504518451663,
            0.31804778828936764,
            0.45233816671683336,
            -1.7153811118413,
            0.8515028080994702,
            0.8131090856533739,
            -1.989529426009319
        ],
        [
            -1.1849009522360499,
            -0.8289100087293846,
            0.0,
            -0.4028763773041647,
            1.1110035413140238,
            0.7392398416677812,
            0.847638985412022,
            1.809610258392007,
            0.000837109850224606,
            -0.3700003006641281,
            -0.8391066032865883,
            -1.0641392745996459,
            1.0666781323373224,
            0.5387645461777428,
            2.699268323825387,
            0.39885379563910417,
            -0.86245560539409,
            -0.5408463619316259,
            0.9458891402762916,
            0.07656859989266984,
            0.13940488989461514,
            2.4484720410121636,
            0.4583843254964964,
            0.9447544415662454,
            -1.4155095941844194,
            0.819422902979313,
            -1.6049350280153598,
            0.2883397740544459,
            -0.5856529998634712,
            1.0892299781263641,
            -0.08869499729301342,
            0.019704776135017286
        ],
        [
            -0.5452467738156787,
            0.24105765066351775,
            -0.4028763773041647,
            0.0,
            0.30443153555188296,
            -1.6738975290177127,
            -2.080269374708754,
            -1.7989336042986277,
            -1.261803950885729,
            -0.6931763182965525,
            -0.539814050733231,
            0.834078511881975,
            0.7174019690220275,
            -0.9630633766743182,
            -1.6139852541818678,
            -1.4701550773835064,
            -0.5046848737665166,
            -1.3335522825826336,
            -0.03220303265668136,
            1.216167694094971,
            2.1918653556186594,
            1.2820249087998306,
            -0.15064088940824513,
            -0.07550255664282299,
            -0.2900171461029442,
            0.4341216219374097,
            1.3212039426729631,
            0.9420329999213003,
            -0.06854442221180336,
            0.5910114167164383,
            -1.0837234614420896,
            -1.579489663419059
        ],
        [
            1.4871460668130825,
            0.10576158012513968,
            1.1110035413140238,
            0.30443153555188296,
            0.0,
            -1.8232677280102862,
            0.05797395216610711,
            -0.18270308575407965,
            0.08015431080734584,
            -1.2226340579994808,
            -0.4405694218905269,
            -0.2517582635157084,
            0.4384180976055838,
            -0.5378653478257149,
            0.0008516457254166644,
            -0.18095155088442927,
            -0.6413445712692869,
            0.5181120653670135,
            0.37508312315516407,
            -1.2244556052057551,
            0.46205232417033587,
            0.6081035331124254,
            0.49937209849940123,
            -1.5551208308139255,
            0.27173017640675456,
            -0.3716194407689114,
            -0.4300125067314151,
            0.8515190050654395,
            0.22679060239386206,
            -0.9064215706236461,
            -1.105604798379099,
            -1.4343809545847597
        ],
        [
            -0.06591465004979542,
            -0.28782465962095427,
            0.7392398416677812,
            -1.6738975290177127,
            -1.8232677280102862,
            0.0,
            0.7742793959779518,
            -0.7243653644839732,
            -0.6017768659307225,
            -0.5266549722205005,
            -0.7726274158004842,
            0.1142045466427891,
            -1.2182975368517024,
            -0.7724409994734593,
            0.3847716518711905,
            -0.4036329662341836,
            0.38742262788216025,
            1.343842989748741,
            2.478708205584757,
            -0.5433227374563715,
            0.15075069138676536,
            -0.05414496010252896,
            -0.5450313235952029,
            0.20319536242009748,
            0.5422161110124032,
            0.170357662254499,
            1.5798695906114413,
            1.1147655202991955,
            -0.6318003603122049,
            0.9339058299233104,
            1.2945141572492727,
            0.34325958896384995
        ],
        [
            -0.012896542668209048,
            -0.3905395668178757,
            0.847638985412022,
            -2.080269374708754,
            0.05797395216610711,
            0.7742793959779518,
            0.0,
            -1.1476282553274788,
            -1.270620750895531,
            -0.39293630017115466,
            -0.24036405990617657,
            -0.39692042695547103,
            0.09116203780990462,
            1.6936601995067186,
            -0.4050317411386393,
            -1.0653303983163456,
            -1.0204018836734872,
            0.009574435806058122,
            -2.3814500456622256,
            -0.652842548100653,
            1.5353878328620116,
            0.41408840038156786,
            -0.23058893926652663,
            0.6120095936767349,
            -0.3143519678412089,
            -1.1289769184000844,
            0.9201975184381754,
            -0.02765804713525434,
            -1.2961741163373106,
            -0.9116390410722763,
            0.5010875381486107,
            0.23580850702597647
        ],
        [
            -0.7518029788492668,
            0.8924162278621685,
            1.809610258392007,
            -1.7989336042986277,
            -0.18270308575407965,
            -0.7243653644839732,
            -1.1476282553274788,
            0.0,
            0.8984230659617791,
            -2.2517482159316113,
            -1.2695493324718878,
            0.1228596042575841,
            0.7379384829573951,
            0.35067091042615833,
            -0.6274092701994228,
            -0.7978611105413397,
            -0.7257927964726043,
            0.002500447582513515,
            0.2965164353638179,
            0.444637980705754,
            1.9350246507543922,
            1.353130323753165,
            0.7247631361107599,
            1.4725797404521264,
            -0.1549238597657966,
            -0.11454129384098644,
            0.6373716032673882,
            0.3703603864440188,
            -0.23100088295921128,
            0.6968691928910883,
            0.47923267803346964,
            -0.06079448828721101
        ],
        [
            1.2339869979299962,
            2.0218702066876624,
            0.000837109850224606,
            -1.261803950885729,
            0.08015431080734584,
            -0.6017768659307225,
            -1.270620750895531,
            0.8984230659617791,
            0.0,
            0.529177982784928,
            1.6979528002789317,
            0.528803201508855,
            0.0882371005465318,
            -0.808331882357694,
            0.4799762498089414,
            -0.5397672291568245,
            -2.0766927717259707,
            0.8692450093492325,
            0.5052427184784267,
            -1.6108193767533083,
            -1.465212605033181,
            0.22360129507812807,
            -2.2960657094104833,
            0.21199910091570243,
            -0.036273677036280566,
            0.790219834403998,
            -1.3919043796152148,
            -1.7018160359782941,
            -0.7400913905567877,
            0.7054214592056697,
            1.667037997250856,
            -0.7274678914460371
        ],
        [
            -1.3524661786762142,
            -0.8458164428101628,
            -0.3700003006641281,
            -0.6931763182965525,
            -1.2226340579994808,
            -0.5266549722205005,
            -0.39293630017115466,
            -2.2517482159316113,
            0.529177982784928,
            0.0,
            -1.8164655565378154,
            0.23923092122662326,
            0.827042009567086,
            -0.13505896951007076,
            0.8275790753538326,
            -1.395396376468379,
            0.9640813018505313,
            -1.4399133357193425,
            0.14966294117706935,
            0.9000443463355252,
            -0.1262622611149886,
            0.3317440988501141,
            2.2522313334543678,
            0.29142339284015917,
            -0.688697760315655,
            1.4018246605624158,
            -0.44900179707209015,
            -1.4710140329982642,
            0.557205773476174,
            0.03226790363985075,
            1.1394198553796868,
            -0.7962749959637716
        ],
        [
            -1.3596100714136214,
            1.5305649241836157,
            -0.8391066032865883,
            -0.539814050733231,
            -0.4405694218905269,
            -0.7726274158004842,
            -0.24036405990617657,
            -1.2695493324718878,
            1.6979528002789317,
            -1.8164655565378154,
            0.0,
            0.9387626879852629,
            1.1926696484963797,
            0.11757266398982512,
            0.888045666017274,
            0.4526029957623175,
            -0.03721396040784541,
            -0.2979806049211434,
            1.3806111592653398,
            0.035459514491971614,
            -0.2344945706054611,
            -0.3545565622348946,
            0.12004920960607583,
            0.19044094884034704,
            -0.42787305617525556,
            -0.7436998062141251,
            -0.06526800421318812,
            1.3206996480443294,
            0.704737467668992,
            0.8462328959329428,
            0.6132602803652198,
            -2.6865544327027187
        ],
        [
            -0.07731889972243919,
            1.7196060541789135,
            -1.0641392745996459,
            0.834078511881975,
            -0.2517582635157084,
            0.1142045466427891,
            -0.39692042695547103,
            0.1228596042575841,
            0.528803201508855,
            0.23923092122662326,
            0.9387626879852629,
            0.0,
            0.0018742180991967046,
            -1.5107375803838465,
            -1.5913543530581025,
            -0.9422734842810848,
            -0.7992338516277816,
            -0.27755006530792903,
            1.2669253866897352,
            0.14295373108005915,
            0.7565977346301603,
            -0.6382216809753948,
            0.08798627629310507,
            1.3744000214067493,
            -0.49341894769871913,
            -0.7089599803413976,
            -0.2645392300687253,
            0.21582013171359535,
            -1.130995316687132,
            0.6016944497845834,
            -1.5452157945126508,
            0.7765898470259502
        ],
        [
            1.4390324045668994,
            -0.13267634558008273,
            1.0666781323373224,
            0.7174019690220275,
            0.4384180976055838,
            -1.2182975368517024,
            0.09116203780990462,
            0.7379384829573951,
            0.0882371005465318,
            0.827042009567086,
            1.1926696484963797,
            0.0018742180991967046,
            0.0,
            1.4597554480150539,
            -0.4642298086848953,
            0.05436733413874725,
            -1.0619556456727737,
            -0.5057679034141359,
            0.7477748383141399,
            -1.247064643056857,
            -1.8387308468564267,
            -0.7195890107279096,
            0.7017978573007636,
            0.23120259935322032,
            -0.4000600121614196,
            -0.9016154605310188,
            0.08023335565592071,
            -1.5050314012317487,
            -0.09427103195989034,
            -0.045974931360923336,
            0.8037669519087988,
            -0.4350189780637224
        ],
        [
            1.201346247798698,
            -0.3336544781247504,
            0.5387645461777428,
            -0.9630633766743182,
            -0.5378653478257149,
            -0.7724409994734593,
            1.6936601995067186,
            0.35067091042615833,
            -0.808331882357694,
            -0.13505896951007076,
            0.11757266398982512,
            -1.5107375803838465,
            1.4597554480150539,
            0.0,
            0.5347090863623652,
            2.3553230394057683,
            -0.3669278921194383,
            0.7041212551478033,
            0.589711783050539,
            1.3958552199750136,
            0.7350673509950184,
            1.0800628799335465,
            1.301504085801178,
            2.0734006499565214,
            -2.6228730003972456,
            0.7041813815163163,
            1.0127409554640339,
            -0.13652598726453305,
            1.2836531612267172,
            -0.654799570982319,
            0.6820197630703885,
            -1.9469727731996551
        ],
        [
            1.4228376612566378,
            0.35869643218427094,
            2.699268323825387,
            -1.6139852541818678,
            0.0008516457254166644,
            0.3847716518711905,
            -0.4050317411386393,
            -0.6274092701994228,
            0.4799762498089414,
            0.8275790753538326,
            0.888045666017274,
            -1.5913543530581025,
            -0.4642298086848953,
            0.5347090863623652,
            0.0,
            0.09569673982618841,
            0.18006822950157572,
            0.15183969862693214,
            0.30863220374550693,
            0.13543469507376849,
            0.08707670858497528,
            -0.7425946537557063,
            1.9787516111053374,
            -1.220328705407893,
            -0.5494964880075383,
            2.108644517989939,
            2.0423463312137384,
            -0.11841006456124911,
            -0.37683784942705706,
            0.8658768134223591,
            0.22219982394975524,
            -1.63118100774476
        ],
        [
            -0.47800986392760825,
            0.26871800174707816,
            0.39885379563910417,
            -1.4701550773835064,
            -0.18095155088442927,
            -0.4036329662341836,
            -1.0653303983163456,
            -0.7978611105413397,
            -0.5397672291568245,
            -1.395396376468379,
            0.4526029957623175,
            -0.9422734842810848,
            0.05436733413874725,
            2.3553230394057683,
            0.09569673982618841,
            0.0,
            -0.6021869135288421,
            0.8946188848151923,
            0.08961416405485606,
            -1.458593941661355,
            0.9258941878161956,
            -1.8773210501240631,
            0.4001496221229662,
            1.381604419595303,
            -1.623678918508039,
            -0.6652457948358902,
            -0.7942468586744776,
            0.2175132524811511,
            1.8611338512991868,
            -0.800350970410017,
            -1.3524225102047984,
            1.5962613207248744
        ],
        [
            -0.05086642776213837,
            -0.41788288889779585,
            -0.86245560539409,
            -0.5046848737665166,
            -0.6413445712692869,
            0.38742262788216025,
            -1.0204018836734872,
            -0.7257927964726043,
            -2.0766927717259707,
            0.9640813018505313,
            -0.03721396040784541,
            -0.7992338516277816,
            -1.0619556456727737,
            -0.3669278921194383,
            0.18006822950157572,
            -0.6021869135288421,
            0.0,
            0.9003190458799052,
            -0.8386004849513651,
            -0.8792463176303469,
            -0.9082984465684247,
            0.012177439504958868,
            1.821698694223225,
            -1.54340096664514,
            -0.6194283100459242,
            0.77451856260074,
            1.2450120193040484,
            1.1910813475740665,
            -1.63652362406185,
            0.013015401164552616,
            0.37823273656180645,
            0.7487456868900179
        ],
        [
            -0.16640933768921795,
            -1.4130045293530453,
            -0.5408463619316259,
            -1.3335522825826336,
            0.5181120653670135,
            1.343842989748741,
            0.009574435806058122,
            0.002500447582513515,
            0.8692450093492325,
            -1.4399133357193425,
            -0.2979806049211434,
            -0.27755006530792903,
            -0.5057679034141359,
            0.7041212551478033,
            0.15183969862693214,
            0.8946188848151923,
            0.9003190458799052,
            0.0,
            1.4703688747378958,
            1.215479284649398,
            1.845439961179941,
            -0.310134638784393,
            0.9967656125415141,
            -0.28894112153904794,
            0.2709131203461052,
            1.6984658662994687,
            0.3635267622679596,
            1.722742841827882,
            -0.19680870944772724,
            -0.5934183863696145,
            0.2853881546335972,
            -0.27605922430017277
        ],
        [
            -1.0485152042246668,
            -0.18459767088226192,
            0.9458891402762916,
            -0.03220303265668136,
            0.37508312315516407,
            2.478708205584757,
            -2.3814500456622256,
            0.2965164353638179,
            0.5052427184784267,
            0.14966294117706935,
            1.3806111592653398,
            1.2669253866897352,
            0.7477748383141399,
            0.589711783050539,
            0.30863220374550693,
            0.08961416405485606,
            -0.8386004849513651,
            1.4703688747378958,
            0.0,
            -0.8873182754438783,
            0.12862734404969,
            -0.07680549442052147,
            0.9766633549068784,
            0.7676070602397147,
            0.7156380997804249,
            2.26014686662058,
            -0.03349015180421374,
            0.8800818853599006,
            0.2989298626576402,
            -0.29457287228136514,
            0.5216528475773,
            0.2704534279383093
        ],
        [
            0.3767635996610657,
            1.4469666205412406,
            0.07656859989266984,
            1.216167694094971,
            -1.2244556052057551,
            -0.5433227374563715,
            -0.652842548100653,
            0.444637980705754,
            -1.6108193767533083,
            0.9000443463355252,
            0.035459514491971614,
            0.14295373108005915,
            -1.247064643056857,
            1.3958552199750136,
            0.13543469507376849,
            -1.458593941661355,
            -0.8792463176303469,
            1.215479284649398,
            -0.8873182754438783,
            0.0,
            1.3133635472087424,
            0.4327260433261652,
            -1.3748646776410416,
            -1.048758307844258,
            -1.4286037313790791,
            -2.096592956207441,
            1.5040990821134854,
            0.4548008092585936,
            -0.6284863750185413,
            -1.2700293419022026,
            -0.6843848982106807,
            -1.5394701450656507
        ],
        [
            -1.3966196947406613,
            -0.3811211899810424,
            0.13940488989461514,
            2.1918653556186594,
            0.46205232417033587,
            0.15075069138676536,
            1.5353878328620116,
            1.9350246507543922,
            -1.465212605033181,
            -0.1262622611149886,
            -0.2344945706054611,
            0.7565977346301603,
            -1.8387308468564267,
            0.7350673509950184,
            0.08707670858497528,
            0.9258941878161956,
            -0.9082984465684247,
            1.845439961179941,
            0.12862734404969,
            1.3133635472087424,
            0.0,
            -1.0577574220548893,
            0.010196592719437361,
            1.0018219674690712,
            0.06810154394984613,
            -0.6999210261204898,
            -2.2210629167990827,
            -1.3714522521526922,
            -0.6528193936132951,
            -0.9576512048061766,
            -0.4798814063175636,
            -1.0045286091850243
        ],
        [
            1.356226752079741,
            -1.7042295920693682,
            2.4484720410121636,
            1.2820249087998306,
            0.6081035331124254,
            -0.05414496010252896,
            0.41408840038156786,
            1.353130323753165,
            0.22360129507812807,
            0.3317440988501141,
            -0.3545565622348946,
            -0.6382216809753948,
            -0.7195890107279096,
            1.0800628799335465,
            -0.7425946537557063,
            -1.8773210501240631,
            0.012177439504958868,
            -0.310134638784393,
            -0.07680549442052147,
            0.4327260433261652,
            -1.0577574220548893,
            0.0,
            -1.747234551141672,
            -0.685762683491558,
            -0.9155261344315928,
            -0.5394129391481065,
            -0.3945723242742319,
            1.0290196136053829,
            -2.4620188134908942,
            1.262925326664327,
            0.7456503954508237,
            -0.3786546912346725
        ],
        [
            1.58801924960254,
            0.6872910801256599,
            0.4583843254964964,
            -0.15064088940824513,
            0.49937209849940123,
            -0.5450313235952029,
            -0.23058893926652663,
            0.7247631361107599,
            -2.2960657094104833,
            2.2522313334543678,
            0.12004920960607583,
            0.08798627629310507,
            0.7017978573007636,
            1.301504085801178,
            1.9787516111053374,
            0.4001496221229662,
            1.821698694223225,
            0.9967656125415141,
            0.9766633549068784,
            -1.3748646776410416,
            0.010196592719437361,
            -1.747234551141672,
            0.0,
            -0.9200738160976563,
            0.24264999338433035,
            1.1995338399140327,
            0.8750512476043222,
            0.47541391575259123,
            -0.3399924398427823,
            -1.373861210903145,
            0.20924585903998816,
            0.2324905840126195
        ],
        [
            0.1354433743575749,
            0.13497222386705474,
            0.9447544415662454,
            -0.07550255664282299,
            -1.5551208308139255,
            0.20319536242009748,
            0.6120095936767349,
            1.4725797404521264,
            0.21199910091570243,
            0.29142339284015917,
            0.19044094884034704,
            1.3744000214067493,
            0.23120259935322032,
            2.0734006499565214,
            -1.220328705407893,
            1.381604419595303,
            -1.54340096664514,
            -0.28894112153904794,
            0.7676070602397147,
            -1.048758307844258,
            1.0018219674690712,
            -0.685762683491558,
            -0.9200738160976563,
            0.0,
            -0.6313627277881487,
            -0.9252201143618866,
            0.23248555422344486,
            -0.1168759746103725,
            0.35644474049065017,
            -1.268866902057276,
            0.599468321394356,
            -0.46435171807593917
        ],
        [
            -1.4225951765108606,
            -0.3802095393548657,
            -1.4155095941844194,
            -0.2900171461029442,
            0.27173017640675456,
            0.5422161110124032,
            -0.3143519678412089,
            -0.1549238597657966,
            -0.036273677036280566,
            -0.688697760315655,
            -0.42787305617525556,
            -0.49341894769871913,
            -0.4000600121614196,
            -2.6228730003972456,
            -0.5494964880075383,
            -1.623678918508039,
            -0.6194283100459242,
            0.2709131203461052,
            0.7156380997804249,
            -1.4286037313790791,
            0.06810154394984613,
            -0.9155261344315928,
            0.24264999338433035,
            -0.6313627277881487,
            0.0,
            -0.15674462774928996,
            -0.10773341503942874,
            0.8095987954932276,
            0.2644998832083654,
            -1.4608713956271715,
            -1.2988284777725976,
            0.29444294128564147
        ],
        [
            -1.348856940861034,
            0.9746504518451663,
            0.819422902979313,
            0.4341216219374097,
            -0.3716194407689114,
            0.170357662254499,
            -1.1289769184000844,
            -0.11454129384098644,
            0.790219834403998,
            1.4018246605624158,
            -0.7436998062141251,
            -0.7089599803413976,
            -0.9016154605310188,
            0.7041813815163163,
            2.108644517989939,
            -0.6652457948358902,
            0.77451856260074,
            1.6984658662994687,
            2.26014686662058,
            -2.096592956207441,
            -0.6999210261204898,
            -0.5394129391481065,
            1.1995338399140327,
            -0.9252201143618866,
            -0.15674462774928996,
            0.0,
            -0.21234693564126988,
            0.5254884671873117,
            -1.9377409885175203,
            1.099912944818878,
            0.6532878771905846,
            0.9868897004517863
        ],
        [
            -0.2569653875580913,
            0.31804778828936764,
            -1.6049350280153598,
            1.3212039426729631,
            -0.4300125067314151,
            1.5798695906114413,
            0.9201975184381754,
            0.6373716032673882,
            -1.3919043796152148,
            -0.44900179707209015,
            -0.06526800421318812,
            -0.2645392300687253,
            0.08023335565592071,
            1.0127409554640339,
            2.0423463312137384,
            -0.7942468586744776,
            1.2450120193040484,
            0.3635267622679596,
            -0.03349015180421374,
            1.5040990821134854,
            -2.2210629167990827,
            -0.3945723242742319,
            0.8750512476043222,
            0.23248555422344486,
            -0.10773341503942874,
            -0.21234693564126988,
            0.0,
            -1.116606944844845,
            -0.27710092726318464,
            -1.0484632840875607,
            1.9510091943473906,
            1.3516428251834327
        ],
        [
            -0.4666260357077809,
            0.45233816671683336,
            0.2883397740544459,
            0.9420329999213003,
            0.8515190050654395,
            1.1147655202991955,
            -0.02765804713525434,
            0.3703603864440188,
            -1.7018160359782941,
            -1.4710140329982642,
            1.3206996480443294,
            0.21582013171359535,
            -1.5050314012317487,
            -0.13652598726453305,
            -0.11841006456124911,
            0.2175132524811511,
            1.1910813475740665,
            1.722742841827882,
            0.8800818853599006,
            0.4548008092585936,
            -1.3714522521526922,
            1.0290196136053829,
            0.47541391575259123,
            -0.1168759746103725,
            0.8095987954932276,
            0.5254884671873117,
            -1.116606944844845,
            0.0,
            -0.7385411099450248,
            -1.3465169761046787,
            -1.4240644300829668,
            -1.0753665625899604
        ],
        [
            -1.181737577715104,
            -1.7153811118413,
            -0.5856529998634712,
            -0.06854442221180336,
            0.22679060239386206,
            -0.6318003603122049,
            -1.2961741163373106,
            -0.23100088295921128,
            -0.7400913905567877,
            0.557205773476174,
            0.704737467668992,
            -1.130995316687132,
            -0.09427103195989034,
            1.2836531612267172,
            -0.37683784942705706,
            1.8611338512991868,
            -1.63652362406185,
            -0.19680870944772724,
            0.2989298626576402,
            -0.6284863750185413,
            -0.6528193936132951,
            -2.4620188134908942,
            -0.3399924398427823,
            0.35644474049065017,
            0.2644998832083654,
            -1.9377409885175203,
            -0.27710092726318464,
            -0.7385411099450248,
            0.0,
            -0.313508406171196,
            0.10323637926625862,
            -2.916131912292623
        ],
        [
            -0.6817051555610859,
            0.8515028080994702,
            1.0892299781263641,
            0.5910114167164383,
            -0.9064215706236461,
            0.9339058299233104,
            -0.9116390410722763,
            0.6968691928910883,
            0.7054214592056697,
            0.03226790363985075,
            0.8462328959329428,
            0.6016944497845834,
            -0.045974931360923336,
            -0.654799570982319,
            0.8658768134223591,
            -0.800350970410017,
            0.013015401164552616,
            -0.5934183863696145,
            -0.29457287228136514,
            -1.2700293419022026,
            -0.9576512048061766,
            1.262925326664327,
            -1.373861210903145,
            -1.268866902057276,
            -1.4608713956271715,
            1.099912944818878,
            -1.0484632840875607,
            -1.3465169761046787,
            -0.313508406171196,
            0.0,
            -0.698987990341554,
            -0.3499837244630499
        ],
        [
            -1.3762063370444348,
            0.8131090856533739,
            -0.08869499729301342,
            -1.0837234614420896,
            -1.105604798379099,
            1.2945141572492727,
            0.5010875381486107,
            0.47923267803346964,
            1.667037997250856,
            1.1394198553796868,
            0.6132602803652198,
            -1.5452157945126508,
            0.8037669519087988,
            0.6820197630703885,
            0.22219982394975524,
            -1.3524225102047984,
            0.37823273656180645,
            0.2853881546335972,
            0.5216528475773,
            -0.6843848982106807,
            -0.4798814063175636,
            0.7456503954508237,
            0.20924585903998816,
            0.599468321394356,
            -1.2988284777725976,
            0.6532878771905846,
            1.9510091943473906,
            -1.4240644300829668,
            0.10323637926625862,
            -0.698987990341554,
            0.0,
            0.817725297789271
        ],
        [
            0.10884514263854711,
            -1.989529426009319,
            0.019704776135017286,
            -1.579489663419059,
            -1.4343809545847597,
            0.34325958896384995,
            0.23580850702597647,
            -0.06079448828721101,
            -0.7274678914460371,
            -0.7962749959637716,
            -2.6865544327027187,
            0.7765898470259502,
            -0.4350189780637224,
            -1.9469727731996551,
            -1.63118100774476,
            1.5962613207248744,
            0.7487456868900179,
            -0.27605922430017277,
            0.2704534279383093,
            -1.5394701450656507,
            -1.0045286091850243,
            -0.3786546912346725,
            0.2324905840126195,
            -0.46435171807593917,
            0.29444294128564147,
            0.9868897004517863,
            1.3516428251834327,
            -1.0753665625899604,
            -2.916131912292623,
            -0.3499837244630499,
            0.817725297789271,
            0.0
        ]
    ],
    "best_energy": -118.92556705955333,
    "best_spins": [
        1,
        -1,
        1,
        -1,
        -1,
        1,
        1,
        -1,
        -1,
        1,
        -1,
        -1,
        1,
        1,
        1,
        -1,
        1,
        -1,
        -1,
        -1,
        -1,
        1,
        1,
        -1,
        -1,
        1,
        1,
        -1,
        -1,
        1,
        1,
        1
    ],
    "time_to_solve": 1.2956960201263428
}