{
    "N": 64,
    "id": "cb7c0133-95b6-4fc1-9729-432300ab4e82",
    "problem_type": "SK Spin-Glass",
    "distribution": "gaussian",
    "spins": [
        -1,
        1,
        -1,
        1,
        -1,
        -1,
        -1,
        1,
        -1,
        -1,
        -1,
        1,
        -1,
        1,
        -1,
        -1,
        1,
        -1,
        -1,
        -1,
        1,
        1,
        1,
        -1,
        -1,
        1,
        -1,
        -1,
        1,
        -1,
        1,
        -1,
        1,
        -1,
        1,
        1,
        1,
        1,
        1,
        1,
        1,
        1,
        -1,
        -1,
        -1,
        1,
        1,
        1,
        1,
        1,
        1,
        1,
        1,
        -1,
        1,
        1,
        1,
        -1,
        1,
        -1,
        1,
        1,
        -1,
        -1
    ],
    "couplings": [
        [
            0.0,
            0.5233583466823014,
            0.23893946510278943,
            -0.727944439163131,
            -0.1912243268521578,
            -1.3418850084514682,
            -0.42397370528111744,
            -0.5063973666079465,
            -0.8867426216301834,
            -0.8921674410842618,
            2.422895061230177,
            -1.0085446794767232,
            -0.5262349276189539,
            1.5899686557812804,
            0.10950914804358115,
            0.9880753556575296,
            -1.8586576924429707,
            -1.1277268650091243,
            -1.4676175933406812,
            0.5773718978731114,
            -0.986934208290762,
            1.6100965866030026,
            0.30309753936286427,
            -0.7435215159578927,
            -0.5844645452607383,
            -0.3578034445864412,
            2.354918012359348,
            -1.448062645753877,
            1.1721548625312928,
            -1.73992760879586,
            -0.6046614360581339,
            -2.169361012334607,
            1.1074448321777761,
            -1.9257694672093217,
            -1.5115458895763654,
            -0.7058550482335438,
            0.4169831446225965,
            1.2080228574788656,
            0.019795499559405648,
            -1.254424481315306,
            0.8042507072888176,
            -0.16488216106944353,
            2.904073410606522,
            -0.3084417672932432,
            -0.21956358059634004,
            1.2628177404904222,
            -0.5636055567936405,
            -0.5754442352366109,
            0.12731466514645406,
            -1.5858050213080834,
            0.4018437266517935,
            -0.7776540849443003,
            0.9969169898050045,
            -0.30239116459409604,
            -0.32299393466022336,
            1.1553974894630579,
            -0.07758251996581547,
            -0.030298360241939805,
            0.37954976878980606,
            0.2218043151061511,
            -0.24514532255671886,
            0.3980578043416313,
            -0.5026083001231196,
            0.49314829920676284
        ],
        [
            0.5233583466823014,
            0.0,
            -2.575689135324309,
            -0.5575261905184249,
            -0.2485718221127614,
            -1.8494421167177824,
            -0.31427835416793004,
            -1.0858213125279133,
            0.26597377063181366,
            1.1040024944099605,
            -1.3538004048914427,
            -0.6766834292573434,
            0.43656131379657886,
            -2.145901174751145,
            -0.8761843509404734,
            -1.4968477219685818,
            0.48394977203746653,
            0.2460653591023652,
            -0.3537349478792029,
            -1.3889197006393579,
            0.2668727329843241,
            -1.0995124455628982,
            -0.340028973546913,
            1.5750862260213025,
            0.2030471393168462,
            0.9831231673482738,
            -0.85581012862205,
            0.8251047106370952,
            -2.024550583599325,
            -0.10669864746176416,
            -1.0287110273375335,
            -0.24710168605815638,
            1.6316031585315574,
            -0.05188158278343007,
            0.4399339722767924,
            -0.8243425124288292,
            -2.256160657435307,
            1.8808146283246214,
            1.3330589866006002,
            -0.43023325974393223,
            0.5977133052979525,
            0.34162157832777645,
            -1.4998840295911786,
            -0.028471354606241988,
            1.719729104882138,
            -1.0317958162605028,
            -0.49645674284061514,
            -0.4091025001317576,
            2.1494119929420012,
            3.044548541617657,
            1.1044755885875537,
            1.0018144432814944,
            2.2513491962561996,
            0.7746346225635647,
            0.7165231431386133,
            -0.30832667676280945,
            -0.37551802278584356,
            -0.05160217439249016,
            0.39121633784409765,
            1.0401077299754833,
            -0.8433744850958882,
            0.6435525378907648,
            1.9111584893524007,
            -0.35842604196622696
        ],
        [
            0.23893946510278943,
            -2.575689135324309,
            0.0,
            0.9460190345735826,
            -0.4227263062985022,
            -0.279664668009946,
            -0.9709217151974577,
            2.285141363179772,
            0.2705081687456488,
            -0.29026427152372325,
            0.27570020722430777,
            -1.0019313060931476,
            -0.1060134663866106,
            -0.94926834446165,
            -0.9500036886410878,
            0.1359450725757215,
            0.16108993441305358,
            0.15658347178137721,
            -0.18718340712483558,
            1.2491706462902676,
            1.1335624066157621,
            -2.200849900598377,
            0.6054434954224468,
            0.8417917906387905,
            0.6181494700767363,
            -0.8098793404680779,
            1.1551448050110324,
            2.8461403840309436,
            0.8533985107449041,
            0.9080034646409361,
            0.024542936255094586,
            -1.6712235586782387,
            -0.5278758483395314,
            -1.4003378654407723,
            1.4729689858356605,
            -0.6309209468352172,
            1.229705532121705,
            0.7513988038750549,
            -0.852933484968756,
            0.5101925533528646,
            0.5788805572636121,
            -0.22350062407806084,
            -0.3226531423193651,
            -0.4304798611853976,
            -0.5394774450713418,
            -0.5479707556618233,
            -1.4070311715572486,
            -1.3496361575522557,
            1.0895648410099423,
            -0.47100477299426646,
            -0.5373473877122594,
            -0.17448612373096656,
            -0.7461820403773157,
            0.6546976593543056,
            -1.0399844738648867,
            -1.2648088604768244,
            0.10183235469356382,
            0.3356884054851191,
            -0.39956885872759945,
            -0.8777270679972036,
            -1.3334826143026877,
            -2.1893119394313314,
            0.6018839146284313,
            -1.5687598996595715
        ],
        [
            -0.727944439163131,
            -0.5575261905184249,
            0.9460190345735826,
            0.0,
            -0.31808742750970714,
            0.177523225290453,
            -0.6922885911742311,
            1.390578316175439,
            -2.9028965721135185,
            1.0280260614092347,
            0.38943785072224923,
            1.7373270211283207,
            0.3789721370576329,
            0.7467026019534352,
            0.03523749068790296,
            1.1814254109350883,
            -1.3282688324090945,
            0.8752706472075342,
            0.658329432051089,
            -0.6480785717119565,
            0.4790101291199332,
            0.003875299200447549,
            0.9337094148174327,
            -0.17078624880290483,
            0.373745537326736,
            -1.155468976054036,
            -0.003884073395962522,
            0.8545959906703041,
            -1.21930959289284,
            -1.10851590816051,
            -0.7072182516005139,
            1.380395210201653,
            0.5701426879731383,
            0.005076374759250873,
            -0.5163751415206227,
            -1.3954622374560686,
            0.5727474571582828,
            -0.4697267533315602,
            -1.1077843104001148,
            -1.853188769476469,
            -0.32666283644822897,
            0.3013332565040841,
            -0.6839559500386521,
            -0.17673368507117698,
            -0.05907326957867163,
            -1.5402600812294085,
            1.3848644102536127,
            1.51274524565723,
            0.8146685421898638,
            0.49261675277050937,
            -1.22910078749585,
            -0.28158078011524,
            -0.037662792672820716,
            1.3189947566932434,
            -0.19993270314815487,
            1.1257557419627016,
            -1.2547895243958103,
            0.9200235359526772,
            -0.2725342331976062,
            -0.5957595049465346,
            0.4112825255218994,
            0.42703978406201276,
            -1.0164380667215107,
            -1.473558274571461
        ],
        [
            -0.1912243268521578,
            -0.2485718221127614,
            -0.4227263062985022,
            -0.31808742750970714,
            0.0,
            0.13758777405150432,
            -1.0789624161899263,
            -0.46843071508580286,
            -1.0584970027726794,
            -0.15275326429143019,
            -1.461289211579626,
            0.7535651200239383,
            -1.9269350923294286,
            0.8055019173085284,
            0.6793055137817797,
            0.958852341590667,
            0.24931114813583216,
            -0.6540638697097467,
            0.43612383689464723,
            -0.2224886402142929,
            -1.1232714086880413,
            1.7156748107533182,
            0.7200299114707721,
            0.5116303881500904,
            0.46917099184104744,
            1.293322900214294,
            -0.5446519526577116,
            1.4302337317450187,
            0.28798724629407696,
            2.343905032002141,
            0.26954905015281877,
            -0.4490882299347203,
            -1.0157597292149072,
            0.8562516250076411,
            -0.17966188256103105,
            0.7084880716651789,
            -2.3899850878251225,
            1.3001395199417933,
            1.3599357970293002,
            -0.7901510117086779,
            -0.7261743242614421,
            0.9142122935975902,
            0.1353963520519835,
            0.06893280178513696,
            0.4425340877792595,
            1.1991682537919195,
            -0.06281770011990186,
            -0.07342676891997284,
            0.05290483368181906,
            0.8219733126854013,
            0.7156286973714618,
            0.6799395209864879,
            1.0867975604322426,
            -0.3622678190630002,
            -0.7277794998827987,
            0.3612097084347887,
            0.18416651291305147,
            -1.3836704592642346,
            0.9792369535473773,
            1.7198361620531637,
            -1.3703757325173824,
            -0.8611349966039482,
            -0.5008764091854809,
            -2.4343802399423895
        ],
        [
            -1.3418850084514682,
            -1.8494421167177824,
            -0.279664668009946,
            0.177523225290453,
            0.13758777405150432,
            0.0,
            1.0431550909023806,
            -0.6262978862595051,
            -0.06475666179885849,
            0.5438890111540833,
            -0.18569095625102713,
            2.1700933210107314,
            -0.8928925808050115,
            1.0569091551953855,
            0.4796167040256157,
            -0.645334726251251,
            1.0647288252637637,
            -1.064285086414907,
            0.8960727461225787,
            0.2705545451009516,
            0.35346537062886246,
            -0.7272380722510681,
            -2.5920876212626616,
            -1.841467010197891,
            -0.05693019816520051,
            -0.4947027081564772,
            -0.44427085601586747,
            0.36953665717239165,
            -0.19382596545409922,
            -0.5370552440944418,
            -0.6970011237123709,
            0.5247607111583892,
            1.589272234866604,
            0.9513868996735929,
            -0.09608290360011591,
            -0.7280852161428981,
            -1.2899303472695443,
            -0.23570423228710555,
            0.7450081960922647,
            0.8269597611430216,
            0.2862460032608623,
            1.5708408591937661,
            0.013087361901368826,
            0.7521361158278086,
            0.989077772896062,
            0.8476782471187447,
            -0.10694826256190407,
            0.3434673930474297,
            -0.7481641320783182,
            -0.775204034602043,
            0.4213125661160472,
            -0.7954150481423555,
            -0.5596996234604061,
            -0.46802740216027877,
            1.0266977867495173,
            0.5118588556376512,
            1.259270336796651,
            -0.4941978964859899,
            -0.8150860455543375,
            -0.34877842257296504,
            -1.8502914684374725,
            -0.41354931398969536,
            -0.28481448030741113,
            0.29253553191106013
        ],
        [
            -0.42397370528111744,
            -0.31427835416793004,
            -0.9709217151974577,
            -0.6922885911742311,
            -1.0789624161899263,
            1.0431550909023806,
            0.0,
            -0.05345210612019287,
            -0.4796875371718641,
            -1.503030701674521,
            -1.3617731005244,
            -0.2775378466842493,
            1.1700337870668038,
            -0.0027749662279529593,
            -1.3247460546965284,
            -0.5031903239969826,
            0.8919765881440044,
            -2.075774465245395,
            0.29315623131303475,
            -0.5735296812244356,
            2.818602437659962,
            0.6946979120909131,
            -0.10858705341324737,
            -1.021798608331899,
            -0.011423650245427587,
            -0.3776879835563896,
            -0.13323297787591443,
            -0.24015344954547468,
            1.1698753954844276,
            0.6706370035513212,
            1.454918864895679,
            -0.16076601765408832,
            -1.8325652227644502,
            -1.0012207249647087,
            -0.34148657141948807,
            0.40885675256958987,
            -0.8909113170742523,
            1.4421479703182447,
            0.16459726043143386,
            -0.5342822414063955,
            -0.39561504895512867,
            -1.161634803330169,
            0.25938213547123745,
            -0.4760148811021291,
            0.5354792580614116,
            -0.6871761405641846,
            1.0400868280596642,
            -0.17011439946225856,
            0.1385978103912434,
            0.9994544076011729,
            0.9828204032820455,
            -1.4078181882721272,
            0.5111675109951924,
            0.7247314464381547,
            0.09869590326842756,
            -0.7180468720916527,
            -0.5017312159742665,
            -0.5323002740933592,
            0.30986891498316405,
            -0.39771367050141077,
            0.698515084337584,
            0.4021306927863613,
            -0.014035017242508135,
            -0.8518198056533098
        ],
        [
            -0.5063973666079465,
            -1.0858213125279133,
            2.285141363179772,
            1.390578316175439,
            -0.46843071508580286,
            -0.6262978862595051,
            -0.05345210612019287,
            0.0,
            1.9253094100465011,
            0.4361117561762883,
            -0.047628800941890946,
            0.6927487907309147,
            -0.6315601935984155,
            0.470899300897178,
            -1.5133578715919307,
            -0.8742464672078178,
            -0.19677868679441674,
            0.5168212939831599,
            -1.4174899729950643,
            1.5951375995795818,
            0.05846231783214247,
            0.3122667441918127,
            0.922139549714419,
            -0.6095789252651429,
            -1.053455890560102,
            1.0402826654620017,
            -0.39958349525439985,
            -1.1421238335988049,
            -0.5975909445210764,
            0.039046087463143406,
            0.7143114635507622,
            1.149689966476194,
            0.7780556064431465,
            -0.37194688832614475,
            -0.676513952281546,
            1.3665359202182161,
            0.32250619652791607,
            -0.30651147556304975,
            -1.2054166433579565,
            0.35072315158358797,
            0.7975889367163109,
            0.6526157157501187,
            -0.05587242721194256,
            0.2296043672718876,
            -0.11741665897191438,
            -0.3364699322129852,
            0.7783699020732762,
            0.3482860313271465,
            -1.1661621726878548,
            0.22168731285186286,
            -0.41958682053482377,
            -1.1991175693565792,
            0.4189744059911363,
            0.7222946352682874,
            0.10129881910229335,
            1.3641085049972042,
            1.9546076943101036,
            0.27165160215577705,
            0.19487780410354075,
            -0.6000202274243102,
            0.657018337232637,
            0.7020676939654142,
            1.2716866471772246,
            0.6752737542277109
        ],
        [
            -0.8867426216301834,
            0.26597377063181366,
            0.2705081687456488,
            -2.9028965721135185,
            -1.0584970027726794,
            -0.06475666179885849,
            -0.4796875371718641,
            1.9253094100465011,
            0.0,
            -1.9125565813365681,
            -1.009897501310741,
            0.3534745037367193,
            0.37535410074621106,
            -0.46545240517744907,
            1.9690950399287404,
            0.41592722304865465,
            -0.3268476988267696,
            0.3208438567770403,
            1.1627049795906783,
            1.556054299283152,
            -0.18950344205966904,
            -0.3522187293940612,
            0.4832177356657266,
            0.3207585912406323,
            1.176560761577651,
            -0.867280578776451,
            -0.8427406943205129,
            0.16878777923844077,
            2.330905351863238,
            -0.23282147511496676,
            -0.810560666208815,
            -0.42901549353001883,
            -0.9515948775578211,
            -1.1077561152507152,
            0.5408421460792225,
            -0.5096429515132895,
            -1.4219931461506046,
            -0.8212703185568921,
            -1.8829812471328735,
            0.11413719529703183,
            0.5866496908509661,
            -0.4730667321951149,
            0.10257179382106583,
            0.2499429639433519,
            0.842323540444758,
            -0.04237715599774028,
            -0.9014805798828929,
            0.1850679120612998,
            0.27833520926008837,
            -1.432409848610931,
            -0.6262193095036485,
            -1.7006961847023618,
            -0.8066766030662532,
            -0.8636334685278922,
            -0.5999379648988401,
            -0.7921722515434311,
            1.4111753804950518,
            -0.9504788037009014,
            -1.7675689012058484,
            -0.23402313238714842,
            -1.262707180988017,
            -1.1618075775900196,
            1.4888228611119432,
            1.8937644693503481
        ],
        [
            -0.8921674410842618,
            1.1040024944099605,
            -0.29026427152372325,
            1.0280260614092347,
            -0.15275326429143019,
            0.5438890111540833,
            -1.503030701674521,
            0.4361117561762883,
            -1.9125565813365681,
            0.0,
            -2.266542583427346,
            -0.5542534081404393,
            0.14618678686152678,
            -0.5778809585732444,
            0.7219545552261986,
            -0.036518588029904556,
            -0.6165077118093911,
            -1.295113029383974,
            -0.5141294876370043,
            -1.7596747949124538,
            -0.1721137802460775,
            -1.70082729541907,
            -0.25777525007542007,
            1.0312811338561332,
            -1.542942050923224,
            -0.49344858490587507,
            -0.0637286568509119,
            0.3322150683421886,
            0.09782393707872371,
            0.050388779156620454,
            -1.7682359183622505,
            0.2747294876930625,
            -0.9501675647825318,
            1.4234612964620297,
            -0.2869309793809934,
            2.5769587399730423,
            0.328967690818925,
            -0.2963580684090666,
            -0.8191603590602423,
            0.6198020143996216,
            -0.6779293121372304,
            -1.8320938587995197,
            -0.352007710955232,
            -0.33341434212804,
            0.2826039609892928,
            -0.9283897468049944,
            -0.9623287052609169,
            -0.8702542686899951,
            -0.6518194987574156,
            -1.2590253447316218,
            0.6638581580807643,
            0.08730905081490409,
            -0.960260746811028,
            -0.2809338257097384,
            -1.1747027201351372,
            -0.4253892440384403,
            -0.9833303822732482,
            0.30348844770344546,
            -0.18540180525068606,
            0.5012768385031854,
            -0.19714642482484546,
            -1.5346106974469627,
            0.382997535645372,
            0.1486616984272742
        ],
        [
            2.422895061230177,
            -1.3538004048914427,
            0.27570020722430777,
            0.38943785072224923,
            -1.461289211579626,
            -0.18569095625102713,
            -1.3617731005244,
            -0.047628800941890946,
            -1.009897501310741,
            -2.266542583427346,
            0.0,
            -0.6269780187418376,
            -0.38189041077110236,
            -0.10032973973031781,
            -0.6454630591429589,
            1.3658938876020827,
            0.25016245866997183,
            -0.5828021766785746,
            -0.43652266877689816,
            0.22743673421346633,
            -1.3302484334020717,
            -1.1386629434886133,
            1.0827184370901297,
            -1.0494953864879144,
            -0.2556311818156714,
            1.64851572499526,
            -0.6639305056860846,
            0.4342179245569097,
            -1.54131025606875,
            0.5799031243817062,
            1.4840330651337834,
            0.20584629476894512,
            0.20378953932136745,
            -0.8668835524026738,
            -1.741171923892925,
            -1.697452679955682,
            -1.0393875754874888,
            1.1824719776132453,
            1.2427805140826993,
            0.258347004872633,
            -0.41014720008711997,
            1.1100705783313924,
            -0.35233702396188094,
            1.2566758248320702,
            0.4206605224410923,
            0.8302372182616582,
            0.5903406112860503,
            0.9909669284948377,
            -1.7873227123773059,
            0.2344144855252596,
            -0.6416654036939363,
            0.9486483618555333,
            0.08423858658560901,
            -0.8492015473354368,
            -1.278736241382361,
            1.099626734686205,
            0.1516792054928221,
            -0.8463333108085775,
            -1.3353635740814869,
            0.32027699616670213,
            -0.48436803338678613,
            1.2171164256764868,
            0.07986761462963905,
            -1.1413886591148505
        ],
        [
            -1.0085446794767232,
            -0.6766834292573434,
            -1.0019313060931476,
            1.7373270211283207,
            0.7535651200239383,
            2.1700933210107314,
            -0.2775378466842493,
            0.6927487907309147,
            0.3534745037367193,
            -0.5542534081404393,
            -0.6269780187418376,
            0.0,
            1.4460657939196386,
            -0.739876958267118,
            0.19606212363129008,
            2.3101100764373146,
            0.10693513494760586,
            -0.6939543800297692,
            -0.014220064504793779,
            0.8846472343754808,
            1.2189189296618932,
            -0.8903722118820373,
            0.4588311323834963,
            0.08416228659866272,
            -1.0915854021736293,
            -0.7889206958814379,
            -2.4678366860605156,
            -0.9200305228816568,
            0.932068616680333,
            -0.7898598614742232,
            2.0779102353901786,
            0.7860234764960872,
            -0.5356038815736653,
            -0.3474958992351715,
            1.3650242921840652,
            1.2631865048922095,
            -0.3458637334413236,
            -1.133171944534335,
            -0.4449351320414315,
            -2.14384535631577,
            1.0493705739740367,
            -1.0316453453199543,
            0.17669397273405446,
            -0.17987010801894018,
            1.501336934374208,
            0.495594041769442,
            1.6426191341344727,
            0.030170051928708738,
            0.2823308743119344,
            -0.049645342318844196,
            0.032922339600940605,
            -0.1583585027379406,
            -0.24938342338708389,
            1.8002149685824431,
            -1.9749633344226738,
            -0.5484156476831018,
            -1.0465621978076751,
            -0.01899655245052553,
            0.992671170144489,
            1.125899255737288,
            0.7772808637964226,
            2.1416750696650437,
            -0.390309617315056,
            1.9490982343558787
        ],
        [
            -0.5262349276189539,
            0.43656131379657886,
            -0.1060134663866106,
            0.3789721370576329,
            -1.9269350923294286,
            -0.8928925808050115,
            1.1700337870668038,
            -0.6315601935984155,
            0.37535410074621106,
            0.14618678686152678,
            -0.38189041077110236,
            1.4460657939196386,
            0.0,
            0.217694745525369,
            -0.4252091697526957,
            -1.039842452491951,
            -0.20807460488801424,
            -0.5060480026746342,
            1.0860343045850782,
            1.1175949099886564,
            0.4338120368850443,
            1.1083173918147937,
            -0.38973038027884654,
            -1.4011444389588104,
            -0.7227717344871502,
            0.9549470220602779,
            -0.16061051050199224,
            -1.2265577478653227,
            -2.633277041342589,
            -0.4249857832515523,
            -0.36904959474778565,
            0.1765351855999071,
            1.8096478293977982,
            1.1305513666102989,
            0.9901402124481452,
            -0.5507920659336237,
            0.28881341190844606,
            0.1293970120185071,
            -0.12299491336240156,
            0.2592085241477069,
            -0.8408940965664896,
            2.0271949930922504,
            -2.1209917772022076,
            2.349683908476854,
            1.1750722946557821,
            -1.474419754218322,
            0.009770741505926083,
            0.5560364024024809,
            1.244312032063684,
            1.069189327633496,
            0.9490848507479615,
            0.0703166514300245,
            0.09886529296350188,
            -1.6272361608352954,
            -0.7547258547805717,
            -0.9795590227913128,
            -0.4419894506888675,
            -0.17950594611856333,
            0.16094880109766999,
            0.5942826568719474,
            -0.28621482751165295,
            -0.15516054125994705,
            -0.02936497537483905,
            -0.701898473018668
        ],
        [
            1.5899686557812804,
            -2.145901174751145,
            -0.94926834446165,
            0.7467026019534352,
            0.8055019173085284,
            1.0569091551953855,
            -0.0027749662279529593,
            0.470899300897178,
            -0.46545240517744907,
            -0.5778809585732444,
            -0.10032973973031781,
            -0.739876958267118,
            0.217694745525369,
            0.0,
            0.3138944827588419,
            0.48237506834849886,
            -1.05879628437545,
            1.3768238796894319,
            -1.3430343846270614,
            -2.1348332380451716,
            1.5568606832150602,
            -0.837265171206194,
            -0.337920850014135,
            -0.739974803593726,
            -1.4662069891362162,
            0.19984173170550257,
            -0.7338990043633992,
            0.469573850754636,
            -2.091071718806009,
            0.6149636145373992,
            0.045678294150147375,
            -0.016067909504115623,
            1.650105649181936,
            2.0256780228327393,
            -1.814841476470411,
            0.2564964652414542,
            0.5717366825588284,
            -0.8925713703173508,
            0.0812500662881371,
            0.7892347194804659,
            -0.9854563994336564,
            -1.286336328851752,
            0.3103320726489171,
            1.1560550160210448,
            0.23504594113184385,
            -0.7954763969554836,
            1.2424677107877558,
            -0.9450268471030742,
            -0.19411465286312854,
            1.1998952396193174,
            0.2514076199719959,
            -0.1301725615156731,
            -0.9475327980027888,
            0.04780796417472027,
            0.6994358892985821,
            -0.15846830838251943,
            -1.8144619875048915,
            0.1319281940129748,
            1.4389480619755797,
            0.1230574699951068,
            0.5804208193749025,
            0.5311684995278303,
            1.8225667770943925,
            -1.9494064336934749
        ],
        [
            0.10950914804358115,
            -0.8761843509404734,
            -0.9500036886410878,
            0.03523749068790296,
            0.6793055137817797,
            0.4796167040256157,
            -1.3247460546965284,
            -1.5133578715919307,
            1.9690950399287404,
            0.7219545552261986,
            -0.6454630591429589,
            0.19606212363129008,
            -0.4252091697526957,
            0.3138944827588419,
            0.0,
            1.2454936295501986,
            -1.338375129613224,
            0.6264888814789896,
            -0.44492495544001376,
            -1.1806876022612907,
            0.467965769697821,
            -0.20890914919186432,
            0.24697948708935433,
            1.8120019766076587,
            0.6132762561398531,
            1.2121617907089186,
            0.25437539656451247,
            2.532938071364095,
            -0.27946076578547907,
            -0.7150575638506484,
            -0.5874379003443464,
            -0.6178601950676211,
            1.4125942969150591,
            0.48810163972784565,
            1.0532169407557772,
            0.21958910221727793,
            1.0545961801029275,
            -1.174029365969001,
            -0.08493064152685245,
            1.3398052655921302,
            -0.2776815465276975,
            0.46254430152984083,
            0.9436910715123806,
            1.159347997673614,
            -1.2684018401266268,
            0.1391446569655811,
            -1.0338652656479337,
            1.939010905230868,
            -0.723304778643579,
            0.9084054493267022,
            -0.9875644557779778,
            -1.30442988674095,
            -0.5756569509999501,
            -0.3104711900002621,
            -1.234448746694182,
            -2.4856914096818405,
            0.4049810275974046,
            -0.46504240450203493,
            0.029027946724162,
            -0.5764081912371675,
            0.09056349195053945,
            -0.6711842818008079,
            0.43583503373926796,
            -0.3843934601512322
        ],
        [
            0.9880753556575296,
            -1.4968477219685818,
            0.1359450725757215,
            1.1814254109350883,
            0.958852341590667,
            -0.645334726251251,
            -0.5031903239969826,
            -0.8742464672078178,
            0.41592722304865465,
            -0.036518588029904556,
            1.3658938876020827,
            2.3101100764373146,
            -1.039842452491951,
            0.48237506834849886,
            1.2454936295501986,
            0.0,
            0.14716908306225351,
            1.3345384520337404,
            1.272991313060635,
            -0.466115281296534,
            0.7778498652648196,
            0.9195761038976104,
            0.2947483892905237,
            0.9950865271623994,
            0.20037297847132687,
            -0.6783131959740705,
            1.0862945250567084,
            -0.03794431596462432,
            0.0807668077721304,
            1.0419189398550077,
            0.25180525284140043,
            -0.5522228876018619,
            -0.7608389112144667,
            -1.41306663185979,
            1.020560485029212,
            -0.3378757864688025,
            0.5792995990680777,
            0.8021456287697136,
            0.9142384120435194,
            -0.08739438693413569,
            1.1367465776636576,
            -0.11935522058623822,
            0.35310632170695494,
            0.3535846370106226,
            -0.5722417619513358,
            0.8403367726744536,
            0.17487854458537952,
            -0.3224969534139158,
            -0.7518675067439606,
            0.4203168200505624,
            -1.5070174515811965,
            0.5607596642181787,
            -1.1829466708481475,
            -0.3341105064055703,
            -0.47324828710687483,
            0.14405252422574538,
            -1.1498352851085567,
            1.5604473155831764,
            -1.4578987580338332,
            0.6806785817545503,
            1.535102115506617,
            0.09061325785396662,
            1.5700337395436097,
            0.3426401661496207
        ],
        [
            -1.8586576924429707,
            0.48394977203746653,
            0.16108993441305358,
            -1.3282688324090945,
            0.24931114813583216,
            1.0647288252637637,
            0.8919765881440044,
            -0.19677868679441674,
            -0.3268476988267696,
            -0.6165077118093911,
            0.25016245866997183,
            0.10693513494760586,
            -0.20807460488801424,
            -1.05879628437545,
            -1.338375129613224,
            0.14716908306225351,
            0.0,
            -0.1539985999334221,
            -0.5778743805784464,
            -1.954106346910612,
            -0.17447048914151436,
            0.315096815869897,
            0.334417303134078,
            0.20223612580268077,
            -0.03887828015822516,
            1.5011373305389475,
            -0.21723239715541934,
            -1.1901997385299459,
            -0.8725275024295647,
            -0.18883382186635245,
            0.9492138074738706,
            -0.4138516692300984,
            -0.04825354749405818,
            -0.2619725987328055,
            -0.12513042101085764,
            0.45106033674099383,
            -0.4462550633589123,
            1.0717156120416225,
            0.8986470904847118,
            0.033481911417121306,
            0.2876028850280014,
            0.5297996776593822,
            -1.2108999663982793,
            1.7953200758717025,
            -0.28258221428066616,
            1.116374318916935,
            1.1650661860353004,
            1.2857609337567364,
            0.605425094156979,
            -0.9598479896555442,
            -0.5518290598476545,
            0.7323262226869314,
            0.8194364151117836,
            0.24689324893593625,
            -1.0714733404813084,
            0.2627444129915186,
            1.1491107668735325,
            -0.16022308101198238,
            -0.044485195478694624,
            -0.4382969875001457,
            -1.7290278195596736,
            0.656521902567656,
            -1.035503045131409,
            0.6299028901497895
        ],
        [
            -1.1277268650091243,
            0.2460653591023652,
            0.15658347178137721,
            0.8752706472075342,
            -0.6540638697097467,
            -1.064285086414907,
            -2.075774465245395,
            0.5168212939831599,
            0.3208438567770403,
            -1.295113029383974,
            -0.5828021766785746,
            -0.6939543800297692,
            -0.5060480026746342,
            1.3768238796894319,
            0.6264888814789896,
            1.3345384520337404,
            -0.1539985999334221,
            0.0,
            0.2024118700456168,
            0.23651515241219212,
            -0.09619162224603293,
            0.2419436778759867,
            -0.8187985938510883,
            -0.1248678975902168,
            2.005871948533319,
            0.8712053555948013,
            -0.8387922647293093,
            0.6995462075852036,
            -1.622512128852101,
            -1.534017680235147,
            -0.45562694844058044,
            0.5205477273928815,
            -1.517638509761847,
            -1.0300310469164646,
            0.8374628211737091,
            -0.5112681530336836,
            0.9866207109422339,
            -2.8048666966789875,
            -1.46785558184141,
            -1.4526731306194163,
            0.6491578263197163,
            0.4827348268504047,
            0.6978513778504725,
            1.01489172797715,
            -0.8276062539351441,
            -1.0656012929977314,
            -0.4654436207836213,
            0.010868552792707317,
            -0.9110750765704347,
            -1.049690597344384,
            0.32163507311421746,
            1.0694220299315507,
            0.5397902539893815,
            0.5012284717944011,
            -0.7629391945427917,
            -1.469915128277873,
            -0.48427434302495515,
            0.5760843609335933,
            -0.5273604279637755,
            1.8668181402370148,
            2.323033330918748,
            -0.36426978925507336,
            -0.5666486603875257,
            -2.749585144823182
        ],
        [
            -1.4676175933406812,
            -0.3537349478792029,
            -0.18718340712483558,
            0.658329432051089,
            0.43612383689464723,
