{
    "N": 64,
    "id": "839cb172-0c79-4f2d-ad37-6976fe7a1ab8",
    "problem_type": "SK Spin-Glass",
    "distribution": "gaussian",
    "spins": [
        1,
        -1,
        -1,
        -1,
        1,
        -1,
        -1,
        -1,
        -1,
        1,
        -1,
        -1,
        -1,
        -1,
        -1,
        1,
        1,
        -1,
        -1,
        1,
        1,
        1,
        -1,
        -1,
        1,
        1,
        -1,
        -1,
        1,
        1,
        1,
        -1,
        1,
        -1,
        -1,
        1,
        -1,
        1,
        1,
        -1,
        -1,
        1,
        1,
        -1,
        1,
        1,
        1,
        1,
        -1,
        1,
        1,
        -1,
        1,
        -1,
        -1,
        -1,
        1,
        -1,
        -1,
        -1,
        -1,
        1,
        -1,
        -1
    ],
    "couplings": [
        [
            0.0,
            -0.5728971340456193,
            -1.1824285248332767,
            -0.2855137144850712,
            -0.820054809670182,
            -1.4746823744364863,
            -1.5516786381099241,
            -0.6102421169932806,
            2.1403943743004357,
            -0.95662803867247,
            0.015337481465908041,
            0.2719303488077514,
            -0.7533010077429058,
            -0.5130275767746342,
            -2.123224663343883,
            -0.10666605065436233,
            0.6555336685541079,
            -0.19996963975284354,
            -0.17366152405713678,
            -0.7796970444925466,
            -0.7463719619840683,
            -0.8679491464479858,
            1.6782172940883084,
            0.48346683631515736,
            -0.05596168486920387,
            0.11207800790770252,
            0.6945212807458395,
            0.4167302373365797,
            -0.5179391856255128,
            -0.15464222919435552,
            1.2652195980679635,
            -0.29321898471289093,
            0.27133329032490594,
            -1.5411271427270938,
            0.5886013771583639,
            0.17511345780712126,
            1.783112906543334,
            -1.7089970646803136,
            -1.1680552597914349,
            1.2212719142857664,
            -0.7873733332498841,
            -0.36192251419582155,
            -0.3062477301502867,
            -0.8160169595814604,
            -1.2260077810801633,
            -0.7879574215066212,
            -1.1328892256656171,
            -0.5374040469484986,
            -0.5577596513575034,
            -0.7868494344577065,
            1.8342384248338472,
            -0.2813413486522336,
            0.1976119943245512,
            -0.8925483408432863,
            1.2061054060861918,
            -0.23181668721546536,
            1.513542634063777,
            -1.471792039321186,
            0.10342029213182573,
            0.7059728951649712,
            -0.19148836009394357,
            0.44780857412835595,
            -0.5890093368322156,
            1.0882568263540682
        ],
        [
            -0.5728971340456193,
            0.0,
            0.9635163838117745,
            -0.12331751029985666,
            -1.869969494228104,
            -0.6542121275024754,
            -1.4217432493970614,
            -0.5543430762565129,
            -0.1321561132417923,
            -0.05439166075537065,
            -1.8032257038853958,
            -0.19944676485744,
            -0.03504284328983873,
            -0.2841655276100878,
            -0.12683326482061863,
            1.5518510715212055,
            -0.0039940372815688,
            -0.38437049728024375,
            1.163750764024452,
            -0.2749018268984584,
            -0.6885252986355259,
            1.7465973011838385,
            -1.1044901131182647,
            -1.5892272559558727,
            0.9941419963503695,
            0.023775701100406967,
            1.186286093916623,
            0.22966213483334486,
            -0.7343924745726365,
            -2.1934519220366293,
            -0.9441839903262622,
            0.246154852567522,
            1.1465238678728114,
            0.7303826100692307,
            0.6379764095886482,
            0.5869593444480047,
            0.6408361174902927,
            1.240625172186953,
            -1.5037043603697078,
            -0.8451912619038467,
            0.14807815348828823,
            -2.3927700238901193,
            -1.1393841515462717,
            -0.2437442490889543,
            -0.2168189514728047,
            1.1490509436726946,
            0.144483085490873,
            -0.3885558710054329,
            0.07956195733932961,
            -1.3038184039843077,
            0.576795913910296,
            0.2843897063364979,
            0.48404833980870476,
            -0.4609867979296597,
            -0.24740381994902308,
            -0.2299417276624071,
            -2.2950763279965503,
            -0.16157273293021882,
            -2.080618509661061,
            -0.16179003378040502,
            -0.5180756930773043,
            -1.6802600511045351,
            0.05725467383579996,
            1.6918480489352146
        ],
        [
            -1.1824285248332767,
            0.9635163838117745,
            0.0,
            -0.4509698450470067,
            0.2805898457065627,
            -0.5395611707736432,
            -1.0851447238201595,
            0.25311281880313863,
            -0.2658504190031475,
            -0.8785733542973797,
            1.4706229758745537,
            -0.9785085913758996,
            1.7640238281753313,
            0.570958621154809,
            -0.01267686723789104,
            1.5813101483593428,
            -0.3418246785909966,
            -1.2997565961476696,
            0.7267595539791224,
            1.3730861455617795,
            0.3262667495228534,
            -0.13047781062048813,
            -0.7886126959001748,
            0.47236159375408204,
            -0.629649073708321,
            0.5890253723951279,
            0.10130679741607357,
            1.074301301831679,
            1.20894774868138,
            -0.31302557739596687,
            1.6020532831856844,
            -0.3064972155456433,
            -1.6019199355587954,
            -0.4332037554091188,
            -0.43723040561088217,
            -2.9482141101929686,
            1.7229682200430338,
            0.8567307275989663,
            -0.8498051043565392,
            0.27343044342904843,
            -0.03223163551625394,
            0.12115792143346274,
            0.6699438036369515,
            0.14497714308492302,
            1.5882286494918327,
            -0.9378126050178657,
            0.6265527610465276,
            1.1605419884039565,
            -0.8144506866278366,
            0.2518106471587557,
            -1.1538689732142824,
            2.7054917186117504,
            1.6665965277037669,
            0.1968903175558398,
            1.5980017442419439,
            -0.9564658125784266,
            0.1944403081172221,
            2.568056339212214,
            -1.256048204912028,
            -0.9295732994623218,
            0.22702207642940084,
            -0.9698020859111034,
            -0.5618008283656175,
            0.1840982087182779
        ],
        [
            -0.2855137144850712,
            -0.12331751029985666,
            -0.4509698450470067,
            0.0,
            0.22626736909952705,
            -1.3996230588731577,
            0.3238024115996575,
            -0.12938542502889283,
            -0.7723867182071872,
            -1.3786024944948772,
            0.015161836470560512,
            -0.6967975294507777,
            -0.5685815808820727,
            1.7415125916261107,
            0.006469878040434299,
            0.6452244289932775,
            -1.0746982299339505,
            -0.16374827509055936,
            -0.3832384214702918,
            -0.3830721116260261,
            0.3122324937763938,
            1.2484825755967375,
            0.7599302746135325,
            0.6169340311770668,
            -0.7995760042518912,
            0.21585737207783082,
            -0.1456647822649128,
            2.361356768296694,
            0.2976883368416891,
            -0.4129790622182815,
            0.9114680923329426,
            0.22048653370656296,
            0.09153108530254732,
            0.9618686653342331,
            -0.2254002138952374,
            0.3952849566638027,
            0.29166492442371195,
            0.5560587608346478,
            -0.7655619653699299,
            -0.46569290359991034,
            -0.6675585859229195,
            -0.6714195433314617,
            0.4992385282389967,
            -0.6778071687556632,
            0.0372525903926304,
            -0.46797647137570686,
            -0.12848456719689505,
            -0.2737592033032813,
            -0.32350507996772293,
            -1.2784490095779109,
            0.6836862384537987,
            1.4583585636843674,
            -0.4098185625579707,
            -1.542868762054985,
            -0.33186980492983675,
            -1.9801221931804383,
            0.972393986897445,
            0.1842166411018778,
            1.1009345442243779,
            0.8668526073088628,
            1.0349996901317424,
            -1.2121707554689285,
            -0.5163669811342716,
            -2.2041880194729493
        ],
        [
            -0.820054809670182,
            -1.869969494228104,
            0.2805898457065627,
            0.22626736909952705,
            0.0,
            -0.8212196822799698,
            -1.185431877526499,
            -0.8473474569821109,
            -0.6853902793510144,
            -0.821190016397477,
            -0.37681283223386386,
            -0.5293673080656771,
            0.030635103969828076,
            -0.6196311711795827,
            2.110951376660829,
            -1.0976133333061087,
            -1.3431406089954272,
            -1.1460806639227112,
            -0.2489784059038345,
            -1.2431078779983429,
            0.7234949616985961,
            0.6557788263574101,
            -1.053752338655324,
            0.2513717780975409,
            0.12457057630932973,
            -0.5916869101317191,
            -0.29988486326649566,
            -1.3622481359205165,
            -0.36871915782765774,
            1.0723858643356208,
            1.684539834397802,
            -0.225857446417489,
            1.754102552212675,
            0.06353453511251123,
            -0.3865170640922497,
            0.5950081736298025,
            -0.06515772658562438,
            0.28007028351759633,
            0.2426849084260575,
            -1.1689968571393003,
            1.2140330466509723,
            0.5442843461564314,
            0.510194510197789,
            0.24349863724426274,
            1.1497714033933213,
            -1.0129819544608494,
            -0.3714776336406257,
            -1.4588213887059296,
            0.34599110016909373,
            0.7042140818385187,
            0.8306451208535205,
            -0.87560071877952,
            -0.2699215287899532,
            -0.9120484171838201,
            -0.6415999481448238,
            -0.7537750058269538,
            -0.4937151128561042,
            0.39702810643103076,
            0.8705824792857714,
            -1.4601658132788005,
            1.5988609624332433,
            1.3787865217889705,
            -0.06741598648476324,
            0.4472144842175183
        ],
        [
            -1.4746823744364863,
            -0.6542121275024754,
            -0.5395611707736432,
            -1.3996230588731577,
            -0.8212196822799698,
            0.0,
            -1.9588137276264606,
            -0.7357394199942004,
            -0.1612730187753658,
            0.173315682833724,
            -0.7261539581212662,
            1.4766135078216518,
            1.1641151481893053,
            -1.0892851943042614,
            -0.4968748111814422,
            0.6148310165708588,
            1.2813412723034119,
            1.457132229387495,
            -0.21267369876100767,
            -1.730327611373221,
            -0.31392551650091277,
            1.2335637463406897,
            -1.331844766178506,
            -0.5269037977962803,
            0.8569968177605256,
            0.24690302521291424,
            -1.5778763921429901,
            -0.3917887524089018,
            -1.3284797328401543,
            -0.904179042807757,
            -0.4291114497102439,
            -1.8110380067404321,
            -0.3247129321287622,
            0.9958972055603277,
            -0.13951655417975684,
            0.0699627632412977,
            0.7572664286014137,
            -1.2522062035177328,
            -0.9199938137350486,
            -0.1114792298478093,
            2.282092242666549,
            -0.2032342984208289,
            -1.3982238952255086,
            -0.8742696231113165,
            0.48397562179888964,
            0.27687592117187587,
            -0.1379272839039739,
            0.39215184892686994,
            -0.8112656917329627,
            0.9126914900489549,
            -0.11997496903472787,
            1.0554949789942745,
            1.7104228099758652,
            1.6893724539894315,
            -0.4044972514190741,
            0.020637784800753543,
            0.8528412578230632,
            0.41844046306102256,
            -1.4548736905241866,
            0.420172856547866,
            0.7222119741308616,
            0.36729325671761837,
            -0.9763250674285108,
            0.5521805996393407
        ],
        [
            -1.5516786381099241,
            -1.4217432493970614,
            -1.0851447238201595,
            0.3238024115996575,
            -1.185431877526499,
            -1.9588137276264606,
            0.0,
            0.08031438288507316,
            0.8017194240823919,
            0.9186418444988668,
            -1.8024839871232081,
            0.5396685683853473,
            -0.057772966689341856,
            1.551514640635889,
            0.3907159816491917,
            1.1020012855696812,
            -1.3008991947599542,
            -0.049580983621812943,
            1.1433834114877206,
            1.4269361367871418,
            0.5598390181208194,
            -0.6483361623684882,
            0.577280165359636,
            -0.4791915203359444,
            0.24255119923868126,
            -0.18905392001037516,
            0.6090548865494335,
            1.8827502091154207,
            0.6838475764899863,
            -0.2143163056541206,
            -0.6116366862800318,
            0.8829312457571141,
            -0.2063671195879136,
            -0.29742749061170026,
            1.9038132219428086,
            0.6747393266857271,
            -0.05078948713034573,
            -0.45158906595522497,
            -1.2378453631700816,
            -0.6614194250793808,
            -0.038930890846761566,
            0.40102165006786067,
            0.6545022372109086,
            -0.4617921655817031,
            -1.213029968089675,
            2.4682485055575465,
            -0.12220877553674755,
            1.549271590619126,
            -1.362066464853453,
            -1.7993642520272797,
            -0.014772946990125149,
            0.2675679904093053,
            -0.5642627545384841,
            -0.991512955849849,
            -1.0515028898340137,
            -0.0284253604358973,
            -0.3437022304201222,
            1.309445782899108,
            -0.13972953307902541,
            2.109188057234348,
            -0.6071174476410166,
            -0.596457604443538,
            -0.9214153060674717,
            -0.6423355460658681
        ],
        [
            -0.6102421169932806,
            -0.5543430762565129,
            0.25311281880313863,
            -0.12938542502889283,
            -0.8473474569821109,
            -0.7357394199942004,
            0.08031438288507316,
            0.0,
            1.667075314096381,
            -0.3432964923580677,
            0.32622605853772174,
            -0.5747417636122716,
            -0.9777264909505939,
            0.8398348548974344,
            0.9414246299188549,
            1.6421656917030416,
            0.28589512359471086,
            0.7549270476658965,
            0.9691842673975176,
            -0.40395784091898984,
            1.4654414872862207,
            0.8590041740590358,
            1.2875706669431684,
            -0.16367355320749616,
            0.08980232884560194,
            -1.4992349173317618,
            1.5681706300697238,
            0.5380576515758246,
            -0.6175435689492611,
            0.27112140296264764,
            2.3978677719355304,
            -0.3096189477054919,
            -1.0160262940455063,
            -0.5356333602567253,
            1.5545701830392449,
            -1.6577575635132389,
            1.7184892414303667,
            1.07371314551074,
            -0.05284557338658796,
            0.3239430333139852,
            0.46180619651631505,
            -0.38949982325590876,
            1.193327465735146,
            0.282221043923253,
            -0.27805165530921716,
            -1.5864464632196928,
            0.5173326053639071,
            -0.5546550126268999,
            -0.30510474960229733,
            -2.471433405280236,
            -0.09582524994655676,
            -0.21814866751335582,
            -0.5849740519298121,
            -0.09351818905328012,
            0.11565589472799533,
            -1.83073450047626,
            0.3851560056867617,
            0.07237023360487377,
            -0.461140680538122,
            -0.5274735080967577,
            1.270130632979945,
            -1.625834272197923,
            -0.9895777292209638,
            0.11931492282084799
        ],
        [
            2.1403943743004357,
            -0.1321561132417923,
            -0.2658504190031475,
            -0.7723867182071872,
            -0.6853902793510144,
            -0.1612730187753658,
            0.8017194240823919,
            1.667075314096381,
            0.0,
            -0.4951620808182737,
            -0.4403546366269229,
            1.3720174724822938,
            -0.23005705407681998,
            -0.09027481596568573,
            -1.046617763996528,
            0.33232120943332955,
            0.9943992017965657,
            1.2015391491271674,
            0.49116564503044574,
            0.32356915953458865,
            -0.4757891672059752,
            0.9317747590077476,
            0.8337074678340339,
            0.1571915349459114,
            -1.0492565341787914,
            0.44230405110193466,
            -0.3348817762703539,
            0.24765111860895814,
            0.3164462036937514,
            0.46220560093680385,
            -0.19938297279358788,
            -1.265070237041521,
            1.8267223724578074,
            0.06779798101681428,
            0.4917491823253845,
            -1.5235568637862946,
            -0.3414223678369564,
            0.01400737494620698,
            0.9956901600913797,
            -1.9453575090157296,
            -0.033517104185261076,
            2.6087367669476604,
            -0.42321995752004393,
            0.36788647184295914,
            -0.9312981352918266,
            -1.0339337833812337,
            0.3670897434715481,
            -0.9509457103668891,
            0.4291531069888467,
            0.0726460055530287,
            0.6239183224015382,
            -1.0963679400285486,
            0.27447227879884417,
            1.4549722290848295,
            1.4817268063667315,
            0.42398568040881845,
            0.2001849541348034,
            1.8052876469717785,
            0.654301020166372,
            -0.7762800672716903,
            -0.2261114491240302,
            -0.018078012372164585,
            -0.7256166691603259,
            0.9550082294340341
        ],
        [
            -0.95662803867247,
            -0.05439166075537065,
            -0.8785733542973797,
            -1.3786024944948772,
            -0.821190016397477,
            0.173315682833724,
            0.9186418444988668,
            -0.3432964923580677,
            -0.4951620808182737,
            0.0,
            -0.20339943828648327,
            -0.4757370058612901,
            -0.7966918351200588,
            0.6605865009159131,
            0.9527726804901783,
            -0.8868683798189415,
            0.7975890897075987,
            2.231755932831812,
            0.3873856626781261,
            -0.4853309899905915,
            0.2021865111986764,
            0.1254505371597992,
            0.5527724847537303,
            -0.4741291792507187,
            -0.4891877130135205,
            0.004950478129146848,
            0.3383983933155167,
            1.1127027523549147,
            -0.22327899530211384,
            -0.4619415804816537,
            1.1989653813976644,
            -0.45527390657145045,
            0.37598382270320135,
            -0.35703416832794305,
            -0.12949140109937055,
            -0.8712938142059843,
            0.2999426985151402,
            0.10218060034869189,
            -0.0921188201243489,
            1.6170605662024247,
            -0.5680100973572189,
            0.6679461427503512,
            0.4255486102802806,
            0.971318341861347,
            -0.6268420491491852,
            0.6709836498161296,
            0.33060872323947954,
            0.8969423079232142,
            -0.7132053468004133,
            0.07716385118915807,
            -0.5271340533290656,
            1.9764565785581718,
            -0.22378691432320763,
            0.6248369881293784,
            -1.2899497100829078,
            -0.3216400514889007,
            -0.4163751565222681,
            0.22692460942468812,
            0.019986286207248787,
            0.9194001680526881,
            -0.7666946847504553,
            0.9087357646535947,
            0.050456977106538986,
            0.6831676906348738
        ],
        [
            0.015337481465908041,
            -1.8032257038853958,
            1.4706229758745537,
            0.015161836470560512,
            -0.37681283223386386,
            -0.7261539581212662,
            -1.8024839871232081,
            0.32622605853772174,
            -0.4403546366269229,
            -0.20339943828648327,
            0.0,
            -0.9590202788643385,
            -0.13276745953549376,
            0.6481812101760833,
            -0.24943734794609176,
            0.49605736975602904,
            0.6672020843371931,
            0.7650595056233019,
            -0.27741165867512474,
            0.3604471076713675,
            1.3044169040301594,
            0.24026073579070323,
            0.19003583683087033,
            -0.06714449182259917,
            -0.491526387740601,
            -0.9918512781978946,
            -0.6828140328989158,
            -0.9861328276438172,
            -1.0068170439120812,
            -0.13246883362101947,
            1.1314099211224444,
            1.645285657456435,
            0.9159840441228736,
            0.0040101362709250125,
            0.537172454981112,
            -0.6748800110485179,
            -0.596887906906987,
            0.4918652677314919,
            -0.09014351631441299,
            -0.06431385482226754,
            -0.06248640752943232,
            0.010578418907709941,
            -0.6406819319277058,
            -0.3912131387622639,
            -0.6131084493843383,
            1.002832063467868,
            1.2592244015133347,
            -1.734481670820594,
            0.02375350522404144,
            -0.17568696157991928,
            -0.4251894514849761,
            0.5580063908944883,
            0.252335279915801,
            0.5393599753197279,
            0.3270877607695867,
            -0.14743555900988548,
            -0.710613437840357,
            -0.6476436931585976,
            2.054729670882293,
            0.6484410703126305,
            -0.4665331888020755,
            1.1232018284832224,
            -0.567538328425366,
            -0.5422211553810965
        ],
        [
            0.2719303488077514,
            -0.19944676485744,
            -0.9785085913758996,
            -0.6967975294507777,
            -0.5293673080656771,
            1.4766135078216518,
            0.5396685683853473,
            -0.5747417636122716,
            1.3720174724822938,
            -0.4757370058612901,
            -0.9590202788643385,
            0.0,
            -1.2118327160307758,
            -0.6442034859817295,
            -0.35499550656404527,
            0.17572834451421251,
            0.7701723603631049,
            1.0059579116163593,
            0.8994390838660218,
            -0.7195359074510471,
            -0.028172657699693928,
            0.7477105930078969,
            -0.8703381069820043,
            0.40724963493672295,
            -0.2313371022579523,
            0.6006944764354721,
            0.6008943885106256,
            0.9641342387364484,
            -0.45021575738307734,
            0.9778423730045601,
            -0.13548849860505255,
            0.6559539150660786,
            0.27987225645440394,
            1.7542636156578542,
            0.9911785406149922,
            -0.8003962297435027,
            -1.4330423570150097,
            1.336368838386216,
            0.45110774693031286,
            1.3762320963671042,
            -2.6668933053093036,
            0.7364645832329133,
            -1.3566400010741764,
            -0.9588832464281479,
            0.9694843017157646,
            -0.17296002074339453,
            -0.3871474512977031,
            0.1432909540224116,
            -0.08413967399832188,
            0.7311712175208301,
            1.429437920052844,
            -0.5947464855826129,
            -0.5256540645366341,
            -0.23939140476472567,
            -0.5893884471132231,
            -1.09468143451477,
            0.268470936489247,
            -0.37528380652196597,
            1.6679401883602076,
            -1.0105951092837833,
            -0.8915869312522879,
            -2.038506375546969,
            0.535649911361507,
            1.0918052632320678
        ],
        [
            -0.7533010077429058,
            -0.03504284328983873,
            1.7640238281753313,
            -0.5685815808820727,
            0.030635103969828076,
            1.1641151481893053,
            -0.057772966689341856,
            -0.9777264909505939,
            -0.23005705407681998,
            -0.7966918351200588,
            -0.13276745953549376,
            -1.2118327160307758,
            0.0,
            -0.55412707667961,
            -1.4162593813938846,
            1.4205841865850646,
            0.2821985103017672,
            0.21106804102167506,
            2.171367298031678,
            -0.05028921565540761,
            -0.01342587366022565,
            -0.07996995796640873,
            0.26491383233967253,
            -0.8211786482944055,
            0.6441949284636791,
            -0.7348458335864941,
            1.1476175860308033,
            0.1036064260682472,
            -0.9516860184841799,
            0.6682610401277795,
            -0.9891487497276577,
            -0.19836897301906614,
            0.9551680988135719,
            -0.9081396515593145,
            1.7029492352424642,
            -0.7500379135231295,
            -0.8380667401060451,
            0.060362803592937386,
            0.9640549138623459,
            0.06848219480107595,
            -0.3386405526064993,
            -0.44684522827698336,
            0.8222577907965548,
            -1.5094211692596973,
            1.2084266820924812,
            1.4801008366643218,
            0.9932225804828017,
            1.1028397825180252,
            0.06889995872640961,
            -0.9101591723491828,
            -0.5559178274778764,
            -0.19207157923626608,
            0.05138105275674012,
            0.6918740847678321,
            2.052270595343077,
            0.07449555296564093,
            0.2652687779684789,
            1.1072287437373958,
            1.1811549365718552,
            -2.182875680719377,
            -0.3107221901613946,
            2.2266471092743094,
            0.23738853852355188,
            -0.20050723236379495
        ],
        [
            -0.5130275767746342,
            -0.2841655276100878,
            0.570958621154809,
            1.7415125916261107,
            -0.6196311711795827,
            -1.0892851943042614,
            1.551514640635889,
            0.8398348548974344,
            -0.09027481596568573,
            0.6605865009159131,
            0.6481812101760833,
            -0.6442034859817295,
            -0.55412707667961,
            0.0,
            -0.47422839512435205,
            -1.2041348806741785,
            -0.7668208440308756,
            2.435777869599056,
            0.5827035526288086,
            -0.9652736159172621,
            -0.5906241684058385,
            -0.07417512272391176,
            -0.4868884776865999,
            -0.059710535658516486,
            -0.03759015980913298,
            0.4405503117937225,
            2.353978110298284,
            2.5861847665835036,
            0.4430612272828391,
            -0.033159988620893026,
            1.0260336708725988,
            -0.3720478557812158,
            0.7855703601322342,
            0.21350535652656766,
            -0.04148253569974443,
            0.8263554347074805,
            1.2388625848743255,
            -1.6574314833487493,
            -0.34782312950692296,
            -2.3991254874091603,
            -1.6724087042509046,
            -1.123749903216177,
            0.4959477724292666,
            -1.05722178932745,
            0.02427834761581459,
            0.2813053121314409,
            2.1928973538137617,
            0.8293077658104591,
            0.818384606830269,
            -1.1417962297728739,
            -1.7040470582205411,
            -0.6289758883439085,
            0.3309191484574304,
            0.19761251030039073,
            -0.7503389565392735,
            -0.6815877335986976,
            -1.002234210314432,
            -0.681287980526303,
            -1.1976908506805148,
            -0.3390341241530853,
            -2.0970921301450582,
            0.23330816039586297,
            -0.5914371887967517,
            -0.3943748721411788
        ],
        [
            -2.123224663343883,
            -0.12683326482061863,
            -0.01267686723789104,
            0.006469878040434299,
            2.110951376660829,
            -0.4968748111814422,
            0.3907159816491917,
            0.9414246299188549,
            -1.046617763996528,
            0.9527726804901783,
            -0.24943734794609176,
            -0.35499550656404527,
            -1.4162593813938846,
            -0.47422839512435205,
            0.0,
            0.29302586434050254,
            0.8245939855267387,
            -0.2970380117426154,
            -0.9934671569587752,
            -0.9858756773394038,
            0.50252774213909,
            -0.26197734982912263,
            -0.33230253093319523,
            0.9524170119625837,
            -2.017127162066169,
            -0.008031660784930084,
            -1.5338156981661186,
            -1.2684824896968603,
            1.9515547257758545,
            -0.7660493153860735,
            0.172891605560359,
            -0.23607923357523997,
            -0.0988844112490889,
            0.7826160570772052,
            1.018272793619886,
            -1.047554976058011,
            -0.5897689956493707,
            0.8013286755008687,
            -0.45909522342504844,
            0.8934912769786479,
            1.6483337873271369,
            0.22655209850618885,
            0.21040981796925523,
            1.3863421363124762,
            1.4127214918502626,
            -0.6352294558992146,
            -1.069386131558778,
            -0.8478102170324856,
            0.6276709865354757,
            0.8363164615330699,
            0.4379768709739184,
            -1.310028885421394,
            0.7136428906019763,
            -0.7816757934340394,
            1.042468801103803,
            -0.2435972447102539,
            1.8271461211576283,
            -0.47042246823626166,
            -0.004617818642960356,
            -0.3042060735078283,
            0.12032559620761708,
            1.5574812851649298,
            0.9471579728731283,
            1.5348921602323167
        ],
        [
            -0.10666605065436233,
            1.5518510715212055,
            1.5813101483593428,
            0.6452244289932775,
            -1.0976133333061087,
            0.6148310165708588,
            1.1020012855696812,
            1.6421656917030416,
            0.33232120943332955,
            -0.8868683798189415,
            0.49605736975602904,
            0.17572834451421251,
            1.4205841865850646,
            -1.2041348806741785,
            0.29302586434050254,
            0.0,
            -1.220412204300106,
            -0.2151746410188843,
            -1.398187158178239,
            -0.3114693284239723,
            -0.8646998982907476,
            -3.0862767220545364,
            -0.0013546861045417166,
            -0.580691718975112,
            -1.6177452059768098,
            0.0881278083766181,
            0.15253415488070698,
            0.5120614275145836,
            1.566874393203306,
            -1.7034872083516892,
            0.4887113722264728,
            0.1196967966780868,
            0.17271258962065156,
            0.8095533432431563,
            2.529434965761846,
            1.851549295437601,
            1.5051644295928843,
            -0.1408023791752978,
            -1.3914579270134713,
            0.4393181934080845,
            0.3772396373315564,
            -1.3918655806070215,
            0.123808406010375,
            -0.292680148049822,
            1.275955371853015,
            -0.4565213600529881,
            -1.2899389045109455,
            1.8823740229770864,
            0.2013905862187429,
            -0.91435907884202,
            -1.2653863727396775,
            -0.1020125568047033,
            -0.4424807429997659,
            0.2052078290895111,
            -0.3444460229556192,
            1.2150788354604058,
            0.7631434826895134,
            -0.3446007584937584,
            -0.8526776323494761,
            -0.24024484652107272,
            1.6057993893271552,
            -0.5195663178964942,
            0.07983995330903859,
            0.3062369930381494
        ],
        [
            0.6555336685541079,
            -0.0039940372815688,
            -0.3418246785909966,
            -1.0746982299339505,
            -1.3431406089954272,
            1.2813412723034119,
            -1.3008991947599542,
            0.28589512359471086,
            0.9943992017965657,
            0.7975890897075987,
            0.6672020843371931,
            0.7701723603631049,
            0.2821985103017672,
            -0.7668208440308756,
            0.8245939855267387,
            -1.220412204300106,
            0.0,
            0.46636826411782667,
            -1.1380799088066156,
            1.908358319315358,
            -0.5238442326885959,
            0.2737683340060224,
            -0.020544197020851203,
            -1.7896338161445224,
            2.240241903895927,
            -0.18015492118919865,
            0.8399850566335676,
            -0.039794831856373274,
            1.1435035703335155,
            -0.9056739014780403,
            -0.37515431024395635,
            -0.6072258436497792,
            0.6541688225360526,
            -0.028299226189768354,
            -0.8646594751373369,
            1.9328923936960916,
            -1.75962926156464,
            -0.1543475097917601,
            0.3824637553764734,
            0.6367937507281324,
            0.14046575353651766,
            0.10263293909187751,
            0.1994513640151905,
            1.7950579789036132,
            0.00012800552190402406,
            0.4185769773413541,
            -0.31886390521081326,
            0.16757103774321275,
            0.5987723889243045,
            -0.18268083447031902,
            -0.0012591073529461024,
            0.7132464458036478,
            -0.7842311356430974,
            0.17732401000154863,
            0.8915559782474177,
            1.037923659056298,
            -0.2484587155030582,
            -0.5271538947938368,
            1.4001590214560176,
            0.7604413077872525,
            1.201236325011325,
            -0.6185351401199809,
            0.05286716802336716,
            0.26122898570443237
        ],
        [
            -0.19996963975284354,
            -0.38437049728024375,
            -1.2997565961476696,
            -0.16374827509055936,
            -1.1460806639227112,
            1.457132229387495,
            -0.049580983621812943,
            0.7549270476658965,
            1.2015391491271674,
            2.231755932831812,
            0.7650595056233019,
            1.0059579116163593,
            0.21106804102167506,
            2.435777869599056,
            -0.2970380117426154,
            -0.2151746410188843,
            0.46636826411782667,
            0.0,
            -0.24280431623521606,
            0.14517276795806427,
            0.4596579665128677,
            -0.3257786801580941,
            -0.16958945901444708,
            -0.2792391688138977,
            0.8270378131646821,
            -0.38434579502601995,
            -0.5336640381312869,
            -1.8977587871750272,
            -1.1279842044714765,
            0.6257447877581674,
            -1.5396260440310165,
            1.625627510204751,
            0.3400415682712502,
            0.7628825647115254,
            -1.3224264368900482,
            -1.0221798313661363,
            -1.897592274179284,
            -0.8784094359695943,
            -0.15631920257645943,
            -0.8992277855308746,
            -0.7885839384411166,
            -1.4809831849750033,
            -0.4536330640632305,
            -0.4395170586199428,
            1.0456889959604934,
            2.483959392002528,
            -1.599540861164851,
            -0.535281410662545,
            -2.2434404912858947,
            -0.01909072344861945,
            -0.761595842418743,
            -0.6645105284307502,
            -0.657826045587284,
            1.0844955759349468,
            0.6134714632732076,
            0.6911054795374607,
            0.7368417191527238,
            1.7463471267926807,
            -0.4144937504541375,
            0.059009512478515685,
            1.672801298391728,
            -0.6495404058440507,
            -0.27180193661586804,
            -1.7459283593460901
        ],
        [
            -0.17366152405713678,
            1.163750764024452,
            0.7267595539791224,
