{
    "N": 64,
    "id": "40ed7474-f1c4-444b-aae8-019794dd4fe5",
    "problem_type": "SK Spin-Glass",
    "distribution": "gaussian",
    "spins": [
        1,
        1,
        -1,
        1,
        1,
        1,
        -1,
        -1,
        -1,
        -1,
        -1,
        1,
        -1,
        -1,
        1,
        1,
        -1,
        -1,
        1,
        1,
        -1,
        1,
        -1,
        -1,
        -1,
        -1,
        -1,
        1,
        1,
        1,
        -1,
        -1,
        -1,
        1,
        -1,
        -1,
        -1,
        -1,
        -1,
        1,
        1,
        -1,
        1,
        -1,
        1,
        -1,
        1,
        1,
        -1,
        -1,
        -1,
        -1,
        1,
        -1,
        -1,
        1,
        -1,
        1,
        1,
        -1,
        1,
        1,
        1,
        1
    ],
    "couplings": [
        [
            0.0,
            -0.929499120169851,
            -0.5170646629604557,
            -0.8189817813394179,
            0.7041677620679491,
            -0.1879097515514515,
            -0.3747907741558856,
            -0.12288944324076419,
            1.288383004826591,
            1.210445981428706,
            0.9350308593456833,
            1.0167643881833928,
            1.2861020008910051,
            1.0932286503034707,
            -0.7066555397094789,
            0.42935269153857114,
            0.04433418841744517,
            0.18534906897297668,
            1.5786686200287319,
            0.10329073277124681,
            1.4065009538053053,
            1.1911664641262936,
            0.4085703640798326,
            -0.742077602755831,
            -0.9618726481380326,
            1.1882180479567206,
            -0.5051972571954099,
            0.5431697527555138,
            -1.1511566494291168,
            -1.0279243385095085,
            -1.8752660380185415,
            1.87400256463128,
            0.6740637224091045,
            -1.6085181555730625,
            0.26590871029412216,
            0.13605607712694448,
            0.19509684609488853,
            -0.6508659229848573,
            -0.9373146766794165,
            -1.4845094927013578,
            -1.7213044124645493,
            0.6273285296243095,
            -1.5555901391567173,
            -1.8232542340063644,
            -0.4838302884312908,
            -1.067180093054002,
            0.6832615546748388,
            0.4535436801676022,
            0.04713632534369176,
            -0.22474718842032715,
            -0.4336029779377065,
            0.5652585261488378,
            -1.1712710554794585,
            0.0420017853945296,
            -1.7913408976860614,
            -0.85912257165321,
            1.2087712399340373,
            0.32526541038282836,
            0.20487201743142436,
            -2.0562093041214475,
            -2.2924708973458916,
            1.4393929022388248,
            1.1422610586919557,
            0.8728403060872739
        ],
        [
            -0.929499120169851,
            0.0,
            -0.2994510895959529,
            0.8345546257648595,
            -0.6118531078651716,
            -0.2334700771051838,
            -1.0894649316277505,
            0.4282579943004722,
            0.30213563861296455,
            -1.983322967781227,
            2.0324850354774533,
            -0.27052156986080084,
            -0.247209950936994,
            1.145090405577609,
            0.03433523411420858,
            -1.0859248952632246,
            -0.5717195280338171,
            0.30064728223713993,
            -0.4264470510623867,
            -0.5696251496719597,
            -0.9587421012999527,
            0.7851650824796906,
            -0.16278962056558524,
            -1.8866228929706201,
            -0.5981475160500765,
            0.2178140666176416,
            0.9542340740465884,
            1.1149053195165521,
            2.2733755162003666,
            -0.1921929988008473,
            -2.0748099595439045,
            0.6973665669862293,
            -1.0826436656892742,
            0.8495665827075485,
            0.6785604056346441,
            -0.7583517600205786,
            -0.9160028888084193,
            -1.520315911309014,
            -2.3635167317178953,
            -1.8256826787656244,
            0.011015227119082973,
            0.7092534352254907,
            0.7772826610759902,
            -0.059634869545355844,
            -2.6076704712998744,
            0.6674668887542141,
            0.322596162662375,
            -1.1601326780345778,
            -0.5422460743426903,
            -0.4985514050541408,
            -1.4172678372342802,
            0.02381933556019545,
            0.23184276344962412,
            -0.9427107462550913,
            -0.9829747645670593,
            0.4251964723562824,
            -0.7340849408762825,
            -0.7760046385934511,
            0.02784096976618005,
            1.4512097164898705,
            0.9035472899206534,
            0.1180609966344783,
            1.3252915541334833,
            0.7547497970291185
        ],
        [
            -0.5170646629604557,
            -0.2994510895959529,
            0.0,
            0.1976538953296538,
            -1.1966242653953338,
            -1.8668723283331143,
            -0.2201575401542101,
            -0.5086633021825882,
            0.37232830428646185,
            -0.3085386311859139,
            0.9726656016970787,
            1.625907742941087,
            -2.0595415210935775,
            -0.12980541704363915,
            0.3608301631722118,
            1.1862457445161112,
            1.6753262548542567,
            -0.10983542167404049,
            0.5650351720684255,
            -0.7476716680880235,
            1.0858903973953915,
            -0.3380241071569828,
            0.1932078716592419,
            0.2726577719354665,
            0.8287607136232545,
            1.4206699657302064,
            0.002621061165034228,
            2.671527394562046,
            0.9563463442098129,
            1.042078787057881,
            1.2463491369574775,
            -0.14388066092900134,
            0.0594463913743877,
            0.9495758705431098,
            0.6105043325675261,
            -0.9820001004471959,
            -0.47008851896628234,
            -0.41157321294751764,
            1.562967381925748,
            0.023390688400602565,
            1.8709298389845088,
            -0.972376195926987,
            -0.5703919855745004,
            0.873761891522964,
            0.6781488027259455,
            0.8844895783152164,
            0.11591603722099414,
            -0.6376897304321321,
            0.23343892822564385,
            -0.8952726860104426,
            1.287036090457242,
            -1.3512122310141568,
            0.4842842172633675,
            0.1268593092909107,
            -0.09671491193249712,
            0.5271263700384903,
            -0.23998158544689985,
            0.8542336686586993,
            0.5078595638042636,
            0.5042374416203304,
            -1.8993036396393574,
            -0.2349634913617388,
            0.8512249184719276,
            0.6878793486186835
        ],
        [
            -0.8189817813394179,
            0.8345546257648595,
            0.1976538953296538,
            0.0,
            -0.4474510549050764,
            -0.3470168482544868,
            -0.32980825613439285,
            -2.9252160794829565,
            -1.2903384241618898,
            -1.1272271884097984,
            -0.8020894290753923,
            -0.9931459342227651,
            -0.7296191646508553,
            -0.712637105789336,
            -0.2273618264949465,
            -0.008859519459954206,
            -1.302988059506807,
            -0.4489482955431286,
            -1.1279183183938566,
            -1.7267621269141202,
            0.579174343756764,
            -0.9012783554614175,
            -1.3052117570248971,
            1.0278355780996224,
            -0.37884017196683845,
            -1.5945317580461176,
            -0.3486006751350358,
            -0.020873693598186457,
            0.28130368651731924,
            -0.8716362209197597,
            -0.015444680866659313,
            -2.0324674722371254,
            0.4486519612079123,
            1.5330553301006566,
            0.11916550181135514,
            -1.3331468491367493,
            -0.3119418085769782,
            0.045911940318892466,
            -1.6223178495609072,
            -1.0719321487053735,
            0.506658536130174,
            0.16674587887587436,
            0.11770463043532053,
            -1.2410640217150894,
            -0.0199856768533673,
            0.6546238366963748,
            -0.7371704547950277,
            0.41997362734191623,
            0.7062523182145826,
            1.4035664586982366,
            0.8179752761727497,
            -0.23633152294562723,
            0.06414688570844833,
            -0.05370541480687952,
            -1.0465514381176027,
            0.7703018347427133,
            0.07522369512168862,
            0.4679156139041611,
            1.0984750810179493,
            0.8402215865014805,
            0.5777006659871927,
            -0.24539699236930487,
            1.2847917690625312,
            0.4635203441360476
        ],
        [
            0.7041677620679491,
            -0.6118531078651716,
            -1.1966242653953338,
            -0.4474510549050764,
            0.0,
            -0.5188904466042725,
            -0.5663526078355672,
            1.3788858083927693,
            -0.8092665836291049,
            -1.4180532148374325,
            -0.7239897122051738,
            -0.8228595484981736,
            -0.8388927302721271,
            1.400754157678998,
            -0.3213850497713998,
            0.4822993273733914,
            -0.1083374735133013,
            0.48498804234138637,
            0.4383802829055249,
            -0.02824938777298793,
            -0.3505084923701552,
            -0.9724875808028635,
            -0.5154336546743745,
            -0.159427599856739,
            -0.993457567251583,
            -0.5883166527508317,
            -0.397768990783744,
            0.17936632241438852,
            -0.6290871650973895,
            0.006711680690857311,
            -0.35258988659652263,
            1.4663491810380993,
            -2.3456606363562327,
            0.39810519047223364,
            -0.5403720841806879,
            1.0178908040840433,
            0.40338577504002443,
            -0.6443045045431999,
            0.8068199841818737,
            1.5628218480839942,
            1.3992511096438407,
            0.15735146563839214,
            -0.5374434981210247,
            -1.1192304710998706,
            -0.8952068467655988,
            -0.796254553229738,
            -0.5591702139172322,
            -1.7689288775041063,
            2.3029671275071646,
            -1.2188349925068664,
            1.0615406341463636,
            0.3371616730890512,
            0.0009271785150886878,
            0.9346711906891693,
            -0.9452770823663647,
            -1.2034653810324416,
            0.8232136124136854,
            0.15923292898929847,
            -0.1638941800171015,
            0.42760660781704973,
            0.8386972006018775,
            -0.38834990841351097,
            1.5652406203750768,
            -0.3038945747412458
        ],
        [
            -0.1879097515514515,
            -0.2334700771051838,
            -1.8668723283331143,
            -0.3470168482544868,
            -0.5188904466042725,
            0.0,
            1.3173878509766574,
            0.21017286015355086,
            1.7531486444432682,
            2.4532483181790967,
            1.2250641077095834,
            1.824421747968484,
            -1.472326966928178,
            0.7796425349633052,
            -1.4500319839103906,
            -0.9415495023782904,
            -1.5999547451550211,
            2.0622695211017,
            -0.5128864918730559,
            1.2997052493162649,
            -0.4409115162053525,
            -0.7772736081491924,
            -0.11355232066981862,
            -0.3009628571268395,
            0.5102468885270693,
            0.045569448640328344,
            -0.5344852155498278,
            -0.6506744562166854,
            1.6313320555900312,
            0.7955156055552136,
            -0.9514835004435473,
            0.7982542941414665,
            0.40637986842946766,
            -0.8888508173415769,
            2.017001632402996,
            0.6184716312829998,
            -0.4909259925655274,
            -1.6952478210973436,
            0.6311769446878444,
            -0.6996410257448732,
            -0.09207618954736987,
            -0.2348938139112407,
            0.06819795447359397,
            1.887953843663804,
            -0.8604598635223666,
            1.2583822279690495,
            -1.5500875938161853,
            -0.8890562535665951,
            -0.2925922416905616,
            -0.7765687543012136,
            -0.19587970745943548,
            -1.3032162111733783,
            0.4228777670085591,
            -0.9822065185206738,
            0.21156671245576628,
            -0.8251285479536888,
            0.8393698699098364,
            0.8606475318091659,
            0.09087165124882321,
            -0.5506748548056994,
            0.8143043732359672,
            -0.43902277659346595,
            -0.16874742265289697,
            -0.9174783372954075
        ],
        [
            -0.3747907741558856,
            -1.0894649316277505,
            -0.2201575401542101,
            -0.32980825613439285,
            -0.5663526078355672,
            1.3173878509766574,
            0.0,
            0.3543360958395857,
            0.9743780856861166,
            -0.27840092075022516,
            0.3864050709810848,
            -1.2274448994732783,
            1.1890382171907905,
            -0.3915714085993578,
            -1.3555145821597598,
            -0.9768519083668638,
            2.3177589329358397,
            -0.7399028307709313,
            -0.7821865435395814,
            -0.22968309376050486,
            -0.46218798575305436,
            0.2301156947478455,
            1.3396670012852654,
            -0.944659773711399,
            1.715084839241306,
            0.05125989925201137,
            0.4303298737732372,
            -0.12023974401375565,
            0.6013059651045722,
            0.23171318395258156,
            1.432436604297068,
            -1.1470423887751626,
            0.9366025310638578,
            2.3229001131779223,
            0.23019083676279103,
            -1.4022964484066665,
            1.5235091060535524,
            -0.4349966126823054,
            0.5931290332960665,
            1.1727464348932306,
            -0.9669751235143571,
            -0.9460286138534205,
            0.009309476835333865,
            0.7050556471560725,
            0.37263250639833073,
            -2.047502605141341,
            1.0901584168246161,
            0.5278608474656414,
            0.7287639886574938,
            0.2502864854440059,
            0.021594805079392917,
            0.023707713831279714,
            -0.4461831016562537,
            -0.7310248560080076,
            -1.2379193892834024,
            -0.2887685062118159,
            -1.1014683875067726,
            1.526900501976771,
            -0.34003266474844285,
            0.36056624364771234,
            0.17345956871955878,
            1.5843085820598697,
            -0.05950871647723339,
            0.3469464529513734
        ],
        [
            -0.12288944324076419,
            0.4282579943004722,
            -0.5086633021825882,
            -2.9252160794829565,
            1.3788858083927693,
            0.21017286015355086,
            0.3543360958395857,
            0.0,
            0.03926000371380645,
            -1.09051888055788,
            0.6053459172638646,
            -0.6562304412412139,
            0.8338588854674522,
            -0.30747479656101634,
            0.0883195053191677,
            -0.3499094128061773,
            -2.418357418867175,
            -0.5139719208808669,
            1.4126093341229708,
            -0.18118305898408874,
            -0.5631900864974053,
            -0.9996220443485333,
            -1.1776427885995018,
            0.2078717738916591,
            0.6018165258584743,
            0.9861207525628487,
            -0.4264729013531573,
            -0.28996916021751135,
            1.128495096697566,
            -1.1398599267552534,
            -0.5237242091974349,
            -2.270728716627167,
            -0.126130988615005,
            0.7663992237076601,
            -0.39618773829340914,
            0.39687039513313266,
            -0.7819756183392929,
            0.053880466781368326,
            0.943098247587247,
            1.05171373712535,
            0.7541504341013079,
            1.504535287824349,
            -1.1275941950003483,
            -0.6066688446845204,
            -1.5788412181490905,
            0.816373853262414,
            -0.21030009577964417,
            0.7750321661005125,
            -0.7368409673210128,
            0.6728863141819189,
            0.4315121438747452,
            -0.6644523145103614,
            -1.8266308838290812,
            0.38509018904610165,
            -1.9130213253213908,
            0.6585902608703138,
            -0.5535537853772832,
            -0.8530086179926641,
            0.8427417586697489,
            -1.4328522973118547,
            0.11054219115884467,
            -1.3917246559260823,
            0.2939735062243288,
            0.6647640267246985
        ],
        [
            1.288383004826591,
            0.30213563861296455,
            0.37232830428646185,
            -1.2903384241618898,
            -0.8092665836291049,
            1.7531486444432682,
            0.9743780856861166,
            0.03926000371380645,
            0.0,
            0.26654692535088076,
            0.3513280083758713,
            1.0046344133059764,
            -1.2132369785874182,
            0.5037616326377133,
            -1.1314500061553234,
            1.01902669828958,
            1.0293676483312661,
            -0.8440993621429755,
            -1.5639826543115392,
            2.1541488733699996,
            0.8304532573568865,
            1.4392201941782052,
            -0.6229861721477393,
            -1.349924894392754,
            0.4304862628186806,
            0.9129531707741211,
            -0.3523037921889119,
            -0.9712758540511889,
            -0.1410346924813139,
            0.4963178872444147,
            0.15341231686679865,
            0.9195021012016461,
            0.1000018276899929,
            -0.0043182514779654384,
            -0.18699897622924755,
            0.3587902048179765,
            1.5475836996559786,
            -0.3998004364411208,
            -0.037503776544136586,
            -0.5688468424812148,
            0.42631159505928684,
            -0.21407205514063735,
            -0.8577287231109321,
            1.164199136602372,
            0.21195210531582298,
            -0.4285586872928521,
            0.354339123287798,
            -1.1804992674332324,
            -0.20759753188924385,
            -1.1514767784748903,
            0.5022120030009254,
            0.27711758317839447,
            1.123860231753872,
            1.0195787262287148,
            -0.6374807345324595,
            0.1726182706291311,
            -0.20549524164050043,
            0.9736490460735654,
            -0.5455408266990267,
            0.5302141756792552,
            -1.3006772257537904,
            -0.06454923618597219,
            -1.378689757176392,
            -1.2909863798255552
        ],
        [
            1.210445981428706,
            -1.983322967781227,
            -0.3085386311859139,
            -1.1272271884097984,
            -1.4180532148374325,
            2.4532483181790967,
            -0.27840092075022516,
            -1.09051888055788,
            0.26654692535088076,
            0.0,
            -1.7199622805675279,
            -1.6440091073183123,
            0.09152109870373092,
            0.051156229510942675,
            0.8917612247614752,
            -0.18355817476963435,
            2.1932842178373186,
            0.7010111511451301,
            -0.5855022169765747,
            -1.0171474444692075,
            0.16637673284731017,
            0.8442564294088235,
            0.6113031693126151,
            0.41252866463058613,
            -0.25218762219929897,
            -0.5521734925595516,
            -1.1694957675151443,
            0.46244977380018365,
            1.994090293744828,
            0.2632578223930518,
            0.015401416368771612,
            -1.2069372191675605,
            -1.2430313942867246,
            -0.864221106105089,
            -0.7496347053783643,
            -0.39287143401756286,
            -0.18864425310401428,
            -0.06364487097213575,
            -3.3097913474746234,
            -0.11890181306273906,
            0.7663271046170589,
            0.49535719936856726,
            0.9501303972610913,
            -0.36565897181498186,
            0.35979710789922575,
            0.783722765129679,
            -0.9690481933932226,
            1.0898053076405594,
            0.17246176089417806,
            1.3296080829437733,
            -1.621017519914195,
            -0.2156293747429578,
            -0.5308372251394775,
            1.1615020398841567,
            -0.13355209852114494,
            0.1250720042728983,
            1.5334894820904794,
            -0.6795222352346725,
            0.030468710799410877,
            -0.43148117687376,
            0.491614218234447,
            1.207144900371475,
            -0.5583785781124273,
            -0.9518458934781852
        ],
        [
            0.9350308593456833,
            2.0324850354774533,
            0.9726656016970787,
            -0.8020894290753923,
            -0.7239897122051738,
            1.2250641077095834,
            0.3864050709810848,
            0.6053459172638646,
            0.3513280083758713,
            -1.7199622805675279,
            0.0,
            -0.17241877331300265,
            -0.7465768281701107,
            -1.0682319799597173,
            -0.7611986274702478,
            -0.6288161013994182,
            -0.3733602472519986,
            0.21714164354214446,
            -0.24581628916707593,
            -1.147269615714149,
            0.6604784650643772,
            -0.8968013272701985,
            0.15431084054322572,
            -1.4888019275920963,
            -1.0240859771789392,
            -0.02558712610180176,
            0.07736799433933761,
            -0.9915634706888508,
            -1.146834194608943,
            0.1338046819703758,
            -2.092587414243724,
            -0.9685139204192398,
            0.39764902603904245,
            -0.09386317252290344,
            -1.5427767599198896,
            -0.0917641699049798,
            -0.04356923263514072,
            0.5135587371781741,
            1.1072325631920759,
            0.5992543650705926,
            2.13998040342858,
            1.1881335315852526,
            0.58010746508549,
            0.719500810652545,
            0.31259160011615467,
            -0.5387395411039076,
            0.060388249928989564,
            1.9396358777179246,
            1.095234069991299,
            0.4346914396350873,
            1.4000737107361545,
            -0.9180753954443677,
            -0.2843942900452867,
            0.11346072641093026,
            1.425274440736856,
            -0.38231842994247217,
            0.3040793217973046,
            1.5016971312131269,
            0.7728412254535902,
            1.6228576663702077,
            1.3205317064055502,
            0.5586915899134377,
            -1.7470174206939106,
            1.548575131618612
        ],
        [
            1.0167643881833928,
            -0.27052156986080084,
            1.625907742941087,
            -0.9931459342227651,
            -0.8228595484981736,
            1.824421747968484,
            -1.2274448994732783,
            -0.6562304412412139,
            1.0046344133059764,
            -1.6440091073183123,
            -0.17241877331300265,
            0.0,
            1.189124007256871,
            -0.5710472562917719,
            0.08211871803844102,
            0.5265682279736665,
            -1.709946407919017,
            1.9622707542474296,
            0.6384353704573594,
            -1.345808128566883,
            1.1356595901172422,
            1.304871331659841,
            0.746495557497918,
            1.0169746210847108,
            -0.879859328099415,
            0.3688685394310147,
            -0.8065284693302903,
            0.9920405552209941,
            -1.4620690382651973,
            -0.37607937059345964,
            0.4394607691029792,
            1.9375494891965244,
            -0.22988344288558027,
            -1.067636611074331,
            0.7159909049869565,
            -0.6790264590812654,
            1.0030360534317073,
            -0.41911412857016955,
            1.1845267400512878,
            1.2798689035174622,
            0.15422927236316022,
            0.20256838858077908,
            -0.5553589737400875,
            -0.19480337802441677,
            -0.2495477060080145,
            -0.9502393765752213,
            0.6969029961619427,
            -1.6465014004467908,
            1.0236031958807374,
            -0.2075118301055896,
            -0.8887304372408956,
            0.8685433328570917,
            0.5930793744885976,
            -0.12230379142048096,
            -0.8036994406485642,
            -2.9402306902525077,
            0.7554482418461572,
            0.3891914921103189,
            -0.6929142672354519,
            -0.41638143080447076,
            -0.7079335682979818,
            -0.6701949277263052,
            2.1069489455417,
            0.26245793633688985
        ],
        [
            1.2861020008910051,
            -0.247209950936994,
            -2.0595415210935775,
            -0.7296191646508553,
            -0.8388927302721271,
            -1.472326966928178,
            1.1890382171907905,
            0.8338588854674522,
            -1.2132369785874182,
            0.09152109870373092,
            -0.7465768281701107,
            1.189124007256871,
            0.0,
            -0.8399688204303185,
            0.9904968841071153,
            -0.1510991412836386,
            -0.8803372764465949,
            0.34289912398789113,
            0.20672261367379208,
            0.4284016735039006,
            -0.32566068579980484,
            -0.8543128756536182,
            0.07638688166780117,
            -0.637692735946014,
            -1.606801399502478,
            -0.38638269204023656,
            -0.10940213189092443,
            1.8751614193712285,
            0.8215245226432517,
            2.4409120583986224,
            0.41018281787472577,
            0.32902695196724785,
            -0.7336286344033869,
            -2.307178414819093,
            -0.5029542808549978,
            0.5053250395879716,
            0.9097654345860107,
            -0.8856789103464872,
            0.05803220960503616,
            0.6485369549257683,
            0.5954624106056179,
            -0.37421996620906833,
            -0.26599492552325216,
            0.6365545434389481,
            -1.5609497157464003,
            -0.42566448298002196,
            1.1195258022530663,
            -0.5898567023568332,
            2.008887561311468,
            1.9040700704110598,
            -0.29476235799703326,
            0.1177262613171956,
            1.6204247730705188,
            0.2524406111273009,
            1.6894294569424941,
            -0.10696436267844459,
            1.232290366659519,
            2.955035044088727,
            -0.2901610578327794,
            0.2357556147014782,
            1.674189195454944,
            -0.36840859643760965,
            -0.4199737265703537,
            0.2862224360896163
        ],
        [
            1.0932286503034707,
            1.145090405577609,
            -0.12980541704363915,
            -0.712637105789336,
            1.400754157678998,
            0.7796425349633052,
            -0.3915714085993578,
            -0.30747479656101634,
            0.5037616326377133,
            0.051156229510942675,
            -1.0682319799597173,
            -0.5710472562917719,
            -0.8399688204303185,
            0.0,
            -0.015977233007959776,
            0.6613694182315054,
            -0.9289468755099265,
            1.291733997973868,
            0.5666173307479546,
            0.186555251655752,
            -0.15600639667169722,
            -0.43575819214369693,
            -0.1465650259857911,
            -0.4643845764275178,
            0.4695652220860674,
            -0.8739213888721484,
            0.32646837913312815,
            -1.008233948965504,
            0.5034212002883481,
            1.1896021442532387,
            0.37668096995630396,
            -0.29221226351155005,
            -1.3927618228643324,
            -0.7204809773815315,
            0.17204577646335145,
            -1.9706892013828625,
            1.083281178665412,
            -0.1828275844411213,
            2.231570481489549,
            1.5032982261079948,
            0.5464831254053809,
            0.3043394850411147,
            1.1055840031104025,
            -1.9767773745727835,
            -2.0812785752121665,
            0.7665309838355875,
            0.20626173337185108,
            0.0007556855571290501,
            -0.455131224459494,
            0.38588458849196905,
            -0.6221379676170193,
            -0.7759524250438459,
            0.5003746732056826,
            -0.8757265886240548,
            -1.371959213882591,
            -1.0420738806886793,
            -0.09253922999702342,
            -0.5816424599191221,
            -1.2375380032855872,
            0.404142294610702,
            1.3529438567545515,
            0.19044073146543686,
            -3.091444612626138,
            -1.4369975685045595
        ],
        [
            -0.7066555397094789,
            0.03433523411420858,
            0.3608301631722118,
            -0.2273618264949465,
            -0.3213850497713998,
            -1.4500319839103906,
            -1.3555145821597598,
            0.0883195053191677,
            -1.1314500061553234,
            0.8917612247614752,
            -0.7611986274702478,
            0.08211871803844102,
            0.9904968841071153,
            -0.015977233007959776,
            0.0,
            0.3369785114162075,
            -0.1322600959751991,
            -1.108224250990846,
            -0.5792825482275192,
            -0.3381824286084963,
            0.13732380435837285,
            -0.8699122974758456,
            0.96203764426383,
            -0.24161634278461883,
            0.31054187082515616,
            -0.8287443685311049,
            0.47147076192071347,
            -1.2057693010609154,
            1.1964913855667545,
            -0.669333902477036,
            1.5141356110022153,
            0.06596444404264773,
            0.2172185263682542,
            0.9239912261811515,
            1.2515363605626482,
            -0.12509825620988513,
            1.099155487827321,
            -1.198858623204466,
            -0.3665594904307079,
            0.11943056459056942,
            -0.34699435826011277,
            -0.5245521212749694,
            1.2993919970383967,
            0.6601960752054933,
            -0.017667277131742286,
            -2.6219781414609766,
            -0.388565830774837,
            -1.2489890030078423,
            -0.495394977537173,
            -0.35765961732397794,
            -0.045578857787473594,
            1.3378024998937372,
            -2.466404403791101,
            -0.4402027257229094,
            -0.3783258070317095,
            1.1022065598583173,
            0.5963808933881364,
            -1.3364606177886378,
            0.9643926136129941,
            -0.2044575373249556,
            -0.4335073328532458,
            -0.8021421255709968,
            1.2866938810243032,
            0.4184966491683765
        ],
        [
            0.42935269153857114,
            -1.0859248952632246,
            1.1862457445161112,
            -0.008859519459954206,
            0.4822993273733914,
            -0.9415495023782904,
            -0.9768519083668638,
            -0.3499094128061773,
            1.01902669828958,
            -0.18355817476963435,
            -0.6288161013994182,
            0.5265682279736665,
            -0.1510991412836386,
            0.6613694182315054,
            0.3369785114162075,
            0.0,
            1.89397193382823,
            -1.448914777170426,
            0.5278884144120334,
            -0.19344245461476312,
            -0.5724885359911605,
            0.6326973365862911,
            -1.4686086604353539,
            0.684478608237068,
            -0.5035431583679745,
            1.8845841560347867,
            1.0820690802349178,
            1.242560294088973,
            0.8925828194966138,
            -0.11243744009877889,
            1.5812803992490723,
            -1.5095629294023116,
            3.4801564995816925,
            0.4267190896801765,
            -0.5412153573433635,
            -0.9007343393662852,
            0.5917481147080443,
            -1.3252070475463826,
            0.7630970616319612,
            0.792079878118145,
            -0.2221200398853129,
            0.18607720629477992,
            0.2488186172677038,
            -1.3623961164605334,
            -0.29665031106739836,
            1.7798150150207201,
            -0.04827192403913122,
            1.423205840472498,
            -0.4811041627576341,
            0.24896772942286768,
            -1.2246523955100896,
            -0.8248002979233361,
            0.07324610804931542,
            -0.20545855511912425,
            -1.3222660763745295,
            -1.5912845119785404,
            -1.931351442451613,
            -0.6174762638926505,
            0.37253433341518527,
            -0.5791122219588792,
            -0.11518089640322071,
            -0.45954505221455905,
            -1.0769233172639372,
            1.241779560640993
        ],
        [
            0.04433418841744517,
            -0.5717195280338171,
            1.6753262548542567,
            -1.302988059506807,
            -0.1083374735133013,
            -1.5999547451550211,
            2.3177589329358397,
            -2.418357418867175,
            1.0293676483312661,
            2.1932842178373186,
            -0.3733602472519986,
            -1.709946407919017,
            -0.8803372764465949,
            -0.9289468755099265,
            -0.1322600959751991,
            1.89397193382823,
            0.0,
            -0.11550674804201988,
            -1.1618903264326146,
            1.647195364092034,
            -1.9045878871400859,
            -1.2473411717721148,
            0.023077096388631695,
            -0.132078857992872,
            -1.3951458033511361,
            0.8479614797668926,
            0.9431190800354111,
            -1.6674351882652376,
            1.2663700541909986,
            -0.10708949720038614,
            1.407093785012637,
            -0.8469644738468359,
            1.4248442926950964,
            -0.12913059224353599,
            -1.7348822511511557,
            -1.9205177840318541,
            -0.06238150323625413,
            -1.2830158130042668,
            0.019850167688182506,
            -0.8343024052983823,
            1.9189147660764976,
            0.34673396281740576,
            1.0387333648789343,
            1.1628021592069964,
            2.2051190156700464,
            0.5040554951410187,
            -0.2881971245627161,
            0.5703191042917151,
            -0.35269057300387147,
            -0.5140958921711817,
            -1.1699322005784811,
            -2.3732021063727373,
            1.2188676596340866,
            -0.07358462269241067,
            0.4980235599694001,
            -0.5391619913762383,
            -0.1493318813606509,
            0.9910449655600009,
            1.3049630421268614,
            -0.8734850527817579,
            0.3348350225529247,
            0.0905375207118326,
            -0.2472383851594757,
            -1.2119957778637738
        ],
        [
            0.18534906897297668,
            0.30064728223713993,
            -0.10983542167404049,
            -0.4489482955431286,
            0.48498804234138637,
            2.0622695211017,
            -0.7399028307709313,
            -0.5139719208808669,
            -0.8440993621429755,
            0.7010111511451301,
            0.21714164354214446,
            1.9622707542474296,
            0.34289912398789113,
            1.291733997973868,
            -1.108224250990846,
            -1.448914777170426,
            -0.11550674804201988,
            0.0,
            -0.035948541662026934,
            -0.0950677951744976,
            0.11341099102874175,
            -1.3886694233503576,
            0.5759692992898768,
            0.2346967372968894,
            -0.6873829133097511,
            0.8420689577270832,
            1.0712104830271967,
            2.0308494897754885,
            -0.15394122722132014,
            -0.25831001468547854,
            0.21408634132419033,
            0.4900332381466402,
            1.2442261402851655,
            -0.1565686438993515,
            0.34344921817011154,
            0.85774711699365,
            2.288045640060475,
            -0.34871534646858876,
            -1.1772229180865799,
            -0.8482996553597931,
            1.4970027412435003,
            0.5199768467419753,
            -1.0179527128969423,
            -0.26673074986188,
            -0.26931567305673215,
            0.2997411515601375,
            -0.8855003006495883,
            -1.1680933192460017,
            0.9624210027464286,
            0.23309637209359718,
            -0.9175072005464155,
            0.04096153199935512,
            -1.5925861031450677,
            0.22133676705310582,
            -0.7907984943865204,
            0.5877440527101483,
            -0.06535117178631074,
            -1.0657376713570925,
            -0.008076721002751606,
            1.378582751739664,
            -0.48141381204086764,
            0.45464371505321993,
            0.06276548598336745,
            -0.21793046288343987
        ],
        [
            1.5786686200287319,
            -0.4264470510623867,
            0.5650351720684255,
            -1.1279183183938566,
