{
    "N": 64,
    "id": "5e97b83d-dd95-4ad3-b4a6-b61b9cc154ef",
    "problem_type": "SK Spin-Glass",
    "distribution": "gaussian",
    "spins": [
        1,
        -1,
        -1,
        -1,
        1,
        1,
        1,
        -1,
        1,
        -1,
        -1,
        1,
        1,
        1,
        -1,
        -1,
        1,
        1,
        1,
        1,
        1,
        1,
        1,
        -1,
        -1,
        1,
        1,
        -1,
        -1,
        -1,
        1,
        -1,
        1,
        -1,
        1,
        -1,
        -1,
        1,
        -1,
        1,
        1,
        -1,
        1,
        1,
        -1,
        -1,
        -1,
        1,
        1,
        1,
        1,
        1,
        1,
        1,
        -1,
        -1,
        -1,
        -1,
        1,
        1,
        -1,
        1,
        1,
        -1
    ],
    "couplings": [
        [
            0.0,
            2.186900121482219,
            0.26318204116241867,
            0.4524157677315703,
            -0.36752163118369974,
            0.23853744598601312,
            -1.15716922413464,
            1.9766833584374794,
            0.0465172261609656,
            0.608306265230637,
            0.0843822041398262,
            -0.8355583880674365,
            0.3969636228099441,
            1.0293538170669831,
            -0.7653646998276903,
            -2.479517794033517,
            -0.0255049968031381,
            -0.35715031259894053,
            -0.7702046757118587,
            0.4035876262604314,
            0.3254358806884436,
            -0.699854430984917,
            -0.024970931181607658,
            -0.6828135285559982,
            -0.17504768549928554,
            1.3925007528698954,
            -0.8206906917663911,
            0.7926718393809998,
            -2.1087293146515935,
            1.5110277827035836,
            -0.7499671842722434,
            1.8452136876455103,
            -0.6522939486146229,
            0.8808573931274533,
            -1.1058510392404632,
            -0.33911841921498376,
            0.3737987081571582,
            1.0623907487085924,
            -0.9152477524942096,
            -2.1132986589398377,
            -1.4769565576623171,
            0.7779730790727076,
            -0.3263579015339908,
            -0.8490680168547172,
            0.9655327409609756,
            0.754140550699502,
            1.9306277579492368,
            0.670612205703957,
            -2.0919193977045087,
            -0.3213409562827304,
            1.100643565872953,
            -0.018762770173666177,
            -0.8212065566716241,
            -0.13028863763711288,
            -1.0863620671146503,
            -0.33143028715083767,
            0.696598372136787,
            -0.9705767111363283,
            0.05873721796854178,
            0.9391175673886346,
            0.7193375450232592,
            1.2431089180729984,
            0.40388186691612565,
            -1.685338454244967
        ],
        [
            2.186900121482219,
            0.0,
            -0.5136500939964734,
            -1.169425926051307,
            -0.38775715583453846,
            0.5618828631472451,
            1.255989205588499,
            -1.0245118003968223,
            0.17363689479504812,
            0.12408531692316023,
            0.7789927483758862,
            -0.8372499784743429,
            0.22777026109192677,
            -2.011930550851108,
            -0.48527544646088694,
            -0.08452413518479122,
            0.1042055977635888,
            0.7756210104104535,
            -1.0004384806346327,
            0.8608612387761407,
            -0.4857535612411238,
            -0.36852146176701,
            0.917805382512447,
            0.36604071127915455,
            1.0941549543952538,
            0.06869995658482038,
            0.45087144148093716,
            0.3628995441334941,
            2.578019502481003,
            -1.743194314469464,
            -0.023250725251130106,
            0.35985554314371426,
            1.9107161839428966,
            0.514031521783403,
            -0.7203468365052522,
            0.48686289466408983,
            0.8607052765505835,
            -1.4182088758411788,
            0.38817446327560545,
            0.052885417719429464,
            -0.37476545624391344,
            0.5119525550190378,
            -1.2112451797413162,
            -0.9623853821994892,
            -0.7032302453801228,
            0.9991157667252306,
            1.7530081769969807,
            -0.23166672714026035,
            -0.47779074428339946,
            1.0228813983902207,
            -1.1836298868185737,
            -1.0825735448825116,
            -0.5629308834193242,
            0.46124506186293074,
            0.17831556979228383,
            1.325842959912974,
            1.1856962723888367,
            0.6978504911445966,
            1.81019939559161,
            -1.8940585333200934,
            -1.372927011866755,
            0.8887134758163376,
            -0.08902086399560931,
            -0.02817612621454583
        ],
        [
            0.26318204116241867,
            -0.5136500939964734,
            0.0,
            0.3785730709246973,
            0.03512752497635921,
            0.5122914053697527,
            0.8194501907558219,
            -0.41789857499400807,
            1.052930095794309,
            1.0112116508326647,
            -0.26743500029798684,
            0.12255020867588504,
            -0.48972645569203094,
            1.9088976650028298,
            1.0098152190694,
            -0.009382156883164794,
            1.288552886918417,
            -0.02906860734232401,
            -0.7778118376079121,
            0.4849233986785332,
            0.07351362260011089,
            1.0696688825722684,
            -1.2386061819496972,
            -1.0316898878449907,
            0.5959490347581493,
            0.4347637333336156,
            -0.7042877081767778,
            0.6481944287086683,
            -0.4883616283382596,
            -0.9402028689252926,
            -0.5724393758767694,
            0.3477247035708527,
            1.9677543509255682,
            0.004861543662049948,
            0.5295607606054858,
            1.1358101137586556,
            1.8248958988702115,
            0.29283752835368204,
            -0.18534172160117995,
            -0.8530757405942418,
            2.6588693569416417,
            -1.0060363580707663,
            -0.35311287573864114,
            -0.4748599146799521,
            -0.5699430125208114,
            -0.2931292288348644,
            -1.5129741539682393,
            -0.47345807647588756,
            -0.970864821276539,
            0.007496867559006007,
            -0.21535310039958128,
            -0.02494537037925509,
            -2.051314798983591,
            2.7988327505119743,
            0.6174877433490104,
            -1.8234013064268717,
            0.19090322934185372,
            1.7388109952563895,
            -0.1571988746868101,
            1.8853669392379224,
            -0.7574433988007329,
            1.705026697889424,
            1.15868043089637,
            0.06995306991172374
        ],
        [
            0.4524157677315703,
            -1.169425926051307,
            0.3785730709246973,
            0.0,
            0.4804711719345862,
            0.42733102893542735,
            -0.38517639242775864,
            -0.6797482801273188,
            0.0555188990371623,
            0.7486745687106026,
            0.25212353804908416,
            1.2229341716678153,
            -0.20141999337930955,
            -0.3451353653185027,
            0.01062440971943451,
            0.29702127585337396,
            0.657270486568377,
            -1.0830600805315596,
            1.125126113043955,
            0.4949325090700944,
            -0.49272392844125923,
            -0.03518357973739094,
            -0.5710719060844898,
            0.12979780788895526,
            0.42056145659133165,
            -0.6241665431121681,
            1.6208632102018699,
            -0.5508187389351307,
            1.0164810540176294,
            -1.3395219713999384,
            -0.04835671348709033,
            -0.5253953851859059,
            -0.29386722353450123,
            -0.044353436003476104,
            0.29211341907584343,
            -1.351171579677752,
            0.8089911909922893,
            1.1330283574708642,
            -1.0461053813683876,
            -1.2826956560544702,
            1.882293716369187,
            -0.41699781835170685,
            0.9319279468258819,
            -1.730768259696888,
            0.9360728438841209,
            -0.6619194152115733,
            1.7334755204432453,
            0.49278112192893553,
            -1.1512324636454119,
            0.36898261165022544,
            0.6287028367294595,
            0.4126647417771484,
            -0.21523476070718225,
            -1.1802993351237063,
            -1.2105962937297254,
            -0.1317265579798209,
            0.6882854894227767,
            0.561021584267665,
            1.4361854597471018,
            -0.24337273562815276,
            0.31914616312257055,
            -0.9965327499342759,
            -1.0379901490385703,
            1.2468069716425412
        ],
        [
            -0.36752163118369974,
            -0.38775715583453846,
            0.03512752497635921,
            0.4804711719345862,
            0.0,
            0.07442586925697747,
            0.7715312040356974,
            -0.6058765257421767,
            0.45503562494681515,
            1.8934681317216033,
            -0.25541819418253736,
            -0.23857723629251212,
            -0.9541452324687385,
            -0.4704316679080268,
            0.31540049838242484,
            -1.072754710348537,
            -0.5509116197464559,
            0.7888364745667192,
            -1.2374369272523114,
            0.1093746891122954,
            0.03684546572718708,
            -0.41707429178083216,
            -0.9116687827937987,
            0.20315963364136547,
            -0.25344395136248793,
            0.9577386819445977,
            -0.9238569883546038,
            1.2817781669409865,
            0.6782053283530233,
            1.0197920598113033,
            -1.5630004394469919,
            0.20378156237817993,
            0.7666078724233739,
            -1.1101715830824666,
            0.28407752314095003,
            -0.5603795972234331,
            -0.03544167482997923,
            0.06616394961498645,
            -0.5294287760195296,
            1.9100449428558108,
            1.2521283667782388,
            1.454938065691679,
            0.6647455698613746,
            -0.11466667106481354,
            0.21878712956022753,
            -1.1701192115683938,
            1.5781598791729778,
            -0.014191619168042967,
            -1.2948467251702056,
            0.6674023192374205,
            0.07621440886924767,
            -1.2713112531236814,
            -1.424489671881452,
            0.1674313669725886,
            0.06313861952607644,
            -1.121880195490577,
            2.4862111584033277,
            -1.2492751142957954,
            -0.7502984411559831,
            0.5385897565510944,
            0.46083739775870886,
            1.5245000352947529,
            -1.9145066036447944,
            -1.0096592417628696
        ],
        [
            0.23853744598601312,
            0.5618828631472451,
            0.5122914053697527,
            0.42733102893542735,
            0.07442586925697747,
            0.0,
            0.19061270125636362,
            -0.5189085178442134,
            -0.8219556692577552,
            1.4473363832924058,
            0.03990865156160259,
            -0.30608093697046,
            -0.673220266060841,
            -0.06081787169169391,
            -0.35531476969774584,
            -1.1745634536821243,
            0.8336270608060332,
            1.761203523219692,
            0.3123511223996607,
            -0.4362708012331766,
            0.07219186991171003,
            1.1223707301327215,
            0.3163839661625343,
            -1.119441812632827,
            0.3294477729213416,
            1.1400884786708556,
            -1.720042714459698,
            1.1800797380355013,
            0.6076279079761996,
            -0.4685392378244256,
            -0.7030293338058162,
            -1.0185528787126727,
            -0.6212509435860781,
            0.4368145270698451,
            -0.9088047496347512,
            0.35843686420414633,
            1.5876934345327827,
            -1.1177408455753162,
            1.290538433455786,
            -0.2742396327559411,
            2.3468446362702284,
            3.167711484419837,
            0.8044512984637081,
            1.1433966812470777,
            1.8573529932760513,
            -2.064152797838284,
            1.4644978012337975,
            2.607302784774009,
            -0.4566600455770905,
            0.8396210047427797,
            -0.10633076481812073,
            -0.034810177804719976,
            0.20782119556922207,
            -0.3324196994443302,
            -0.6561184254539597,
            -0.8673481966702109,
            -0.035891001071633115,
            -0.5329458652951911,
            -0.09931531195927587,
            0.31117754332736897,
            2.2473860335798164,
            0.3232738307474364,
            -1.3636213512707667,
            0.4213235634776426
        ],
        [
            -1.15716922413464,
            1.255989205588499,
            0.8194501907558219,
            -0.38517639242775864,
            0.7715312040356974,
            0.19061270125636362,
            0.0,
            -0.9840629696536276,
            -0.4263834435129673,
            1.2138010565533688,
            1.3285272491027589,
            0.7381800359058259,
            0.3112162540294548,
            1.0124248353347183,
            0.1163768182723194,
            1.6942308526914995,
            0.01737973836396885,
            2.1017102276498547,
            -1.0066796750014668,
            -1.1352490191242561,
            -0.31981730261114866,
            0.6996375989026227,
            -0.04214982532164763,
            0.31977115122095345,
            -0.8236848203110961,
            1.4948425432297083,
            -0.3351690062915875,
            1.092938422458867,
            0.45073854863728496,
            -1.2120918222828778,
            0.8533348279703367,
            -0.2748633719868162,
            0.7041629190077514,
            -0.5786080247497801,
            -0.30275507673063473,
            -0.7474278423923485,
            -0.27899868389737786,
            -0.9102087105552018,
            0.20132299113463822,
            1.5423389372587681,
            -1.957973940664015,
            -2.269639968379275,
            1.881106935491332,
            1.1466403522115045,
            0.0824895274827419,
            0.39803253612144246,
            -0.6602268331784913,
            1.1759841670814069,
            0.19611781586152496,
            -0.3354699542497866,
            0.7977290936274671,
            1.1762401183237512,
            -1.4236952056923227,
            -0.6569243800341867,
            2.4901565847824854,
            0.42332973426526926,
            -0.045259595351083426,
            -0.19798580195660462,
            -0.20237132539335406,
            0.3385117018970905,
            1.1983889514411887,
            0.393114142089137,
            -0.9510403959693414,
            0.8959024661860552
        ],
        [
            1.9766833584374794,
            -1.0245118003968223,
            -0.41789857499400807,
            -0.6797482801273188,
            -0.6058765257421767,
            -0.5189085178442134,
            -0.9840629696536276,
            0.0,
            -2.2840833376152085,
            -0.22089488447675934,
            -0.6012819265560494,
            -0.29150660619699537,
            1.9387756382034897,
            -1.067157214786161,
            1.3379396304763562,
            -0.04059538831295992,
            0.4766454543427863,
            -1.078786350809071,
            1.1725912738326778,
            -0.377538483886813,
            -0.3957593680563156,
            0.5158826400855989,
            -0.381123075684706,
            2.214646291000635,
            0.5513238067740337,
            -0.23518529645336614,
            -1.6236032850663882,
            0.44556619874797887,
            1.060097423740354,
            -0.5710681716705955,
            0.3240508591573842,
            0.9386317916291043,
            -1.1531848549292687,
            -1.4710500298223348,
            -0.4383747724951885,
            0.5916874756887838,
            1.8665846362381049,
            -0.19219952073947547,
            -0.3316528385346885,
            -0.08631246275749042,
            -0.07165369192329926,
            1.7711817233215663,
            1.5787743119457363,
            -0.34681114157083365,
            1.7875481858608129,
            1.322374676573057,
            -0.5571030435043057,
            -1.008743659606441,
            0.4955899369527419,
            0.7468486448216293,
            0.22311901386335248,
            0.36856592696381696,
            0.20890689841207932,
            -0.8061386615399528,
            0.09585022227707367,
            0.7924002033246509,
            -0.6776765675048019,
            -0.6836408114649923,
            1.5688363812394728,
            0.1971781952171918,
            -0.727662169351466,
            1.9933120001467808,
            0.664930417447247,
            -0.09458300006690955
        ],
        [
            0.0465172261609656,
            0.17363689479504812,
            1.052930095794309,
            0.0555188990371623,
            0.45503562494681515,
            -0.8219556692577552,
            -0.4263834435129673,
            -2.2840833376152085,
            0.0,
            2.2410119150248797,
            0.13235147423480725,
            0.2930298472918064,
            1.7702565703438675,
            0.5418263131107256,
            0.9431698191118228,
            1.7631348624359982,
            -1.0704520672749365,
            -0.47905068644839205,
            0.4862160745245769,
            -0.5540355039398595,
            -0.727852613975372,
            -1.2439678417326203,
            0.18180436606224418,
            -0.35392227025373946,
            -0.18722975773556538,
            1.1198420710122003,
            0.7061099128884202,
            -0.7795558806091788,
            1.1732889815415817,
            0.1803835129783096,
            0.20140992043802075,
            0.699182180817917,
            0.7061716551067058,
            0.31860796601341773,
            0.3377768499738822,
            2.407675701466511,
            0.5750194926582639,
            0.6595852312822653,
            -0.27474857410934206,
            0.628976683420932,
            -1.043852498809721,
            -0.15172343293724944,
            -0.2899761677520053,
            -0.5977168019382056,
            -0.8993505799031749,
            0.15461802742277703,
            0.6954486823844744,
            -1.7471326410446124,
            -0.002678930733922121,
            -0.34296804053608326,
            -1.2806610578333975,
            -1.3725492014386254,
            -1.3610800520881743,
            0.2938556942916275,
            0.3577913071834222,
            1.4193044156291441,
            -2.161081161953456,
            -1.3428483526160695,
            -2.730366317046158,
            0.43160258333920476,
            -0.2307738594365336,
            -1.4660231749707264,
            -1.0988511892697261,
            0.13168520670499081
        ],
        [
            0.608306265230637,
            0.12408531692316023,
            1.0112116508326647,
            0.7486745687106026,
            1.8934681317216033,
            1.4473363832924058,
            1.2138010565533688,
            -0.22089488447675934,
            2.2410119150248797,
            0.0,
            0.4482417132237874,
            1.4616810462163692,
            2.310786874237182,
            -0.38801035420955376,
            0.17150759130280868,
            0.47421752130682276,
            0.7034399015502423,
            -0.4934755298725158,
            -2.6246666568957995,
            -1.3488167258931298,
            -0.28480167538221074,
            -2.195254735755562,
            -0.11824934483578513,
            0.6762230380080171,
            0.22683288625502243,
            -0.6309520121393022,
            -0.6795670374808829,
            -0.22713854725062335,
            0.22778163467866172,
            -0.32928310817258494,
            -0.2653228145743287,
            -1.0296215538900122,
            0.3549074837105477,
            -0.6154442649756025,
            0.864718101720846,
            1.0285795807685199,
            -0.18499413843915896,
            -0.6017883204428642,
            1.2540173387012221,
            -0.1584687016159265,
            0.8184733916957774,
            1.2740076754187397,
            -1.3169105153888228,
            0.10689459585295531,
            -0.0750202541891663,
            0.9195687759642047,
            -0.05414669199562499,
            -0.7252631476287323,
            1.0784925376327108,
            0.11118078398685127,
            0.15335015863617307,
            0.6944066836301047,
            0.932383652094464,
            0.8933953500823674,
            -0.48177704025070667,
            -0.8110665851911337,
            0.5091534990000665,
            -1.339320979013781,
            -0.6983566028457949,
            0.24160242208193225,
            0.0004227339222085144,
            -0.1646807071969966,
            0.14264716875650085,
            -1.3879344838911487
        ],
        [
            0.0843822041398262,
            0.7789927483758862,
            -0.26743500029798684,
            0.25212353804908416,
            -0.25541819418253736,
            0.03990865156160259,
            1.3285272491027589,
            -0.6012819265560494,
            0.13235147423480725,
            0.4482417132237874,
            0.0,
            -1.4529380961313603,
            2.203110730910495,
            -0.07669325182581742,
            0.3632753233233218,
            0.11459100683903008,
            0.9635803971904245,
            0.08370894213078357,
            1.3532817375855124,
            1.6023791863332844,
            0.7755799784626334,
            -0.9295990567810295,
            -0.021074161454045934,
            0.5231964504544901,
            0.9977256515037191,
            0.7912198827537638,
            -0.3756369650794585,
            -0.040203811245832076,
            -0.788763973980942,
            0.6304421500971636,
            0.16979455885305691,
            -0.8244062177761126,
            -1.2636801573020593,
            -0.02582229406308766,
            -0.25867716532569435,
            2.408054087375013,
            1.4040006500554905,
            -1.25779363676254,
            1.2133525193649175,
            0.38847366112865606,
            0.18811108864476192,
            -0.4969173067506529,
            0.5393219484523872,
            -0.4005931289416203,
            -1.122757616389942,
            -0.661878112224482,
            0.14901271023940788,
            -0.5464089806397349,
            0.06693165013319398,
            0.3103961431837286,
            1.0897299643412715,
            1.3006060444534104,
            -0.11210836695802268,
            -0.7276238651264871,
            1.6617029624909039,
            0.1385036055995351,
            1.3984338486438175,
            0.2838549390718683,
            -0.03509813795991161,
            0.5299934948017436,
            0.10753149135132116,
            -1.8857507475679214,
            -1.4208947163195953,
            0.6867848553863566
        ],
        [
            -0.8355583880674365,
            -0.8372499784743429,
            0.12255020867588504,
            1.2229341716678153,
            -0.23857723629251212,
            -0.30608093697046,
            0.7381800359058259,
            -0.29150660619699537,
            0.2930298472918064,
            1.4616810462163692,
            -1.4529380961313603,
            0.0,
            0.8226422337103776,
            0.13506541376673167,
            -0.6411779178454605,
            -1.2278884314529912,
            0.5936548773876398,
            0.35716589178086666,
            -0.496755375692728,
            0.4202294064444657,
            -1.2604039192306573,
            -0.4430913243448945,
            -0.525458624894528,
            -0.7176768163442897,
            0.41019948191725036,
            -0.3927628168608251,
            0.3859956816236665,
            -1.8592713711935263,
            1.366721523770893,
            -0.6766317880235987,
            0.18677466141143464,
            0.7086899399368578,
            -0.14220369229667,
            0.3797941209733846,
            0.6368034301417621,
            -0.23756003850251647,
            0.6784754415174633,
            -0.9533143108690153,
            -0.9905315607994121,
            -0.04830962684801841,
            0.29673056186212027,
            -1.2821444574281826,
            -0.5087638716187969,
            -0.8208242140643296,
            -0.2956823730275315,
            1.1994241912934134,
            -0.5031824539416829,
            -1.147722069072899,
            1.0440702230951056,
            0.27446724607954665,
            -0.25852892098730446,
            -0.27707320625368004,
            1.1897283144901247,
            0.8043788975281522,
            1.5257487149061062,
            -0.6549545136740932,
            0.2767563282409462,
            -1.9708577526618811,
            -0.802507830581846,
            2.01419335550578,
            -1.0595704418882965,
            -0.9244392587219222,
            2.0979705059352565,
            -0.5588586715491114
        ],
        [
            0.3969636228099441,
            0.22777026109192677,
            -0.48972645569203094,
            -0.20141999337930955,
            -0.9541452324687385,
            -0.673220266060841,
            0.3112162540294548,
            1.9387756382034897,
            1.7702565703438675,
            2.310786874237182,
            2.203110730910495,
            0.8226422337103776,
            0.0,
            0.6031592122183173,
            1.2158006618039574,
            0.5617205196169167,
            0.36390722266041964,
            -0.8925347006438042,
            1.2001036413685229,
            -0.8094831954036756,
            -1.3791792857540544,
            -1.6620285978005824,
            0.5166820392849151,
            -0.557447754571662,
            -0.12989158679586535,
            -0.6226582724900925,
            0.8922548253966561,
            -0.5008606381951408,
            -0.1479743026773199,
            -0.49963712686292344,
            -0.4438747360357497,
            -0.37104178162804485,
            0.5077282021660382,
            1.1169979848396605,
            -0.8225681862200654,
            0.49319132807324106,
            1.021454665369535,
            1.5374076304274191,
            1.8672440808622106,
            2.435144489134997,
            0.9820446314020328,
            -0.2684393937477049,
            -0.412754708712556,
            -1.8135072335329046,
            0.41392961752889895,
            0.21253839749119285,
            -0.07528559941329703,
            0.5707297494234714,
            -0.1556725027646679,
            0.11909372518125128,
            1.5238945951005691,
            0.24412846450022516,
            0.05087648931395984,
            0.2220555901933562,
            0.12908849129205874,
            -0.277204522095623,
            0.20384313291727796,
            2.187421640964882,
            0.16067133091985053,
            -0.026475605093941444,
            0.14921066345276446,
            0.6450477804679347,
            -0.3892951353856728,
            -0.8109470431671859
        ],
        [
            1.0293538170669831,
            -2.011930550851108,
            1.9088976650028298,
            -0.3451353653185027,
            -0.4704316679080268,
            -0.06081787169169391,
            1.0124248353347183,
            -1.067157214786161,
            0.5418263131107256,
            -0.38801035420955376,
            -0.07669325182581742,
            0.13506541376673167,
            0.6031592122183173,
            0.0,
            -0.8830527221094359,
            0.9944545717940223,
            0.6858762329754542,
            0.10501875662884891,
            -0.9177890696499226,
            -0.4657465122058538,
            1.0118759923357499,
            0.8739559564555232,
            0.3437681882859834,
            0.5165440737577495,
            -0.08204165522975677,
            0.9034081072627923,
            -1.3174645501370856,
            -1.2686892031107273,
            1.5346900267381163,
            0.09414232655204192,
            -1.397361945821218,
            2.1644865095291284,
            -0.8825451369149497,
            -0.6967851583417372,
            -0.7767673983083287,
            1.049294530628039,
            -1.1114370681606844,
            1.7178417501948509,
            0.6329534031076709,
            -0.36881923089718877,
            0.3233651959726983,
            2.2499367588259056,
            -0.05269416392230232,
            0.8510637982237734,
            1.0309562794076719,
            1.451567632125292,
            0.34321512423449324,
            0.1636425388692212,
            0.5317269639238711,
            -0.7447936184853646,
            0.15297391232579796,
            0.497677421893434,
            0.4174054343838161,
            0.45020689268624947,
            -0.2509871256094048,
            0.22584244666244194,
            -1.6402067587679423,
            -1.072526190377241,
            -0.7572675266975596,
            0.6806135613587425,
            1.907226858486899,
            -0.018578697164918164,
            1.3880892588253462,
            -1.0889746496811397
        ],
        [
            -0.7653646998276903,
            -0.48527544646088694,
            1.0098152190694,
            0.01062440971943451,
            0.31540049838242484,
            -0.35531476969774584,
            0.1163768182723194,
            1.3379396304763562,
            0.9431698191118228,
            0.17150759130280868,
            0.3632753233233218,
            -0.6411779178454605,
            1.2158006618039574,
            -0.8830527221094359,
            0.0,
            0.7790248864935668,
            0.14499406599536518,
            2.429205483402228,
            -2.318414008452776,
            0.6615629350485089,
            -1.2488626205556175,
            -0.25308457115328364,
            -1.1874317209686445,
            -0.2570027312166823,
            -2.047306570304727,
            -0.2898002510902452,
            0.9053937999612994,
            -1.1496713841374149,
            0.9406618148554672,
            -0.021048648901367577,
            -0.7088920891522829,
            0.242909644684074,
            -0.030451551758176355,
            -2.642211919847513,
            0.9104952852643388,
            -1.061737911444567,
            -0.2711191162930146,
            -0.7809641158625485,
            -1.0390536582705194,
            -0.39518597148116136,
            -0.3464277494699097,
            -0.5128469797750751,
            0.10829064944107585,
            2.2212934670123534,
            -0.7100710837809526,
            -0.5962840502364727,
            -0.7137563554221749,
            0.9782001424982728,
            -1.036959996302948,
            -0.4822367987394156,
            -0.4254685839264003,
            0.680358104370053,
            -0.3910572119970642,
            1.9775866327515985,
            1.533767711810312,
            0.6143501725584085,
            -0.7793163976557043,
            0.4557927178817602,
            0.034611179641973785,
            0.5530040097648642,
            -0.08644327499659013,
            0.4997499937482548,
            0.15826803031013922,
            -0.5005444696082247
        ],
        [
            -2.479517794033517,
            -0.08452413518479122,
            -0.009382156883164794,
            0.29702127585337396,
            -1.072754710348537,
            -1.1745634536821243,
            1.6942308526914995,
            -0.04059538831295992,
            1.7631348624359982,
            0.47421752130682276,
            0.11459100683903008,
            -1.2278884314529912,
            0.5617205196169167,
            0.9944545717940223,
            0.7790248864935668,
            0.0,
            0.12952766263670681,
            0.6525462523083776,
            -0.33101807402974814,
            -1.3762351215823425,
            0.4921196510461218,
            0.35575954526366227,
            -0.14046271465846724,
            1.5572113522506956,
            0.7976412158237669,
            0.4677276985779644,
            -0.6756600000554738,
            0.8583600799553496,
            -0.5189300131788376,
            1.1949270613838663,
            0.6569157081939895,
            -1.1799473166054344,
            -0.02377524225554581,
            1.0967918816692617,
            -0.6066098016080533,
            1.6818446638703246,
            0.3210725607906846,
            1.1472496639103087,
            0.0372565196121737,
            -0.8564847277537663,
            1.2298256192187242,
            0.7998801282685521,
            0.7555264833897549,
            -1.3686571406477392,
            0.6335478523315753,
            1.0053414201139868,
            -1.1431016172432598,
            -1.1230524477726278,
            -1.274759444508472,
            0.23640898242001218,
            0.06627099817735707,
            -0.9925393778294772,
            0.9855910332895448,
            0.9967934700148734,
            -0.5958015826939798,
            -1.4947088465661036,
            1.1661343809642626,
            -0.4582724873239635,
            1.8838587223190557,
            -1.8624867966316385,
            -1.0452949063978483,
            0.12124997841175994,
            2.0730170833589807,
            0.5200913396988399
        ],
        [
            -0.0255049968031381,
            0.1042055977635888,
            1.288552886918417,
            0.657270486568377,
            -0.5509116197464559,
            0.8336270608060332,
            0.01737973836396885,
            0.4766454543427863,
            -1.0704520672749365,
            0.7034399015502423,
            0.9635803971904245,
            0.5936548773876398,
            0.36390722266041964,
            0.6858762329754542,
            0.14499406599536518,
            0.12952766263670681,
            0.0,
            -1.546524004319039,
            0.2238820657854178,
            -1.9487378867407958,
            1.6062980584012103,
            -0.617893848717703,
            -1.1577875281371146,
            -2.7571462014898698,
            2.223477509815947,
            0.9465346494796223,
            -0.9267781999236243,
            0.5728703975594671,
            0.7768865312375279,
            1.3559994124222319,
            0.1934502111970458,
            -0.33307147031018186,
            0.4305216837594543,
            0.9996086541143949,
            0.7542918967927127,
            -1.398505715498584,
            1.38717447555576,
            0.7376499509040172,
            -0.34700325302251506,
            1.1227052110379452,
            -1.249971250772665,
            0.5000489884136631,
            0.10947006620449254,
            0.8941758941581234,
            -1.149367469002197,
            -0.4966350537199921,
            0.8723560151923635,
            0.16628295079259664,
            0.6608423118401918,
            0.11247598247163347,
            -0.17040099829585462,
            -0.7662435099413037,
            0.8461531711938545,
            0.3220458803914571,
            -0.03761373390078278,
            -1.0586950231774188,
            -0.2483789868089958,
            0.6864525201261403,
            -0.07859113664669459,
            -0.8935776676090597,
            0.24004233674527603,
            0.6567871495038493,
            -0.07773337880784714,
            -0.07567966536068792
        ],
        [
            -0.35715031259894053,
            0.7756210104104535,
            -0.02906860734232401,
            -1.0830600805315596,
            0.7888364745667192,
            1.761203523219692,
            2.1017102276498547,
            -1.078786350809071,
            -0.47905068644839205,
            -0.4934755298725158,
            0.08370894213078357,
            0.35716589178086666,
            -0.8925347006438042,
            0.10501875662884891,
            2.429205483402228,
            0.6525462523083776,
            -1.546524004319039,
            0.0,
            -0.5626707781209449,
            0.05204799575527893,
            -0.8779686587348208,
            0.45816256870333005,
            -1.9717601829546012,
            -1.4563156165431093,
            -0.5701640641292341,
            -0.15871195480766184,
            -0.6550044690612623,
            0.3767959175511345,
            -0.8083414478905288,
            0.24268745743751965,
            1.524915559728995,
            -1.478004458811047,
            -0.3744207948032236,
            -0.5581989979605564,
            0.00931867875760777,
            2.02816192108201,
            0.6321302156311135,
            1.7385337265603031,
            1.3451758702930063,
            -0.4544987087626505,
            -0.7740934456025863,
            0.1739825967663266,
            -1.7308523589019682,
            0.4463529878900444,
            0.834294513433435,
            0.025753886223661558,
            0.05278784206612646,
            0.16127530337709256,
            0.5716570481699095,
            -0.6373673547545505,
            -0.18850544504917488,
            -0.2720853035420536,
            -0.8326202833946784,
            0.06950706320442049,
            0.64712566007948,
            1.1212698653481428,
            1.157697559596818,
            -1.098897862029916,
            -0.48676044626848125,
            -0.3456330853832396,
            0.6899174689448238,
            0.12004655983991191,
            -1.5499882005140793,
            -0.9182960020222111
        ],
        [
            -0.7702046757118587,
            -1.0004384806346327,
            -0.7778118376079121,
            1.125126113043955,
            -1.2374369272523114,
