{
    "N": 64,
    "id": "4626e3fa-93b5-40ef-82ec-03eb57082b1b",
    "problem_type": "SK Spin-Glass",
    "distribution": "gaussian",
    "spins": [
        -1,
        -1,
        -1,
        -1,
        1,
        1,
        -1,
        1,
        1,
        1,
        -1,
        -1,
        -1,
        1,
        1,
        -1,
        1,
        -1,
        -1,
        1,
        1,
        -1,
        1,
        -1,
        1,
        -1,
        -1,
        1,
        -1,
        -1,
        1,
        -1,
        1,
        -1,
        1,
        1,
        1,
        1,
        1,
        -1,
        -1,
        -1,
        1,
        1,
        -1,
        -1,
        -1,
        -1,
        -1,
        -1,
        -1,
        1,
        -1,
        1,
        1,
        -1,
        1,
        -1,
        -1,
        1,
        1,
        -1,
        1,
        1
    ],
    "couplings": [
        [
            0.0,
            1.108031183856878,
            1.1048194165220955,
            1.5850521343360027,
            -0.8495988072820271,
            -0.6315721544262605,
            -0.48793154256820337,
            1.9147925792625506,
            0.5409275762481478,
            1.1046572480094743,
            -0.8643424598674793,
            -1.6365374223086766,
            0.4152126756141139,
            1.2489808278026044,
            0.6196048595790551,
            0.516973012990366,
            0.21343329101713554,
            -0.5581903348083419,
            -1.7056833041658268,
            -0.7710114106480311,
            2.1178950555103047,
            0.044302783573135864,
            -0.4420762814009845,
            -0.7797817557973505,
            0.6991032650619208,
            0.012379114697500075,
            0.932056816570838,
            -1.4706995744037274,
            -0.3561828924907087,
            -1.0002949153885394,
            -0.26512192704109794,
            -0.6191832275278477,
            2.5009496271370413,
            0.3336358270306793,
            0.2081453995107889,
            0.11849034684468764,
            -1.8975025340502076,
            -1.5353061821804048,
            -0.4446715135397338,
            2.264912801606518,
            0.17214276757075822,
            -0.6352746762719966,
            0.5307147673256059,
            0.1289217034569048,
            -0.16190328131629636,
            -0.03712370015337925,
            0.7489304735335192,
            0.9044911886926319,
            0.6805617455562678,
            0.6061695367054906,
            -0.44486410787025116,
            1.4624541868695775,
            -0.159762683396619,
            -0.8925326708458415,
            1.5261887000603591,
            -0.6152124989699941,
            0.6862853805033858,
            1.276148333129225,
            -1.313393075703416,
            -0.6039064725664385,
            -2.8087258765372085,
            0.7877865113459653,
            0.7551921194287655,
            1.9090684156631375
        ],
        [
            1.108031183856878,
            0.0,
            0.08485213196920853,
            -0.4314982656934353,
            -1.890190974680291,
            -0.3327787786645359,
            0.13306585570305612,
            0.6170323055234891,
            -0.6489380153040316,
            -0.7742097935893448,
            0.6627399324832466,
            -0.5229400245104753,
            0.3227000699969629,
            -0.7748163584131436,
            1.1625828216085694,
            -0.3501638001812289,
            0.09706319535776047,
            0.3313666347063839,
            1.391318588096375,
            0.07126102994301672,
            0.2606256373021657,
            -0.18054037505882303,
            0.8034798257082504,
            -0.2590935900363004,
            -2.0172908964495293,
            0.9854259564862303,
            -1.273094520401022,
            -0.8384869668488807,
            0.08099448031256787,
            0.7512125380752237,
            0.6421084940148941,
            -0.917753339237131,
            0.27558255449130836,
            -1.3149162322684185,
            -0.09340033848450767,
            -0.7393238520352039,
            0.739481381827877,
            -0.8289819546418954,
            -0.049284829038559554,
            -0.2016887188509554,
            -0.2462795691407815,
            -0.3061291200440747,
            0.3916741691224152,
            0.725249427579282,
            0.3429886438426404,
            0.7890315570258323,
            -0.45146905997901043,
            -0.7231139713046002,
            0.2079147795264837,
            0.4072634557662517,
            -0.526480694958221,
            0.9203416096338567,
            -0.764019325233915,
            -0.36945067550777727,
            -0.25529639964432344,
            0.057821974005688545,
            0.08775898708352617,
            -2.186914550525452,
            0.02698392122191423,
            0.3873938160818465,
            -0.7006123832677471,
            -0.558296957697789,
            1.4138047323226042,
            -0.6529646458939901
        ],
        [
            1.1048194165220955,
            0.08485213196920853,
            0.0,
            -0.1495416046445833,
            0.30854761027841676,
            2.158978436613158,
            2.9154086076170387,
            1.3203485067054535,
            1.5259218335515101,
            0.9276015026341202,
            -0.3781206385374427,
            -0.5313402391433955,
            0.47363542982484946,
            1.587311574616022,
            -0.47104026681329403,
            0.6962227063435422,
            -1.5647489456040233,
            -1.4550225471423712,
            1.0675260654321763,
            0.10157960284365669,
            0.2555515190689785,
            1.3497856801238812,
            0.5308008003685919,
            0.7876095708113464,
            0.962451911906223,
            1.3883532436774582,
            1.3043371246723823,
            -0.44487680543845304,
            0.9193708761230268,
            -1.2250784572693614,
            -2.8232071830905494,
            -0.38630067826627434,
            0.806591031387277,
            -1.563619262145371,
            2.474964494373634,
            -0.7131047926644509,
            0.6498506768353071,
            1.0961010041073527,
            0.34389047613581514,
            -0.12252074760995002,
            -0.16225173124720574,
            -1.6037407902149765,
            0.25164297502156235,
            0.2036210642686007,
            -3.008488734216465,
            -0.749734387767085,
            -0.2788453564598362,
            -0.36497578194746366,
            -0.4979619138539199,
            -0.9296200794540107,
            -2.4754659284629845,
            -0.47776108734403755,
            0.0680971451208256,
            -0.3740616987294862,
            0.7271809693955744,
            -1.1900232071358798,
            0.3884640294851302,
            1.833603893532384,
            -0.7327040168403043,
            -0.33523631470907395,
            -1.0941896435210063,
            -1.0094679678390426,
            1.4594582065656316,
            0.8174176268744618
        ],
        [
            1.5850521343360027,
            -0.4314982656934353,
            -0.1495416046445833,
            0.0,
            2.1922667880664806,
            0.6198350249005854,
            -0.07346040165222975,
            -1.107988175094664,
            -1.3112587493131158,
            1.5401197068114814,
            0.4695301477570247,
            -1.1813727785044446,
            1.3826957942179585,
            0.3618022353133059,
            -0.48812230068739243,
            -2.758245666083825,
            -0.19738089948258664,
            -2.207576486008431,
            0.9110725417253469,
            -0.5151792601091367,
            1.6071275155299496,
            -0.8895783066471963,
            0.6774029285728248,
            0.8823307537049119,
            -1.3372010826947707,
            -0.29862284426781893,
            0.09917545488001477,
            1.2032861459139765,
            -0.2888114388662391,
            -1.0122731446232922,
            -1.9150414667687812,
            -0.7463628166116546,
            1.573123234527668,
            -0.5558866321624109,
            -0.15850841003648872,
            0.44514491591357946,
            0.6479393324532833,
            -0.10199759381160728,
            -1.7180101058749881,
            0.0005273293884070117,
            2.2358391295363256,
            -0.9113810532485999,
            -0.07679650290780927,
            -0.462663717893073,
            -1.4030977691947224,
            0.05512069624043344,
            0.470890530222146,
            0.25254288593868424,
            -2.941459102895307,
            0.40388982275400004,
            1.0264503097552016,
            -1.3795996182741936,
            0.24715182893790966,
            -0.3686467514698898,
            1.247335145883746,
            -1.2611092364391285,
            0.13261599834040952,
            0.7891268695318598,
            0.87606973377666,
            0.5984368915469727,
            1.973382726416013,
            0.041814476535372506,
            2.097367647414182,
            1.2648247062244584
        ],
        [
            -0.8495988072820271,
            -1.890190974680291,
            0.30854761027841676,
            2.1922667880664806,
            0.0,
            0.8340056268369692,
            1.5734277934600702,
            -0.6720681244033863,
            -0.5902027913131948,
            -0.3108527922763053,
            -0.37335149048494687,
            0.7780247815372144,
            0.24244571633410453,
            1.2878199322914718,
            -0.36093609677472993,
            0.04940223122852055,
            0.4803184753102396,
            -0.34236570522047644,
            0.9408855031977739,
            1.0672153235730848,
            -0.46356002567154775,
            -1.2335235441009527,
            0.3370032137701804,
            0.6121371960932549,
            0.3542705037653016,
            -0.8189059916253357,
            0.017530700427369202,
            -0.8210401416955205,
            -0.4905794034180927,
            -0.33159104331934286,
            -0.2883274273435029,
            -1.128675162696459,
            -0.1200916593819169,
            0.765769762485624,
            -1.8354590866872933,
            -0.047902282556610894,
            1.2958499829152237,
            0.9124426095867476,
            -0.1806784890010627,
            3.1255594198088392,
            -0.5389866329553582,
            1.091491482458014,
            -0.08630889795620432,
            0.5191659431820795,
            -0.044578313264722454,
            -1.0280061627409793,
            -1.0019327055941356,
            -0.7530060658323547,
            0.488389313525681,
            -0.6422860880480488,
            -0.2875388059593096,
            -1.4032605630872612,
            -1.1820605253716452,
            -0.300779793509328,
            -0.2903944702848132,
            -0.9429657166461025,
            -2.949690615148789,
            2.258414744320302,
            0.14289246226219518,
            1.1946230540006098,
            -0.9498293271404931,
            -0.288332043137589,
            1.4456551845051606,
            1.1606113720816997
        ],
        [
            -0.6315721544262605,
            -0.3327787786645359,
            2.158978436613158,
            0.6198350249005854,
            0.8340056268369692,
            0.0,
            0.40748129893524626,
            -1.7048194746534933,
            -1.4421434689573798,
            -1.075004258651384,
            1.1234378768675939,
            0.2492420554911779,
            -0.38793712729398344,
            1.3998632011451613,
            0.8643695352870806,
            -0.5896588447982981,
            0.5340771603697004,
            -1.6309376990611673,
            0.02461717867832103,
            -0.8526377562858857,
            -0.6371841205122025,
            -0.6327296066651724,
            0.23563337188195796,
            -1.2544329730516763,
            0.9749033122505305,
            1.6302665803183594,
            0.4861189097184093,
            -0.416137735284711,
            0.013056373523234662,
            -0.40610918588240785,
            0.6790855407960293,
            0.7563060530327345,
            -0.05709432234754633,
            -0.8749775132607972,
            -2.392175415486032,
            -1.1296529205319408,
            0.8433470936702171,
            1.8266903335249065,
            1.2699342416546424,
            -0.5832487603604594,
            -0.5222152080378434,
            -0.7426915617068482,
            -1.1244612428408924,
            -0.11294248369370204,
            0.2750435852208419,
            0.33895171234549304,
            -1.2932684024933425,
            -0.09270131558821515,
            -0.1370457592928019,
            1.2231431168716536,
            -0.8723654568247462,
            1.4341469606046253,
            -1.638421310073753,
            0.2257990846714504,
            0.78391607707048,
            -1.1536840867936777,
            -0.3617601455591257,
            0.5029851984397679,
            -0.18990400197321572,
            1.3765564371809123,
            1.667243660116071,
            -0.9353619022433778,
            -0.9703825166740696,
            0.7125615219344593
        ],
        [
            -0.48793154256820337,
            0.13306585570305612,
            2.9154086076170387,
            -0.07346040165222975,
            1.5734277934600702,
            0.40748129893524626,
            0.0,
            -0.17786966229038867,
            -0.7425887195425258,
            0.13381664501136845,
            -0.5374960861322773,
            -0.174003771042461,
            -0.36171868578136185,
            0.699671868360243,
            -0.8818200384699832,
            1.3933145099152464,
            -0.967873760896384,
            1.9499210683169885,
            0.5411049756900568,
            -0.2209332768193183,
            0.39510738321535527,
            1.5640157934818142,
            0.2288497920363145,
            0.3307505312630252,
            -0.06911809090419825,
            0.38007446225665414,
            -1.7465856613345165,
            1.5125686821906605,
            -0.14712332200781453,
            0.7003279873262771,
            -0.33010321632887474,
            0.6544572850152469,
            1.793134113233914,
            -0.21173040519252154,
            0.03002394080589951,
            0.6618741635115214,
            1.1235065622629217,
            2.2680590882255953,
            0.11281979137875983,
            -2.7291098135807808,
            -0.16849278110023674,
            -0.7441284022094677,
            -0.22217944215235227,
            -0.44042518239451056,
            -1.1864428434849514,
            -0.7268292603433105,
            -0.42231808897053874,
            -2.346341350899338,
            1.8274095337190246,
            1.0808676773703698,
            -0.9589451290545682,
            -1.7738349443034422,
            0.0845905057022489,
            -1.1613173406475075,
            -0.26103347020652423,
            -2.032311805242015,
            -0.1653176757986596,
            0.30486156970789846,
            0.38985986188997707,
            0.6686474673473835,
            1.3935152493531207,
            0.3470807737656508,
            0.7210776699565957,
            1.4081014682253878
        ],
        [
            1.9147925792625506,
            0.6170323055234891,
            1.3203485067054535,
            -1.107988175094664,
            -0.6720681244033863,
            -1.7048194746534933,
            -0.17786966229038867,
            0.0,
            1.3383843235253334,
            -0.9078836781490933,
            0.007218536179148789,
            0.4398066424008229,
            -0.10048194387225269,
            1.6651364264654542,
            -0.5176118968528131,
            -1.0572989601107838,
            0.9293204989344387,
            0.5910939852038319,
            1.220289015387689,
            -1.6340746160983681,
            -1.4670413807072173,
            -0.49471868134838415,
            0.5049890560037259,
            -1.0272063263634763,
            -1.1663956336258736,
            1.1268259396522384,
            1.3037038492709774,
            0.821723114664499,
            0.67640866825014,
            0.6383735057339571,
            0.6620958133341408,
            0.05742338055117979,
            -0.7937879555667877,
            -0.03659577078768528,
            1.4439442659637256,
            -0.3768947967753921,
            0.4980630773199853,
            0.11482472323758935,
            1.835032505038104,
            1.2405268803702854,
            -0.14577232703660595,
            -1.4254863314450241,
            -0.2949540438447156,
            0.6477210209685355,
            0.7522948356801443,
            0.8553923231142263,
            0.3615137027957733,
            1.2809426783025624,
            -0.6159432182457519,
            -1.1759560393149406,
            0.8580363288145098,
            -0.15361643110997109,
            -0.5586117741241879,
            0.4752171493621854,
            -1.1945542554862512,
            -0.24429172449369793,
            1.1322920831626917,
            -0.5574055785095428,
            -1.7256227150514731,
            -1.890279021876902,
            -0.1616853856323143,
            -0.4145503673558573,
            0.4001365318944419,
            0.17088933840979253
        ],
        [
            0.5409275762481478,
            -0.6489380153040316,
            1.5259218335515101,
            -1.3112587493131158,
            -0.5902027913131948,
            -1.4421434689573798,
            -0.7425887195425258,
            1.3383843235253334,
            0.0,
            -0.5057110991182487,
            2.9056280859211645,
            1.3079824636228894,
            -0.354338002361407,
            -1.0565693185072957,
            0.5858971573805674,
            1.2909523509637946,
            -0.46508495965448154,
            -0.4576788812388991,
            0.8137780494616205,
            -0.5575267071872329,
            0.0318271765980412,
            -1.968317278374067,
            -0.21900381778543215,
            0.20044905633973376,
            -0.5369923958459412,
            0.038123965265592356,
            0.2850205130015562,
            -0.9054499246423788,
            1.3992019110021645,
            0.16162254294238212,
            0.10002655932354591,
            1.1778390637261824,
            -1.1850948887081476,
            0.5983543799342068,
            -1.423036981838344,
            0.1873491274875943,
            0.26181109018920756,
            -0.3922620115670171,
            -0.15694825451832367,
            0.4715537923993483,
            0.04298740501193255,
            0.8113872260716017,
            -1.230671636830989,
            1.6501335588505437,
            0.32238552838981294,
            -1.2495329071420893,
            -1.3336617546544824,
            0.15017914070587,
            -0.0625141340802,
            -0.14329977527291354,
            -1.3229926891470325,
            -1.1103942489673844,
            -1.9261874690849494,
            1.0580301417404252,
            -0.9442920938993027,
            -0.7702597946661182,
            0.9072274224869809,
            -0.2512980269456042,
            0.8084761019751305,
            -0.26864930655221714,
            1.1598875511059774,
            0.6080053620414082,
            0.4105166184829833,
            0.41967265629061773
        ],
        [
            1.1046572480094743,
            -0.7742097935893448,
            0.9276015026341202,
            1.5401197068114814,
            -0.3108527922763053,
            -1.075004258651384,
            0.13381664501136845,
            -0.9078836781490933,
            -0.5057110991182487,
            0.0,
            -0.33437056174572155,
            0.39619204173284595,
            0.3735771562779048,
            -0.25842250077094486,
            -0.7320222899937584,
            0.4418048333098795,
            1.2065250238892427,
            0.3903204339776762,
            -1.350476734321116,
            -0.7141243276627546,
            -0.6534108291935441,
            1.70006557090814,
            -0.28739606670870543,
            1.2284057034436082,
            1.6485430198241597,
            -0.8362729737323185,
            -1.5097089201362024,
            1.6996755306371778,
            -0.13004713981788593,
            2.351366059913853,
            -0.0014578345809862338,
            -0.41662538185917186,
            0.013057606827175322,
            0.5828333421053594,
            -0.44070654922248187,
            -0.7060655427396078,
            0.2631167025831806,
            1.6837292995414006,
            0.7464157864372026,
            -0.07900516837195505,
            -0.33309847875045706,
            -0.22111096192129492,
            0.4769013927231056,
            1.408788168103915,
            0.5183042280878851,
            -0.10947708849260278,
            -0.06633214334016015,
            1.2581349774223098,
            -0.24493256405910785,
            -1.0504870103918944,
            1.4423092908849953,
            0.005547907688931779,
            1.0472956444384953,
            -1.210632765690948,
            -0.9012772851996471,
            1.639883929412951,
            3.0610576417661157,
            -0.05512769611280552,
            -0.4465541383169772,
            -0.03313067962292308,
            -0.007299577302821751,
            1.6117582913078758,
            -0.8878161632430889,
            -0.5241539819542609
        ],
        [
            -0.8643424598674793,
            0.6627399324832466,
            -0.3781206385374427,
            0.4695301477570247,
            -0.37335149048494687,
            1.1234378768675939,
            -0.5374960861322773,
            0.007218536179148789,
            2.9056280859211645,
            -0.33437056174572155,
            0.0,
            -1.088611726757127,
            -0.37509827046539473,
            -0.05729722084636821,
            -0.43195551435875973,
            0.16183960897663777,
            -0.4955773459293159,
            0.5232266015046417,
            1.130825367634805,
            0.8845053671537577,
            0.41674446580908014,
            1.8153414556654395,
            -0.0049474152666236434,
            0.8887606496150099,
            -0.8622431748840264,
            -1.7446502880467811,
            -0.27791747808039685,
            -1.4574004686481068,
            -1.769953014080128,
            -0.019725081826004513,
            -0.3459849751966159,
            0.3840654580624738,
            0.4296298319600984,
            -0.7463084699068663,
            1.8249614110588175,
            -0.965447295479578,
            0.20406231957238563,
            1.4366580611966224,
            0.05762531811478457,
            -0.1063697858195009,
            1.8400676663163076,
            -1.0346905078527515,
            2.6067348058366444,
            0.21988231474350978,
            -0.604643239214518,
            0.8555545197207683,
            -1.5101571090324766,
            -0.08936442430389446,
            0.7471101797981723,
            -1.2774227322227414,
            0.5707215157889006,
            0.8839336976708005,
            -1.374709577380261,
            0.5001419765747734,
            -0.9066797285933601,
            -0.5359651980740926,
            1.2493364308555508,
            0.8007104579962756,
            -1.4313837270001004,
            -0.8183341383355129,
            1.273727086519026,
            0.22076547618364598,
            2.392967902456731,
            -0.9238231034334077
        ],
        [
            -1.6365374223086766,
            -0.5229400245104753,
            -0.5313402391433955,
            -1.1813727785044446,
            0.7780247815372144,
            0.2492420554911779,
            -0.174003771042461,
            0.4398066424008229,
            1.3079824636228894,
            0.39619204173284595,
            -1.088611726757127,
            0.0,
            1.7580405112698054,
            -0.9398092644164506,
            -0.9429753318461896,
            0.8565936607040654,
            -0.23068096170164712,
            2.0310743986237707,
            -0.1315375772602514,
            1.971221224207087,
            0.23340192726411002,
            0.4421435032211388,
            1.7987870643165136,
            -1.4218350523243437,
            1.3762506121673892,
            1.2215575850778735,
            0.22047368069494755,
            -1.2457909936014686,
            -0.985709548182528,
            -1.9217231932104,
            -0.4879824328282526,
            -0.34790368383387515,
            -0.1440502199465381,
            1.2595576831751787,
            -0.8727087782550331,
            -1.4443745330801607,
            -0.7088961080894791,
            -0.54211417915355,
            0.6754880321496298,
            -0.6569217471454442,
            -1.1496432097220421,
            0.24589163298016936,
            0.03278937577709355,
            -0.18465122323630256,
            0.9794342499375323,
            -0.7482138173376878,
            0.03579564254663811,
            0.909101891246697,
            0.4958654253737964,
            0.38955194890201755,
            -0.8386825260922643,
            -0.37525304590559344,
            0.6024809982673699,
            -0.31689309754228756,
            1.9881231395721346,
            -2.205866026333253,
            -1.8517376161883654,
            -0.13874712372834497,
            -0.4881881258868572,
            1.2997738098162097,
            0.49822293923564526,
            -1.4607244397858097,
            0.31336702424264323,
            0.2740730715322886
        ],
        [
            0.4152126756141139,
            0.3227000699969629,
            0.47363542982484946,
            1.3826957942179585,
            0.24244571633410453,
            -0.38793712729398344,
            -0.36171868578136185,
            -0.10048194387225269,
            -0.354338002361407,
            0.3735771562779048,
            -0.37509827046539473,
            1.7580405112698054,
            0.0,
            0.8219936621787183,
            -0.02495422528273843,
            -1.675565127556221,
            -0.6535687384601513,
            -1.3692994552184177,
            0.6958385732071398,
            -1.0589205903778556,
            -0.38691461557717177,
            -0.3885658981354879,
            0.4880031400847792,
            1.2555385397379448,
            1.0294470376986444,
            -0.02924532519303079,
            -0.5582447463730819,
            -0.5174654150569696,
            -2.7431907323767,
            0.755677860468621,
            0.2769479386689991,
            0.7733915070619256,
            0.8160214046873705,
            0.3268764522022963,
            -0.6626140675621296,
            0.917051142821903,
            -0.7138780914759348,
            -1.9846187959904589,
            -1.6520742843110856,
            -1.2036379643464956,
            0.9274272421456973,
            -0.9058530235964407,
            -0.5483561028330476,
            0.05633692965285502,
            -0.7732329436166636,
            -0.991802909000692,
            -1.1704926152474846,
            -0.14800266588072902,
            -0.6131771521544584,
            0.42516032541473364,
            -1.1871314620163325,
            -0.32413064705109795,
            -2.4541919737920312,
            0.7786678089099769,
            -0.5359790497568618,
            -1.3922154238013458,
            -1.8595675520928028,
            -0.24274815004193467,
            -0.21262374318285296,
            -0.4319047994547204,
            -1.0282292755684501,
            -0.23435254925451188,
            -1.6879075948985887,
            -0.6598233559862455
        ],
        [
            1.2489808278026044,
            -0.7748163584131436,
            1.587311574616022,
            0.3618022353133059,
            1.2878199322914718,
            1.3998632011451613,
            0.699671868360243,
            1.6651364264654542,
            -1.0565693185072957,
            -0.25842250077094486,
            -0.05729722084636821,
            -0.9398092644164506,
            0.8219936621787183,
            0.0,
            -0.02249675022183658,
            0.09622013684488792,
            0.8803619433881492,
            0.8763935365186111,
            -0.5990939360382271,
            0.8737259930634763,
            -0.354987551681025,
            -2.5278167917992707,
            -0.20228581136451973,
            0.48349532167722753,
            0.28536794425679063,
            1.0471988432186696,
            0.38806234650313964,
            1.3772320946889032,
            -0.5865257564257267,
            0.2653431262476318,
            0.14390902966837513,
            0.6690282664300498,
            -2.2585276944778645,
            0.22367085738003298,
            -1.9245824248287708,
            -2.3363388836357224,
            -0.9815172600503902,
            0.38570758495958485,
            -2.0953605847518983,
            -0.7153660614603686,
            1.3672061836760858,
            -0.02207396404676438,
            0.7778174528320339,
            -0.8106624649773922,
            -1.278885360542714,
            -0.2277826870490182,
            -0.7414707200129086,
            -0.35858998181070495,
            0.630553030253191,
            -0.5567237922649055,
            -0.43066991759725204,
            -0.3687294692867483,
            -0.6306392568947201,
            -1.1012452169561135,
            -0.15429361091689411,
            1.4435459126545171,
            0.42827107960713473,
            0.7232901433941648,
            -1.7050965590043181,
            0.12177065103934762,
            0.12237618153420853,
            0.9458991220803685,
            -1.0179929394716045,
            0.02626346296105564
        ],
        [
            0.6196048595790551,
            1.1625828216085694,
            -0.47104026681329403,
            -0.48812230068739243,
            -0.36093609677472993,
            0.8643695352870806,
            -0.8818200384699832,
            -0.5176118968528131,
            0.5858971573805674,
            -0.7320222899937584,
            -0.43195551435875973,
            -0.9429753318461896,
            -0.02495422528273843,
            -0.02249675022183658,
            0.0,
            -0.5881113078196132,
            0.16685756792350312,
            0.252801814244805,
            -0.2691945996074507,
            -0.19024243488603323,
            0.1499835443354955,
            1.1378776937009871,
            0.5734760496536934,
            0.45272947022139587,
            0.13143202893122802,
            -0.10698663063074057,
            0.2137037035825586,
            0.8897705546262838,
            0.5482118391636928,
            1.1950604732102212,
            0.43232595557164855,
            1.288490340448697,
            -0.3472182765686743,
            -1.0571487267739272,
            -0.35251178584747156,
            -1.3820020838599658,
            -1.2753167220969082,
            1.3081559628729558,
            0.6399504820117953,
            -0.6039371582534623,
            0.5381115633716187,
            -1.680996371931201,
            -0.953241848714263,
            -0.07778632075678883,
            1.2715188122411023,
            1.42349483198864,
            0.5845283295353793,
            -0.8130700241433739,
            0.20500321276202377,
            -0.282521680245346,
            -1.4955794538943488,
            -0.05547006114867662,
            -1.0898017417933328,
            0.6889830042214187,
            0.9531910708382251,
            -0.0256970308742385,
            -0.6361071395453191,
            0.24796396425944303,
            0.7009920571102063,
            0.6892437657984328,
            -0.544421992497261,
            0.3362145240025199,
            0.964203653098425,
            -1.4787973367275957
        ],
        [
            0.516973012990366,
            -0.3501638001812289,
            0.6962227063435422,
            -2.758245666083825,
            0.04940223122852055,
            -0.5896588447982981,
            1.3933145099152464,
            -1.0572989601107838,
            1.2909523509637946,
            0.4418048333098795,
            0.16183960897663777,
            0.8565936607040654,
            -1.675565127556221,
            0.09622013684488792,
            -0.5881113078196132,
            0.0,
            -2.7409521554946523,
            -0.3677852909602366,
            0.8865707268293515,
            -0.7242526276292953,
            0.2127672025638494,
            -0.9460163825693845,
            0.38001342677383176,
            -0.9080155330870499,
            -0.24961602604659022,
            0.931033856554723,
            0.34856795759677256,
            -1.1559252898840422,
            0.6673998930636106,
            -0.21583824375801625,
            -1.121143030454681,
            0.431724119479328,
            0.7897913634434708,
            1.0533616259824563,
            0.10856294197783721,
            -0.43098129967734056,
            -0.9701665053075638,
            -0.255188053416262,
            -1.3514551106878478,
            -1.617435476753255,
            -1.0778893987230087,
            -0.9519160123285341,
            0.6160200720739459,
            0.8788411900347856,
            0.01932308179648994,
            -0.49817656628887713,
            0.5654243060660825,
            0.1726594814427729,
            -1.5195350302283508,
            0.822658866568748,
            0.6093458939451263,
            0.5734276135756537,
            -0.17380701968429843,
            0.9059173518287498,
            0.6328651233586746,
            0.6086355012001323,
            0.8719320930725208,
            1.4838099760924566,
            -0.8223502253254941,
            0.9921611396014273,
            1.2818927561992826,
            0.6998695954833616,
            0.7901068761729596,
            -0.11720568603132467
        ],
        [
            0.21343329101713554,
            0.09706319535776047,
            -1.5647489456040233,
            -0.19738089948258664,
            0.4803184753102396,
            0.5340771603697004,
            -0.967873760896384,
            0.9293204989344387,
            -0.46508495965448154,
            1.2065250238892427,
            -0.4955773459293159,
            -0.23068096170164712,
            -0.6535687384601513,
            0.8803619433881492,
            0.16685756792350312,
            -2.7409521554946523,
            0.0,
            -0.6818228000568283,
            0.3328071004491677,
            -0.7648289072463996,
            1.950774772597301,
            0.0749762726769761,
            1.575799175367802,
            1.5088013904889057,
            0.631757776957137,
            1.2394719689120741,
            -0.007107029415562244,
            -0.01069283232402847,
            2.990864627754178,
            0.8043764780013993,
            -0.523179020552074,
            1.5736969881716767,
            0.5247967884403355,
            -1.7955387951971191,
            -0.8206315058133724,
            0.9287316400319927,
            -1.4877907125505414,
            2.1643108822983956,
            -2.148858794791119,
            0.6027981437477642,
            -1.078758033947208,
            -1.4740914155614144,
            -0.09967915176528679,
            0.6165928749123684,
            -1.6758134338693818,
            -1.796881012155637,
            -0.9115325407225532,
            0.42763574033799834,
            -0.0030457922706985797,
            0.7862836083348237,
            -2.0461226094734366,
            -0.0901656150154092,
            -0.39132661686233666,
            -1.4630870908902704,
            -0.13406854096719906,
            -1.0944876621989166,
            -0.7503007625254582,
            1.015681808191718,
            -0.06537086936927021,
            -0.3548490204748442,
            0.44646189243744777,
            -1.006479681684425,
            0.10221980618653373,
            -0.8340493080510556
        ],
        [
            -0.5581903348083419,
            0.3313666347063839,
            -1.4550225471423712,
            -2.207576486008431,
            -0.34236570522047644,
            -1.6309376990611673,
            1.9499210683169885,
            0.5910939852038319,
            -0.4576788812388991,
            0.3903204339776762,
            0.5232266015046417,
            2.0310743986237707,
            -1.3692994552184177,
            0.8763935365186111,
            0.252801814244805,
            -0.3677852909602366,
            -0.6818228000568283,
            0.0,
            1.4122303310969686,
            1.0900219281726378,
            0.31073518812868356,
            0.6648958981765785,
            -0.6475486487503676,
            1.0369737735261544,
            -0.3756853916235903,
            1.5560819683259313,
            0.5810033112356392,
            -2.295872858227045,
            1.3572516971105704,
            1.1406550694997013,
            -1.212624074564505,
            1.2393272968644513,
            -0.7392543326708972,
            1.354254199084987,
            -0.4858783275151179,
            -0.5082323941858825,
            0.568650120630022,
            0.1922606196884678,
            -0.5591520722144346,
            -0.8334142762139098,
            -1.3064023782750285,
            1.189350320090634,
            1.8129378364719753,
            -0.904922015019616,
            0.5982497137788921,
            -0.45636226048863493,
            0.25870217255486777,
            0.15572745189115528,
            1.236308397272479,
            0.39306890709830106,
            0.17830646611487297,
            0.8406605541300614,
            0.4841199430625467,
            1.638192498055248,
            -2.4645937589657687,
            1.0795579916397855,
            0.6042250567378622,
            0.16498421631909332,
            -0.8371339649837726,
            0.4171725371338171,
            -0.29204099149615215,
            0.7372816840071718,
            0.37251248924036345,
            0.6007675607548054
        ],
        [
            -1.7056833041658268,
            1.391318588096375,
            1.0675260654321763,
            0.9110725417253469,
