{
    "N": 64,
    "id": "17e61ceb-70e3-49fc-a268-47e133457717",
    "problem_type": "SK Spin-Glass",
    "distribution": "gaussian",
    "spins": [
        -1,
        1,
        -1,
        -1,
        1,
        1,
        -1,
        1,
        -1,
        -1,
        -1,
        1,
        -1,
        1,
        -1,
        1,
        -1,
        1,
        -1,
        1,
        -1,
        -1,
        -1,
        1,
        1,
        -1,
        1,
        1,
        -1,
        1,
        -1,
        1,
        -1,
        -1,
        1,
        1,
        -1,
        -1,
        -1,
        1,
        -1,
        1,
        1,
        -1,
        1,
        -1,
        -1,
        1,
        -1,
        1,
        1,
        1,
        1,
        -1,
        1,
        1,
        1,
        1,
        1,
        1,
        1,
        1,
        -1,
        1
    ],
    "couplings": [
        [
            0.0,
            1.229082449448699,
            0.7778650154463601,
            -0.5423444485692597,
            -0.3199832625719355,
            1.9468178026931926,
            0.22778684983148778,
            -1.0269522007339902,
            0.17917793551658218,
            0.4334502869074568,
            -1.0356547872841473,
            -0.11773829569524193,
            0.40183586604996896,
            1.7754441159975625,
            -1.5590255646591429,
            -0.2513102785917632,
            -0.0340107117043677,
            -0.7843793093483972,
            -0.3568585727225986,
            0.39148989845860155,
            -0.485127728167808,
            1.3578860165163225,
            0.33416805830737595,
            0.8345275543021516,
            0.4912770514088415,
            -0.15576250404503222,
            0.2619495511842206,
            -1.112767298802155,
            -0.8580522232188755,
            -1.427857177255444,
            0.5221114018195427,
            -0.5671451353977276,
            -1.3838686351501748,
            -0.4200468902896591,
            0.5728410823165658,
            -0.9641482205896641,
            1.8964422224116628,
            -1.5784019861246363,
            0.9639265718852176,
            -1.7620499044532014,
            -0.810355822182085,
            -0.7577341623049288,
            -1.1763498201683933,
            -0.8174753859463701,
            -1.2024176378437643,
            2.3115154038851404,
            0.11360454400005199,
            1.0082401072446792,
            0.675368564278183,
            1.310609191969078,
            -0.5607971905030334,
            0.3531807490948251,
            -1.9523626271323955,
            -0.5398035621109262,
            1.469635322379709,
            -0.8932197266198855,
            1.0147404548022967,
            -0.7734228943513497,
            -0.28761592332864955,
            -1.0632429097345903,
            -0.4523637271446016,
            -0.08372772716759333,
            -1.7007543914878975,
            0.556439603007942
        ],
        [
            1.229082449448699,
            0.0,
            0.5574791767465358,
            -0.0701373863628945,
            -0.8474364006618603,
            -0.6548381644551581,
            0.4671564674956836,
            -0.41457051177944076,
            -0.6470688520309248,
            0.9710859834251492,
            -0.9761756187705679,
            -0.4744879958630858,
            -0.624942706749252,
            1.6533217842783385,
            0.7545483878205658,
            -0.3816323795265615,
            0.06655017106466529,
            -1.8300904110717502,
            0.599902300923198,
            -1.6715990507975613,
            0.7101145277388429,
            -1.2532272094527706,
            0.8879106601114631,
            -0.2899476391664963,
            0.5356670443993617,
            -1.8286282491181367,
            -0.18295536224097533,
            0.8812798782790828,
            -0.427173277639702,
            -2.1928269883373797,
            1.1210181355391666,
            -0.8462467868765018,
            -0.5774628965647953,
            1.2857757775811134,
            -1.0913221578663514,
            -1.36777863615273,
            -0.319594965124719,
            -0.3040639383283298,
            0.7605480950282085,
            -2.267486702791556,
            -0.011393506881454064,
            -1.166427763274576,
            -0.3240480356054761,
            0.15675295584413723,
            0.3304584198286758,
            0.02096168755203037,
            0.6979389629232409,
            -0.40797755192855323,
            -0.16625758437416985,
            0.45538021308547927,
            0.5702328418629534,
            -0.42644823239121976,
            -1.5705375737518479,
            1.1507554871689083,
            0.4175967028383691,
            1.3685927688029669,
            -1.0185298589374525,
            -0.6964785030834497,
            0.4214003837315618,
            0.2681460786576401,
            -0.8204838249610902,
            0.12791096965987545,
            0.7290037073992913,
            1.199352561315499
        ],
        [
            0.7778650154463601,
            0.5574791767465358,
            0.0,
            -0.9578571311522801,
            -0.6517929054214625,
            0.6833676301622919,
            0.5731786545974541,
            -2.1277346717092467,
            0.6970137394931185,
            -0.2370021183088471,
            0.6051695318724307,
            0.5966238351418434,
            -0.27506515022877615,
            -0.2658336712499078,
            0.9072611775250652,
            0.628496052652782,
            0.8523100999194687,
            -1.1211693090872852,
            0.39916576977226986,
            -1.6145752023621434,
            1.8914062111832723,
            -1.0453982061780078,
            -0.9118050079624338,
            2.4966786657245286,
            0.15061348580416606,
            2.191565750590417,
            0.46453559852247067,
            -1.1585899503453674,
            1.9686547642180035,
            0.6183311035377315,
            -0.469875141111911,
            0.508046849643577,
            -0.42861202996703446,
            0.38743200719149395,
            1.1776071141230486,
            -1.1988511949635672,
            2.1802453535688295,
            0.5218619078658858,
            1.0462951108950183,
            0.5575884535734519,
            -1.480319225751392,
            -1.5763249810748055,
            -0.6335349827364763,
            -0.54718107048487,
            -1.0294688808559729,
            1.940310628907009,
            1.3152299375399188,
            0.4327349632813464,
            1.420991095200433,
            0.5859380553178289,
            0.6411490362951123,
            1.0313969131749972,
            1.157685574270888,
            0.4423093235867044,
            2.472218587369752,
            0.315574123270355,
            1.6524272933600703,
            -0.2137070694357756,
            -1.151195038699248,
            0.9914199397395632,
            -0.34684095684370303,
            -0.836512333975826,
            0.14717369742484962,
            -0.1313003812622805
        ],
        [
            -0.5423444485692597,
            -0.0701373863628945,
            -0.9578571311522801,
            0.0,
            -0.8210021818646829,
            -1.1210447226230305,
            0.017758059960698076,
            0.22090617264821874,
            0.5307428179791017,
            -1.7314613301779997,
            0.3242193052937597,
            2.375213660494671,
            -0.27875966484998543,
            -0.562228382819478,
            -1.184838250428685,
            0.21545252731276546,
            -0.6264304549410946,
            -0.4465328729523711,
            -0.5688118249986174,
            -2.261008941970585,
            1.5566497537737654,
            -1.4152088651812176,
            -0.009772769020252411,
            -0.6861635642450131,
            -0.7920254803374327,
            -1.4693133896187294,
            0.2198857036454905,
            0.7043226439292004,
            -1.9387632582435235,
            1.2887331073597326,
            -0.2739325176936515,
            0.3101747402909798,
            0.49796261046155876,
            1.408528684212184,
            0.42742784995819355,
            1.106797910393937,
            0.8291998416436328,
            -0.22395043609600337,
            1.036686387796621,
            -0.24507148196862197,
            1.3027302378895158,
            1.968254456949734,
            -1.163540971374947,
            -0.20371116811138923,
            0.2772987466901046,
            0.03043523597254996,
            0.49457783649358,
            0.8703448788071432,
            -0.394139816209934,
            -1.3649511214752008,
            -0.12895886017013997,
            1.0160408204764473,
            0.22932172397978193,
            0.2525552466324413,
            1.383605560463016,
            0.8454144420853172,
            -1.7676852192659802,
            -0.7705949781697461,
            0.8300209965641274,
            -1.053282955060635,
            0.13717774717211806,
            -0.9583854125888259,
            -0.8477497383157716,
            -0.43652924415243777
        ],
        [
            -0.3199832625719355,
            -0.8474364006618603,
            -0.6517929054214625,
            -0.8210021818646829,
            0.0,
            0.7589827585866326,
            0.2584685803256007,
            -1.7546967754249425,
            -0.7813190308312489,
            0.6808289719271843,
            -3.224727384813434,
            -0.5279133595416042,
            1.4653956440617242,
            0.3905618201289601,
            -0.3208626390455185,
            -0.4703766004445535,
            0.4593266774137794,
            -0.3681616023317416,
            0.018714804837465914,
            1.4597609292572453,
            -0.037974033700592415,
            0.736330606778795,
            0.7148879184300723,
            -0.9243707513091539,
            1.4621262808005768,
            -0.7515177930327763,
            -1.3269724539454628,
            -0.175510941883058,
            1.615433212979953,
            1.52202243829704,
            -0.7960620251382079,
            -0.8192716443764999,
            0.4382798441616519,
            0.6430840084309943,
            1.2165082387241597,
            0.02520803705728535,
            -0.6156481213483505,
            0.7363814778787975,
            -0.3722017465351321,
            -0.7602539951139866,
            -0.5970204700637864,
            -0.6647303446955393,
            0.3591590602168943,
            0.4972188761783288,
            -0.7580335098478888,
            0.3162103253949439,
            0.10347692669403778,
            -1.2341661447442018,
            1.1157611914783276,
            1.1998499045084619,
            1.2954489824625859,
            0.5159318459271508,
            -1.0292948233649384,
            0.6909132451436988,
            -1.4453740215484634,
            0.08829194075654428,
            1.2617537396319691,
            -1.0255682208878532,
            0.8324718879703467,
            -0.09702520045753955,
            -0.04458628707013673,
            -0.869435109368049,
            0.7792308743210633,
            1.372114014479348
        ],
        [
            1.9468178026931926,
            -0.6548381644551581,
            0.6833676301622919,
            -1.1210447226230305,
            0.7589827585866326,
            0.0,
            0.9052579822385144,
            0.046049682643485156,
            0.7531318803018578,
            1.761771346166392,
            -0.08441107877032697,
            1.1823128998830597,
            1.659388641904951,
            2.267074460900639,
            0.5551695018242584,
            1.1082999631484671,
            -0.1439189307072021,
            1.9359486845695464,
            0.1565469399545411,
            -0.5082985039852584,
            0.6307855045776901,
            1.0100786202409504,
            -0.23102798461977497,
            0.3460241340045057,
            0.6698357788763561,
            1.2936231074556819,
            0.7787684829890679,
            -0.6897943799455419,
            0.7870421814757605,
            -0.5945045479619818,
            1.4513491434559045,
            -0.4526928978260471,
            0.7994209259362116,
            -0.3875191279333594,
            -0.6993887493189126,
            0.8785747215996133,
            1.0171575823919043,
            2.017535080178653,
            -1.4933885002037157,
            0.9551703991924216,
            0.11137416255050621,
            -0.34110792680966673,
            -2.3266705114605695,
            -0.49591597215255073,
            -0.17202703354491536,
            0.1658229431531674,
            0.3032441412176992,
            2.243841494729507,
            0.16863401330249275,
            -0.9087354551428832,
            -0.0673318145668151,
            1.2420984466712715,
            -1.46263718979825,
            0.9108708137019846,
            0.9673078811401129,
            1.6252540327756597,
            -1.1554275080578356,
            0.6265990982708632,
            -0.24201942222974315,
            -0.16019640963490417,
            -0.028423805346263667,
            0.11295729151220686,
            -0.97900563010327,
            -0.7776444774289318
        ],
        [
            0.22778684983148778,
            0.4671564674956836,
            0.5731786545974541,
            0.017758059960698076,
            0.2584685803256007,
            0.9052579822385144,
            0.0,
            -0.3431984381452368,
            0.8438202323791475,
            0.0846104704473553,
            0.6780784253859954,
            0.8711211667949625,
            2.089357892021826,
            0.46425444298361074,
            0.3243146969243539,
            0.7373906132926545,
            0.7711344807947257,
            -0.39003211357976875,
            1.028241714996922,
            -0.06152665129377599,
            1.8597320989513366,
            0.3308821714137777,
            1.488479403912127,
            0.33122294886983383,
            -0.8917450000365591,
            -1.3717254433553148,
            0.12787928034375518,
            0.2812249754465162,
            0.40768824688134486,
            -0.6538302907834427,
            -0.2987200415281596,
            0.3869857692937883,
            -1.4531923080942901,
            1.187000457499522,
            -0.032605663510388364,
            -2.1148489867437745,
            -1.381256584246097,
            -1.0496729406186152,
            -1.601911888638937,
            -0.11372837763697558,
            0.2871683277930995,
            0.9333098317385362,
            -2.1699632622732428,
            -0.15916086037099983,
            0.38065177737932854,
            -0.5614855641949784,
            0.004593504474703504,
            -0.6681199933017271,
            -0.595347301348668,
            1.1667183901027374,
            1.558188376619854,
            -0.7770180904340855,
            1.2198491683537476,
            1.7263610726027105,
            -0.43428280327134094,
            1.0158397911248551,
            -0.016828070829675277,
            -0.8207503259615998,
            -0.2567728529701262,
            0.8113179370979416,
            -1.3983244557072727,
            0.47127835859350914,
            0.8635946862398671,
            0.5687099267351416
        ],
        [
            -1.0269522007339902,
            -0.41457051177944076,
            -2.1277346717092467,
            0.22090617264821874,
            -1.7546967754249425,
            0.046049682643485156,
            -0.3431984381452368,
            0.0,
            0.8331434561852921,
            0.14076314135496096,
            0.9839419955155657,
            -1.7833737491751585,
            -0.6914757358716895,
            0.7360097141200127,
            0.45753862976035115,
            -0.7721247332582849,
            0.904191955604374,
            0.8762837187676514,
            0.45898136252400906,
            1.2409597849097551,
            0.06580505722611449,
            -0.302200037333689,
            -0.4914607723036084,
            -0.16126273683942233,
            0.016582777338310477,
            -2.434293271208475,
            0.7230434592892735,
            0.2387135689138717,
            0.22917511709044408,
            -0.7160563516066468,
            -0.1879405230536429,
            -0.06521988283160958,
            0.1583712315542055,
            -0.64949042305707,
            -0.2988029828468301,
            0.673062619079484,
            0.9644262433044855,
            -1.2367581058484693,
            -0.47665809442513407,
            0.4412042493649847,
            0.20132265471665461,
            1.920290033340241,
            -0.07287160006287384,
            0.42554356048255465,
            0.15957677886837612,
            0.1665402612970076,
            -3.1244781586883787,
            -0.931233946708176,
            -0.37562607936894776,
            0.7110707096600867,
            0.0151007220927079,
            1.166035341490662,
            -1.5463202254226145,
            -0.2800636788771025,
            0.44105829315537515,
            1.1332959708694115,
            -0.18651504489376128,
            1.9378241776019915,
            0.06553465150782666,
            3.8221243995783514,
            -0.11709946495606635,
            -0.9287843463257667,
            -1.7426410071587892,
            0.2936023696382989
        ],
        [
            0.17917793551658218,
            -0.6470688520309248,
            0.6970137394931185,
            0.5307428179791017,
            -0.7813190308312489,
            0.7531318803018578,
            0.8438202323791475,
            0.8331434561852921,
            0.0,
            -0.3173208738115573,
            -1.7477880244283253,
            0.6096640273603045,
            1.0288457100259978,
            1.7176815757576744,
            -1.7590611053094918,
            0.5316867337798911,
            -1.2021543014323806,
            -0.7729219304816363,
            -0.4298528073197705,
            -2.402685944436391,
            0.3302259259022742,
            1.446275658012231,
            -1.5545042064788508,
            0.8936437176373532,
            0.19841547590489977,
            1.5146941387366173,
            -0.6932967065244331,
            -0.21857909704927306,
            -0.11087033055604371,
            1.8441607470115489,
            -1.7767514457932492,
            1.2647445411027334,
            1.2531594666481918,
            0.7598934096646911,
            0.6370359717688441,
            1.6052300491811307,
            -0.5886980909755033,
            0.14161375521195196,
            0.13754031821168303,
            -0.6897634557361444,
            -0.30364014282271673,
            0.08554843982404553,
            1.2652872670089719,
            -0.544750287167858,
            0.45743407930504243,
            -1.969890918807751,
            0.8671438309871583,
            -0.01840351924350542,
            -1.996578600078552,
            -0.8640720090238077,
            1.7661320974401464,
            -0.6766416762623287,
            -0.07153291975471227,
            -1.5924207379896693,
            -0.9694318131108478,
            -1.5589116917346206,
            -0.26173445835426895,
            0.4055876052747132,
            -0.5482170250073426,
            -0.44812540828541236,
            -0.49737838471286133,
            0.9575765393222067,
            -1.3828515553876117,
            -0.24584626447027988
        ],
        [
            0.4334502869074568,
            0.9710859834251492,
            -0.2370021183088471,
            -1.7314613301779997,
            0.6808289719271843,
            1.761771346166392,
            0.0846104704473553,
            0.14076314135496096,
            -0.3173208738115573,
            0.0,
            1.6035939652226938,
            0.14458515987295775,
            0.18490734746180024,
            -0.8000441100396504,
            -1.2736766633907672,
            0.2558425334261966,
            0.18391572974399117,
            -1.5990432824113352,
            0.8486541239030134,
            -1.116607712912196,
            -1.1331201936097084,
            1.4722543378745676,
            -0.925032021434807,
            -0.7448474700313651,
            -1.0719395143413373,
            -2.08338708487143,
            -0.04691144521478915,
            0.3259284349474368,
            -0.5073614138370925,
            -0.1193024490427318,
            -0.42806495481767165,
            0.16090241496523777,
            0.7886163543538861,
            1.1124585072292459,
            0.3399192863701153,
            0.33808267410097403,
            0.06951252520345928,
            0.6944903135715101,
            -0.35031498147153123,
            0.9845066839208544,
            -1.0346557696788454,
            1.3367429760725618,
            -0.9969063975564348,
            0.8139927888701817,
            1.8078091775297764,
            -0.35628672193066374,
            1.5718871111744268,
            -0.38741766787310333,
            0.08148709547330903,
            -1.0187336639761815,
            0.12947756763616894,
            -0.893239668225266,
            -1.128852923837034,
            1.4486151001693144,
            -0.04758612934820055,
            0.47703400278830954,
            -0.42202285680621715,
            -0.8307418615314229,
            0.6183672461035711,
            -1.4054059549553235,
            1.394771224945478,
            -0.32725996411706093,
            0.29352598814640307,
            0.902434246941247
        ],
        [
            -1.0356547872841473,
            -0.9761756187705679,
            0.6051695318724307,
            0.3242193052937597,
            -3.224727384813434,
            -0.08441107877032697,
            0.6780784253859954,
            0.9839419955155657,
            -1.7477880244283253,
            1.6035939652226938,
            0.0,
            0.42300672857529004,
            1.1155717676463326,
            -0.5522577277601055,
            -0.7079440189932579,
            0.971530901454616,
            -1.5086464644242288,
            1.434711179942851,
            0.3921525219524583,
            0.3085288898555343,
            2.1194342004268005,
            -1.5006301423970405,
            0.9073471964917224,
            0.4960145106272229,
            -1.7843106516201794,
            -0.9326437741755569,
            0.39036245973679706,
            -0.13326758285558502,
            -0.19962592618177885,
            0.9761491283292671,
            -0.6264996070316063,
            0.5823655596854834,
            -0.7408498900115988,
            -0.607109891082125,
            -0.15845116171272786,
            0.3871457444887976,
            -0.24465814833523067,
            0.19559724501703107,
            0.5109169765528262,
            0.36985658353995426,
            -1.2849662956970131,
            -1.051395519831753,
            2.2910182220005124,
            1.457449725300845,
            0.4310525904404476,
            -0.8731417412471532,
            0.6324220544941821,
            -0.09768322882832227,
            0.520862187101559,
            0.3086719495449948,
            1.6890978167634012,
            1.4163793272186214,
            -0.5594248867203159,
            0.4948039133159716,
            -2.0276230089949436,
            -0.28749430831321837,
            -1.7067051049905393,
            1.0890464016664583,
            -2.5127373396646684,
            2.9315454393554634,
            0.07930376274570723,
            0.5616563285004529,
            0.7950678318926441,
            -1.6274025293825487
        ],
        [
            -0.11773829569524193,
            -0.4744879958630858,
            0.5966238351418434,
            2.375213660494671,
            -0.5279133595416042,
            1.1823128998830597,
            0.8711211667949625,
            -1.7833737491751585,
            0.6096640273603045,
            0.14458515987295775,
            0.42300672857529004,
            0.0,
            0.25522337128714223,
            -0.24074887103360296,
            -1.0293691281325834,
            -0.23966170402654943,
            1.163703197816874,
            -0.0862578517665718,
            0.041056621632752976,
            -0.021457774860925736,
            0.9539704983630423,
            -1.3584072885444967,
            -1.7693661040226194,
            0.6265405352512213,
            -0.17852014615000694,
            0.8373604314430398,
            -1.5024152532942308,
            1.7421388329814504,
            0.02007754568026889,
            -1.8226431926825837,
            0.40988388864988706,
            1.5900740111806366,
            -0.5845919530747896,
            0.02393247802629963,
            -0.3474667515110637,
            -0.7535857505583656,
            -0.033621020000145135,
            -0.1701330760352062,
            -0.13435991288169835,
            0.7898794897362298,
            -0.08659232125959486,
            -1.164963877014572,
            1.656739886267779,
            1.0609515524523163,
            -0.17417541656488086,
            -0.5349348114277445,
            -2.5399374370618357,
            -0.6781866112262355,
            -0.6519319532749698,
            0.6636822298808968,
            -2.3625792052252392,
            -2.153197984517105,
            0.9377024333591518,
            1.4157924153063368,
            0.1402035509197104,
            -0.011920794739587608,
            0.005982086518647292,
            1.290402866733137,
            -0.54850442377434,
            0.6757308156906975,
            -0.8375665826496305,
            0.15094694529015756,
            0.35107684386260846,
            0.05460254605696956
        ],
        [
            0.40183586604996896,
            -0.624942706749252,
            -0.27506515022877615,
            -0.27875966484998543,
            1.4653956440617242,
            1.659388641904951,
            2.089357892021826,
            -0.6914757358716895,
            1.0288457100259978,
            0.18490734746180024,
            1.1155717676463326,
            0.25522337128714223,
            0.0,
            -1.5142872690426656,
            0.4884978489785938,
            1.0438124281949706,
            0.17089654693551554,
            -0.8424404164210293,
            -0.2869099662214429,
            -0.2330282553044818,
            1.1540375311780753,
            0.48983485132290094,
            0.6151229846356638,
            -0.8697675825856929,
            0.34679503718277427,
            -1.6279073034518499,
            -0.05185403448426523,
            1.0086090556804423,
            0.21420038298436095,
            0.7595512463858995,
            0.1842734102875849,
            0.5330809751727389,
            -0.006604888423811991,
            0.4166577437590752,
            -1.535266130214731,
            0.5281719003164188,
            0.3683871812002416,
            -0.7181335959195346,
            -0.5687741204902504,
            -0.5950398356496014,
            -0.3984177922606494,
            0.8059267596076408,
            -0.9696499408181378,
            0.6089069079852186,
            -0.5624712159707987,
            -0.647328466777935,
            -0.8414617917116497,
            -1.0029033076357894,
            -0.46159049026041893,
            0.1327053803884338,
            0.2231570015589148,
            0.2418398791768776,
            0.8312665449002745,
            -1.5369529175841539,
            0.006821446096681601,
            -0.6501093743471191,
            0.03790067676529721,
            0.48761062215691703,
            -1.1845749820258544,
            0.7090582338460985,
            -0.04736523029586138,
            -1.5982726805581022,
            0.32498619827269215,
            1.2993694683194523
        ],
        [
            1.7754441159975625,
            1.6533217842783385,
            -0.2658336712499078,
            -0.562228382819478,
            0.3905618201289601,
            2.267074460900639,
            0.46425444298361074,
            0.7360097141200127,
            1.7176815757576744,
            -0.8000441100396504,
            -0.5522577277601055,
            -0.24074887103360296,
            -1.5142872690426656,
            0.0,
            0.2994101164365549,
            1.4527323365189548,
            -1.1796980838207036,
            -2.0701356142895824,
            0.44704062222742685,
            -1.6465051104049244,
            0.7297349935937619,
            1.381561742511035,
            -0.7963498745728024,
            -2.726103826901776,
            -1.2096269488236584,
            -0.6423405938823109,
            0.9390883653684412,
            -1.215850121398887,
            -0.9288469916444405,
            1.1197457053292867,
            -0.10498190171750374,
            -0.474586268636771,
            1.196133209314504,
            -0.30228445355029604,
            -0.9769223943705008,
            0.35179393624584293,
            0.1793438348611902,
            0.13397133905711656,
            -0.4434788252749561,
            -0.20766786362517134,
            1.4184144948555373,
            0.6838634071280564,
            -0.36478006013088243,
            0.4324598205398472,
            0.7171184969135737,
            -0.025193730281553552,
            0.8159078467994774,
            0.7611692642713409,
            -0.2941158906166742,
            -0.09556154958760907,
            0.44615637542995906,
            -1.7881914709161884,
            -0.8578277920409348,
            0.8820188002674942,
            -1.7063058666495223,
            2.060919324692665,
            -0.04827457743029821,
            -0.8989091411299631,
            -0.05394065424510731,
            0.6748731102210748,
            0.6037548971254193,
            -0.1370061116188108,
            1.5347018516362563,
            1.3336872566977565
        ],
        [
            -1.5590255646591429,
            0.7545483878205658,
            0.9072611775250652,
            -1.184838250428685,
            -0.3208626390455185,
            0.5551695018242584,
            0.3243146969243539,
            0.45753862976035115,
            -1.7590611053094918,
            -1.2736766633907672,
            -0.7079440189932579,
            -1.0293691281325834,
            0.4884978489785938,
            0.2994101164365549,
            0.0,
            0.48435228553693954,
            0.5045370111849482,
            -0.7137676612778383,
            0.786273586387875,
            0.1569641928343979,
            0.42038583463126644,
            -0.28999870014013335,
            -0.8455427798285888,
            1.2304393968374356,
            1.6337193687402503,
            0.5931528487465292,
            -0.2978302839103363,
            0.49689665720402504,
            -0.25235472639212714,
            -0.9485545161299238,
            -1.3504879120128583,
            0.18792320415278704,
            -1.0623417333158995,
            0.4124131835697885,
            0.5462360054771314,
            -1.9667433535447953,
            -0.35643776471948435,
            0.9909903551780422,
            -0.06918448133169885,
            0.05984871070369695,
            -0.8920718935007047,
            -0.8155483018880381,
            1.4591511822644272,
            -2.0427834925046433,
            -1.370980221405517,
            -0.5019581288062683,
            1.5612309528978996,
            0.5739371794904496,
            -0.7643479988245718,
            1.2440254835058004,
            0.14765666285693727,
            -0.7301045110342468,
            -0.31807041967855115,
            0.4562535710580989,
            0.12939402852915302,
            -0.22115002653091065,
            -0.6095037349061689,
            0.3461051854744507,
            0.6943930865989013,
            -0.4425628843405798,
            -1.4935420274588433,
            -0.8129070346428673,
            1.391038020791714,
            -0.994410535142531
        ],
        [
            -0.2513102785917632,
            -0.3816323795265615,
            0.628496052652782,
            0.21545252731276546,
            -0.4703766004445535,
            1.1082999631484671,
            0.7373906132926545,
            -0.7721247332582849,
            0.5316867337798911,
            0.2558425334261966,
            0.971530901454616,
            -0.23966170402654943,
            1.0438124281949706,
            1.4527323365189548,
            0.48435228553693954,
            0.0,
            -0.3701929155425259,
            0.5528765742815411,
            -0.8276710948355415,
            -0.17412358508264106,
            -0.5005922272312432,
            1.301880134212353,
            0.43746414778003556,
            -0.1242572481280579,
            0.2205905985981037,
            0.34109112621425813,
            -1.4243137193193598,
            -0.5605641519496131,
            -0.013163639921019482,
            1.9480186277683267,
            1.8860057716134604,
            0.23501972121363499,
            -1.1358913657792746,
            -1.1402746230159475,
            0.6699463013981569,
            -0.08039172078802787,
            2.2755228827000415,
            -0.792118776621169,
            0.2471738944983637,
            -1.9900604122948273,
            0.8146280217512339,
            -0.9479101234708103,
            -2.2006145463168143,
            0.3467599226600175,
            0.31677953638728307,
            -0.735928849077922,
            0.8623608689175671,
            -0.5144109924252065,
            0.22205326953649374,
            -0.8476301893539248,
            0.6488142330732565,
            0.9718074473196641,
            -2.0319117774314606,
            0.3127643733316714,
            -1.7598519423969492,
            -0.8320258431376774,
            -1.0168648482133145,
            2.6677656105103105,
            -1.9435141618002931,
            -1.3331440926363003,
            -0.6831311276534139,
            1.5709694527113138,
            0.33516462400414865,
            1.8147364243198116
        ],
        [
            -0.0340107117043677,
            0.06655017106466529,
            0.8523100999194687,
            -0.6264304549410946,
            0.4593266774137794,
            -0.1439189307072021,
            0.7711344807947257,
            0.904191955604374,
            -1.2021543014323806,
            0.18391572974399117,
            -1.5086464644242288,
            1.163703197816874,
            0.17089654693551554,
            -1.1796980838207036,
            0.5045370111849482,
            -0.3701929155425259,
            0.0,
            -1.6666980791317272,
            -0.8515476225563078,
            -0.30918793320357685,
            -0.4077459406190326,
            0.00877139111303626,
            0.6394945905816535,
            1.4163675429948663,
            0.33389908564372667,
            -1.8452820773765357,
            -1.148539881280948,
            1.2291887636617453,
            -0.4133698235894182,
            0.42179664870112743,
            0.7845304091466997,
            0.22386477173233005,
            -0.5762184993698289,
            0.5598072861414556,
            -1.143175525848229,
            0.43899558662342814,
            0.09371557152223085,
            0.3789047111366904,
            1.6507641046149597,
            -0.26091594165567644,
            -0.02217988238753781,
            -0.35366360880598435,
            0.034588769987742574,
            -0.7397778528046398,
            -0.5464141553811408,
            -0.11642856345436575,
            0.1962026523660762,
            -0.965529444793794,
            0.8322926260392127,
            0.48461337957831785,
            -1.2454432416325978,
            1.6212219539477575,
            0.19463782031287896,
            0.37135725938683095,
            1.0444256576222273,
            -1.4199010970793067,
            2.0091572863585716,
            -0.2765711116124174,
            -0.7077903549705955,
            -1.1781878291300654,
            -0.3208617742011335,
            1.3795636181308126,
            -1.1083006398588076,
            -0.6487386622427611
        ],
        [
            -0.7843793093483972,
            -1.8300904110717502,
            -1.1211693090872852,
            -0.4465328729523711,
            -0.3681616023317416,
            1.9359486845695464,
            -0.39003211357976875,
            0.8762837187676514,
            -0.7729219304816363,
            -1.5990432824113352,
            1.434711179942851,
            -0.0862578517665718,
            -0.8424404164210293,
            -2.0701356142895824,
            -0.7137676612778383,
            0.5528765742815411,
            -1.6666980791317272,
            0.0,
            -1.1759282677054543,
            -0.2564000392950915,
            0.3272702193031312,
            -2.113276823561122,
            -0.7269359015863266,
            -0.1742795967248965,
            0.49177558659190584,
            -1.294098613884501,
            0.3477458488159763,
            0.3699071049187826,
            0.5329789809049246,
            0.16069100009865744,
            0.7990921797174799,
            0.6362056198968352,
            -0.37141521263130406,
            -0.20817127749323194,
            0.6235809546572102,
            1.016378147431448,
            0.2696961541944822,
            0.17191438694293532,
            1.0671627438962836,
            0.21097030698943703,
            0.2857220608460437,
            -0.2981078555335876,
            0.682699405256211,
            -0.76399218168097,
            -0.7470457403333329,
            0.9651430516027149,
            -0.27586015732396113,
            -0.11324453032573889,
            0.2573384385009597,
            -1.1220053357339892,
            1.2479208550383143,
            0.32487535406524465,
            -0.003277958951969511,
            -0.21617633660924812,
            0.7756730534653826,
            0.49380585067003613,
            -0.27482358098673254,
            0.09370538397652409,
            -0.7610049744426917,
            0.33633851251729535,
            0.44352600068766,
            0.2720274510316874,
            -0.12952346599044043,
            0.7583621151286633
        ],
        [
            -0.3568585727225986,
            0.599902300923198,
            0.39916576977226986,
            -0.5688118249986174,
            0.018714804837465914,
