{
    "N": 64,
    "id": "929ee638-c7df-4c7a-b051-36a82ad47cff",
    "problem_type": "SK Spin-Glass",
    "distribution": "gaussian",
    "spins": [
        -1,
        1,
        1,
        1,
        1,
        -1,
        1,
        -1,
        1,
        -1,
        1,
        -1,
        1,
        -1,
        -1,
        -1,
        -1,
        1,
        -1,
        1,
        -1,
        -1,
        -1,
        1,
        1,
        1,
        -1,
        1,
        1,
        -1,
        1,
        -1,
        -1,
        -1,
        -1,
        1,
        1,
        -1,
        -1,
        -1,
        1,
        1,
        1,
        -1,
        -1,
        1,
        1,
        1,
        -1,
        -1,
        -1,
        1,
        -1,
        -1,
        -1,
        -1,
        1,
        -1,
        1,
        -1,
        -1,
        1,
        -1,
        -1
    ],
    "couplings": [
        [
            0.0,
            1.4178719012909187,
            -0.02604799046227057,
            0.028324296551784475,
            0.5508668584202971,
            0.11263809705314273,
            -0.08422560552290075,
            -1.3693079429555832,
            -0.8644627107499495,
            -0.3121769051584629,
            0.6031614583679334,
            0.2314069454406376,
            -0.37298226047018485,
            -0.982009272860423,
            1.1560396989940251,
            -0.7389818361338507,
            -2.1441013320038116,
            -1.4459537889729688,
            0.7575769013921543,
            0.002115740812906411,
            0.281849983472448,
            1.8962381693673458,
            0.12095336611943286,
            1.1485093214697857,
            0.7874378654894286,
            -0.13478239049410173,
            0.02472313669948164,
            -1.1404961576347596,
            0.8748464625395724,
            -1.7838407491047177,
            0.5128413151209764,
            0.14336861387864405,
            -2.3344993752379404,
            1.97715922576242,
            -0.17000900005507014,
            0.4723033661942013,
            1.07490237328748,
            1.0582478596333995,
            1.604691808471756,
            0.4927689063862225,
            -0.6800630450668077,
            -0.7618641493523022,
            -0.4905564698423876,
            -0.609766605704867,
            0.41562257019695314,
            0.6688691772896499,
            -0.07152266409682105,
            -2.435292429264236,
            0.7129804950653664,
            0.1659783443763382,
            1.066034335676877,
            1.0542222922747553,
            -1.5009916523662592,
            -0.07722554048451183,
            -1.1342415069332583,
            0.7229024553592243,
            -0.871464130537305,
            -0.037609909928828754,
            -1.197599968773569,
            0.07902771842942541,
            0.7452555878844533,
            0.506936908132134,
            0.5121017884158421,
            -0.7416168284951119
        ],
        [
            1.4178719012909187,
            0.0,
            -0.9783177929010011,
            0.06593101047396069,
            0.3300989546531197,
            0.44919786367523795,
            1.609482635915258,
            -0.16522761705274294,
            0.27001293010907074,
            -0.13893523074466266,
            0.150362558627649,
            -1.2720220257423946,
            0.6592228507284696,
            -1.9558645930728122,
            -0.7553692513414609,
            -0.8285761015967865,
            1.7770956313779307,
            1.600284722303498,
            0.5317586307416269,
            -0.3864385440516583,
            -0.2938042922008001,
            -0.9355709813381047,
            0.1860705273688565,
            -1.5503384308015864,
            -0.9433973673041912,
            -0.5324853427763193,
            -0.6173621848905213,
            0.5020847181370419,
            -0.1290414164252408,
            0.7378968825855673,
            -0.18805133525550644,
            -1.744875929398634,
            1.1773771978706158,
            -0.7675162741212178,
            1.2516401619114694,
            0.1962394786665805,
            0.1817908071244025,
            2.690304030596524,
            -0.19731651339156964,
            0.5687889545248501,
            0.024004169894299408,
            1.4171686674038215,
            -1.5759663876632588,
            -0.02613697239118392,
            -1.0036324653026252,
            -0.8768723775343044,
            -0.383432449823555,
            1.1754928843362251,
            -1.0521501379270681,
            0.8480279934104203,
            0.5782807548614057,
            0.14012516738669228,
            1.4186527033372371,
            -1.8818967855471163,
            -0.7889395435710574,
            0.31797624625566573,
            -1.2119885461896784,
            -0.29550044702574363,
            0.6659126994733409,
            -0.4808394082761956,
            -0.22041109196275468,
            0.863013390314224,
            0.9205586066634177,
            0.8087114915638072
        ],
        [
            -0.02604799046227057,
            -0.9783177929010011,
            0.0,
            1.273300433757513,
            1.6401330732359725,
            -1.0920048070881512,
            0.4202202650700309,
            -0.9382566101316236,
            -0.754873315721785,
            1.4703239969794644,
            -0.1547193844730785,
            -0.27992324940342844,
            0.5275587676787417,
            0.1330390065880451,
            -0.9968490418406252,
            -0.4418957558744863,
            0.2237572859434617,
            -0.04521704951368189,
            0.8913702688446637,
            0.09562909975970084,
            1.4030027988395395,
            0.07341990788054224,
            -0.8238413849818348,
            -0.6540527864033377,
            0.718825299565008,
            -0.19547461153135834,
            0.2886622798760904,
            0.6074035581912338,
            -0.7194917193251147,
            -1.1172705874488893,
            -0.01597984997501829,
            0.006320458722476685,
            -0.3913577073411009,
            0.1629413613565289,
            0.3279408350719651,
            -0.15453239933554966,
            1.3628347958902203,
            0.21062374515113413,
            0.2547323433395208,
            0.24295459969742314,
            0.19263813798558427,
            0.8026754496516227,
            0.714492087381747,
            -0.02224550210245637,
            -1.8499402391833935,
            -0.46372133478937116,
            -1.512552834363461,
            2.419714272042925,
            -0.8754163538811108,
            0.6880732572238599,
            0.24778674553957653,
            -0.15359848903480822,
            0.0440217150958047,
            -0.9499284740697997,
            0.18225623853032238,
            0.20823462313165597,
            -0.5577356543669185,
            -0.24663111589379666,
            0.9472137491075424,
            0.29465037818599094,
            -1.7835273177429873,
            -1.1044211085001951,
            -0.20418162384625524,
            0.3882139646370205
        ],
        [
            0.028324296551784475,
            0.06593101047396069,
            1.273300433757513,
            0.0,
            -0.07574453011807523,
            0.12210266253098541,
            -1.5681436681791838,
            0.5315185858036741,
            1.1329771476101602,
            0.5631684789800835,
            0.04218976489076576,
            -0.1681347833506722,
            -0.4733843458011303,
            0.9732902491973244,
            0.02910406638766189,
            -0.33569647568549155,
            0.9498229182204251,
            0.8092334390914238,
            0.4262474860365359,
            -1.0119160278824617,
            1.2418274474432809,
            0.42628930245297936,
            -0.717699694627501,
            -1.2302969736263734,
            0.4541262122855664,
            0.7907728697729214,
            0.28803043412833346,
            -0.9230474301206288,
            0.7610969095533185,
            0.40179843716486213,
            -0.05190597830463917,
            1.6466868580295326,
            -1.2248976555597635,
            -0.10170428767534935,
            0.7799417355500045,
            0.24273234477040317,
            1.554019595716707,
            1.6705975124279933,
            -0.0838201197760988,
            -0.0872651085973995,
            -1.0301021438350526,
            -0.8161235022673664,
            -0.9786393714780803,
            -1.0314833343331102,
            -0.13376804450872062,
            -0.9224718502080244,
            0.1408771957697105,
            -1.083460233364056,
            1.1355661206738932,
            0.7910796086165299,
            -0.6847089140758528,
            -1.5303259479360543,
            0.42709017526389575,
            -0.8875640662302483,
            0.8719255356816639,
            -1.0101503347977632,
            0.44620461461100464,
            0.10152921506964684,
            0.19678664320632297,
            -2.1745920447418112,
            -0.11970148220591015,
            -0.547717449197217,
            0.9762964649449555,
            -0.18452409989051496
        ],
        [
            0.5508668584202971,
            0.3300989546531197,
            1.6401330732359725,
            -0.07574453011807523,
            0.0,
            2.371788443022475,
            -0.07215562365417462,
            -0.28821274580207523,
            0.10998433968627405,
            -0.05463449163529294,
            -1.4882544634200072,
            -0.35140330762801436,
            0.8074929992175534,
            -0.2180107942914342,
            0.08155440834829904,
            0.8241982403984498,
            -2.497342344382097,
            0.4763245555710093,
            -0.6086768423977327,
            1.293502196776922,
            -0.821564238502923,
            1.3234871352173032,
            -0.8863997188473997,
            0.28218650407498236,
            0.09339242096317743,
            -0.7233778334917126,
            0.5897058665502014,
            -0.2111674402335926,
            -1.142189998010881,
            -1.486578986608568,
            0.25789415902257734,
            0.34909447115691666,
            -1.1156257297429968,
            0.38304829002761903,
            -0.9127701006994079,
            -0.5705106197846932,
            -0.16015575200618043,
            0.6307802948660669,
            0.6343754777840959,
            -1.6967292447672333,
            0.009406801602623777,
            -0.18759623014635396,
            0.7019419480192508,
            1.471891564765199,
            0.89036510447777,
            1.6025788942948074,
            -0.4535427201539239,
            0.43412967387170665,
            0.624574188868742,
            0.10106119040188107,
            -0.39211780196120916,
            0.7117727036460377,
            0.7831424331342199,
            0.36949744931640155,
            0.4072184979864585,
            0.6794822898383467,
            -0.8846876470460306,
            0.1736869466596092,
            -1.2441625634538405,
            -0.779771365409086,
            0.46348689174845525,
            -0.16796227279038695,
            0.2402773026365946,
            -0.8148073542840281
        ],
        [
            0.11263809705314273,
            0.44919786367523795,
            -1.0920048070881512,
            0.12210266253098541,
            2.371788443022475,
            0.0,
            -0.20239604289803365,
            0.5214934124485329,
            0.045860046129243034,
            -0.49725936356148237,
            0.9442074975797387,
            -0.8933236591733269,
            0.49460213738186143,
            -0.22282288641331457,
            1.8022755310395948,
            -0.7738392921740995,
            0.313290770439026,
            0.22166979247269128,
            -0.08422729204239504,
            -1.0768113998285336,
            -1.2491441317358836,
            1.728015953944239,
            -1.4232194076049935,
            0.17897433086914472,
            -1.9408218567094861,
            -0.8667060486863462,
            -2.010440422216109,
            -0.2680808608563414,
            -0.3202230281947233,
            -0.7722582072042722,
            -1.1298814978554557,
            -0.033686339616882714,
            0.10942594461618017,
            0.461021177114401,
            0.16128495909585305,
            -1.8863438956726455,
            0.5130798974795947,
            0.6993430454366264,
            -0.28517466797642804,
            0.37384445103973996,
            2.651219260478661,
            0.21024575083673794,
            -0.9665529357761301,
            0.5406349910665502,
            0.3252796738144001,
            -0.7173849246208854,
            -0.1332572707158849,
            -1.1656842831454501,
            0.345084510869915,
            -1.0599689959268972,
            -0.656106289039006,
            0.6699414165822792,
            0.7557075945308614,
            -0.20170357803188066,
            -1.5460075146410142,
            -0.016128807919556683,
            0.44561718987246185,
            -0.8002706347395928,
            0.5488178704848595,
            1.0564027976727388,
            -0.3616190432497008,
            0.5626199855607226,
            0.8485514711449362,
            1.3517667527328108
        ],
        [
            -0.08422560552290075,
            1.609482635915258,
            0.4202202650700309,
            -1.5681436681791838,
            -0.07215562365417462,
            -0.20239604289803365,
            0.0,
            0.521480092687765,
            -0.5132565390757794,
            -0.36878272435726883,
            -0.057861885073969915,
            0.4926940716644567,
            0.2939518897915792,
            -1.1698574798273027,
            0.6256987880249661,
            -0.5012977319927473,
            0.2811933725038215,
            0.5389514296305301,
            -1.2569770292324216,
            -1.3367314393969254,
            0.09056202747789104,
            -1.3621194179706477,
            0.8944602727700568,
            0.6280940740201654,
            0.04063753709217818,
            -0.7323250800328764,
            -0.5630119201592185,
            0.6200175769059211,
            0.481286806418307,
            0.7740616698076545,
            -1.5253185589528426,
            1.814602396793829,
            -1.0644149508587528,
            -1.2377053760451149,
            0.031280696967754304,
            -0.42286921619161727,
            0.5354628697142936,
            0.40202756799894673,
            1.0660360505840918,
            -1.3815599677977044,
            1.103353565152747,
            1.171149909489712,
            -0.17562482235091448,
            0.2200170528148018,
            0.7107302865308305,
            1.402477353527427,
            -0.2159114410210277,
            2.2496447606769134,
            -0.5402288289853153,
            -1.1658139038401174,
            -1.5489449580611354,
            1.246816160880938,
            1.3716670999728084,
            1.7165629529783555,
            0.6602994598648071,
            -0.7913460993858207,
            -0.9305510577815599,
            0.7188344389806841,
            -0.07689875222657215,
            -1.150950084638004,
            0.5914752293496384,
            0.5701111901483065,
            0.9980354423940097,
            -1.3528235622876577
        ],
        [
            -1.3693079429555832,
            -0.16522761705274294,
            -0.9382566101316236,
            0.5315185858036741,
            -0.28821274580207523,
            0.5214934124485329,
            0.521480092687765,
            0.0,
            -0.9008370141240849,
            -0.4008388067370047,
            -0.0820729723795609,
            0.023066691486867946,
            1.2721698234043364,
            0.2434010358424407,
            -1.7894428773252236,
            0.24115149410014625,
            -1.3186246893213356,
            2.4453510594275647,
            1.2020318993943733,
            -0.20271552564814452,
            0.9456444538103647,
            0.12093069902801125,
            0.6653323394618994,
            -0.559894888337675,
            0.2761759735662504,
            0.6138235310234026,
            -0.26546017063233246,
            1.316794627475099,
            0.6675475164091813,
            -2.0082611171111973,
            -0.3947990655580648,
            0.8128790023859349,
            -0.7575901575528501,
            2.345905642032217,
            0.8976212251058987,
            0.5956931670709777,
            -0.9072507811668952,
            0.4020131718407645,
            1.238536571969174,
            -1.5294975716403505,
            -0.8687529775591333,
            -0.6172375822899636,
            0.6409058360680142,
            -1.6622383839394734,
            -2.053293577465136,
            -0.7997125507487726,
            0.0344457378356518,
            -2.8799195002922042,
            -3.1088017859542907,
            -0.07455149833357179,
            1.3234558480755303,
            -1.140150454319804,
            0.8816438009331306,
            0.08947683377065671,
            -1.3064444231274086,
            1.1975995223215699,
            0.6961102588304645,
            -0.16945550307302518,
            -1.1431484896603201,
            -1.2916652452865962,
            0.8655652044534591,
            -0.8660915367113674,
            1.219682321500302,
            0.26667629059132014
        ],
        [
            -0.8644627107499495,
            0.27001293010907074,
            -0.754873315721785,
            1.1329771476101602,
            0.10998433968627405,
            0.045860046129243034,
            -0.5132565390757794,
            -0.9008370141240849,
            0.0,
            -0.18826440774746425,
            -1.9769743965679152,
            0.31757553844873554,
            0.63628560558976,
            0.19747124541244543,
            -1.2925972469139755,
            -0.4715869664424067,
            -1.0068052765691704,
            0.8936552035696669,
            -1.941665905470058,
            -0.013878677503554817,
            2.060479044640621,
            0.4912457908873637,
            2.14147815855808,
            -0.47244724884450595,
            0.10184739049771036,
            0.7715704302461207,
            -0.3685568357558703,
            -0.5335224900364129,
            -1.0532611546070743,
            -0.1640794230698669,
            0.11955564495631409,
            -0.9026022179149751,
            -1.29572019774469,
            0.05507168019649908,
            -0.03800799201670649,
            -0.09608284735779583,
            -0.6712651825752702,
            -1.610079115205529,
            1.8911044109247757,
            -2.5360869625774485,
            0.7236745412099569,
            0.4197295603787637,
            -0.9072913456701038,
            0.34044708152610714,
            -1.0446725759230633,
            0.17782749407879123,
            0.20270213161177836,
            0.24996110658826484,
            -0.02491310023166043,
            0.7285829732831467,
            -1.8682503129324721,
            1.8774520415618619,
            -0.8882878034388039,
            0.8043827446658334,
            -2.484124994204434,
            -1.079010518952725,
            1.295095615486773,
            0.10472633150402687,
            -1.108228346390552,
            0.40116869307827363,
            1.1523546887514617,
            -1.592025379957316,
            -0.17376847695330302,
            0.49803683393073567
        ],
        [
            -0.3121769051584629,
            -0.13893523074466266,
            1.4703239969794644,
            0.5631684789800835,
            -0.05463449163529294,
            -0.49725936356148237,
            -0.36878272435726883,
            -0.4008388067370047,
            -0.18826440774746425,
            0.0,
            0.7052850563185249,
            -0.7174942839028496,
            -0.009940508076248748,
            -0.3622419370823017,
            -0.09862916092637167,
            0.018782605175310246,
            -0.7462524349604153,
            -0.9324260872260548,
            -0.721239727892304,
            0.886444564249195,
            -1.0978820592330423,
            -0.4987122224288386,
            0.7007946916055372,
            0.20144703337878805,
            0.8958235232803157,
            -0.35917942035618095,
            -0.9403302148058076,
            0.49329316488102637,
            0.1819274197360954,
            -0.21529466341345532,
            -0.07834170947277119,
            1.2184594034576894,
            -0.16583838519382685,
            0.28650692134686406,
            2.0023178447621097,
            0.8274821307533307,
            2.047431665003619,
            1.8028758639982119,
            -0.2533910060769988,
            0.33422423232365484,
            0.2758157807319755,
            0.3461555977708987,
            -0.6678855087771026,
            0.926077920457717,
            -0.6364535230065889,
            0.8374517612172394,
            -0.8626522190362449,
            0.05710202878342517,
            -0.6051414006716948,
            -1.5582404471293643,
            -0.15323117449959978,
            0.015941284768761974,
            0.3922201365593135,
            0.4222265112264296,
            -1.8126148880704078,
            -0.7956564055208928,
            0.8413347805420279,
            2.032863914686162,
            -0.3960787674367745,
            -0.1097086112868653,
            -0.7468823098652889,
            -1.048538174290406,
            1.1623137870395586,
            -1.4596182753730853
        ],
        [
            0.6031614583679334,
            0.150362558627649,
            -0.1547193844730785,
            0.04218976489076576,
            -1.4882544634200072,
            0.9442074975797387,
            -0.057861885073969915,
            -0.0820729723795609,
            -1.9769743965679152,
            0.7052850563185249,
            0.0,
            -1.2125054663396055,
            0.09427969772232184,
            -1.1331196116502176,
            -0.7142536671369317,
            0.42420368906892225,
            -0.25286639604426286,
            0.9069546890546835,
            -1.4091986182389542,
            -0.6104006477945821,
            0.06840766438143651,
            -0.5667436482676008,
            -0.6768909784405848,
            -1.0737077237048516,
            0.7665178142967113,
            -0.37742006047929,
            -1.0847934442961928,
            -0.2715231454747673,
            -0.8258177738447421,
            -1.2575812513338647,
            -0.06827242408569716,
            -1.065236066230534,
            -0.5073652836320586,
            0.8418284205816,
            0.05571595475138935,
            -0.7900037807327617,
            1.4202548787162004,
            0.0801016195166041,
            1.1026607497105383,
            1.2869242399088,
            -0.3681846127895803,
            -0.5340781301623296,
            -0.1991253806528779,
            2.0170530431576976,
            -0.9005604964731314,
            -0.7195181916604438,
            -0.7923098459573461,
            -0.5022523854638627,
            1.2225656068964776,
            0.4209438406013993,
            0.6581175398862495,
            -1.7829387137082713,
            -1.1489159912626468,
            -0.02675436038585595,
            -1.251348085305551,
            1.1240628308659586,
            0.13664254714866275,
            1.192017428114673,
            -0.9175485940030921,
            0.6274401351911545,
            1.0783844958326347,
            1.4541784303024676,
            -0.25973041788211976,
            -1.5022187052779752
        ],
        [
            0.2314069454406376,
            -1.2720220257423946,
            -0.27992324940342844,
            -0.1681347833506722,
            -0.35140330762801436,
            -0.8933236591733269,
            0.4926940716644567,
            0.023066691486867946,
            0.31757553844873554,
            -0.7174942839028496,
            -1.2125054663396055,
            0.0,
            0.08514728514084252,
            0.8775897968729367,
            -0.21191990735214142,
            0.3637276905799461,
            -0.653055437438029,
            -1.1638011787249063,
            -0.18750180575913009,
            0.28315509521435833,
            1.4994283339926051,
            1.1170020268382994,
            0.8710866113522133,
            1.7982961956055554,
            0.578607073998845,
            -0.09753937243998735,
            0.9752632954031922,
            0.006519312176213828,
            -0.7874287716593487,
            -0.9790421799576787,
            1.1417058058602214,
            -0.2647580078686586,
            0.6540035715729304,
            0.874585263844435,
            -1.2252023821545635,
            1.138351738428341,
            -0.9340058768062227,
            0.9552897787972896,
            -0.861968350637249,
            0.6770829766190769,
            1.3087228864604803,
            -1.4098455940774137,
            -0.8221294716147886,
            -0.03633131065333849,
            -1.1890501008286303,
            -1.2620464777087752,
            -0.15981419133411054,
            -1.304595077122388,
            -1.1255283218230707,
            -0.3230791316209704,
            0.37479022068927786,
            -1.5198419861063959,
            -0.5750884150296072,
            0.7159971621264782,
            -1.5097803771879175,
            0.27077362451003056,
            0.5208387198061468,
            -1.137253321230151,
            0.9202167673144198,
            1.759690821822521,
            -0.13386177313214517,
            -1.2676261535491469,
            -0.23699367166463545,
            -1.6801348806528578
        ],
        [
            -0.37298226047018485,
            0.6592228507284696,
            0.5275587676787417,
            -0.4733843458011303,
            0.8074929992175534,
            0.49460213738186143,
            0.2939518897915792,
            1.2721698234043364,
            0.63628560558976,
            -0.009940508076248748,
            0.09427969772232184,
            0.08514728514084252,
            0.0,
            -0.01677994729351278,
            0.509886543189881,
            -1.3536277042046687,
            0.6902833888207291,
            0.4819109337731591,
            0.43314016291368124,
            -0.164482162277056,
            -0.480007799654358,
            1.477726052400647,
            -0.4209301184188425,
            -1.2346245492587422,
            -0.275387504367561,
            -0.9768225195614217,
            0.770819913032587,
            -0.7386974244038446,
            0.33682497385419696,
            -0.8552942614325754,
            2.0468424452316536,
            0.8502763562832923,
            -0.9150822142617854,
            -0.34593315191594126,
            0.18656563792449912,
            1.531762403309863,
            0.6537854873453027,
            -1.5285247068092052,
            -0.5755468086641735,
            0.5022873484033112,
            0.3448166681021025,
            -1.1264869512167386,
            -0.12951298591576624,
            -0.5708671738992496,
            1.7635582748246763,
            -0.7472872822711794,
            0.2440210128019156,
            -0.8866834831575686,
            0.6312435118177798,
            -0.4063966878152719,
            -0.6833305006083689,
            -0.3765905879754214,
            -1.902421092233758,
            -1.5710254248965996,
            0.4795701418084613,
            -0.6825950227124704,
            1.1399366463366334,
            3.607259710617171,
            -0.7609800088515095,
            -1.7233175642466778,
            0.368357194753652,
            0.5509078819175491,
            -1.0482561480918704,
            -1.1593906883161804
        ],
        [
            -0.982009272860423,
            -1.9558645930728122,
            0.1330390065880451,
            0.9732902491973244,
            -0.2180107942914342,
            -0.22282288641331457,
            -1.1698574798273027,
            0.2434010358424407,
            0.19747124541244543,
            -0.3622419370823017,
            -1.1331196116502176,
            0.8775897968729367,
            -0.01677994729351278,
            0.0,
            -1.2851971312522787,
            0.31294292922838185,
            -1.192238045320865,
            -1.3378034030929398,
            0.2229883575036966,
            -1.135145555138503,
            0.6957552159036486,
            -0.061822969893272926,
            -0.5605482648486917,
            0.04198724974970901,
            0.24025350226233386,
            -1.4150220614992637,
            0.11538175667502927,
            -0.28406629155817154,
            0.27762594066802115,
            -0.6205993985711548,
            -0.6874840509180856,
            -1.6843832432196335,
            0.4053649573361888,
            0.19723596833395593,
            0.6452342676146606,
            0.05532550058256534,
            -1.1924938255052748,
            1.3674783628642848,
            -0.570246502985045,
            -0.02304002904858203,
            -1.1303260195482632,
            -1.3368037364696435,
            -1.5630579157557378,
            1.5137701311391227,
            0.47453987257034136,
            -1.2049807994432231,
            -0.8882027742632412,
            1.1785659026266986,
            0.30073723912454936,
            0.3112073102877637,
            1.159741756733474,
            1.2768340808044982,
            0.26138648079871163,
            -0.8591004572923178,
            -0.08476535189805293,
            -0.47300970725910557,
            0.1955200342479602,
            0.4704804626859502,
            1.0266134116324095,
            -0.3417614542220562,
            -0.6801619419726173,
            -0.40411225330708883,
            1.019316708792793,
            -0.9069044291220267
        ],
        [
            1.1560396989940251,
            -0.7553692513414609,
            -0.9968490418406252,
            0.02910406638766189,
            0.08155440834829904,
            1.8022755310395948,
            0.6256987880249661,
            -1.7894428773252236,
            -1.2925972469139755,
            -0.09862916092637167,
            -0.7142536671369317,
            -0.21191990735214142,
            0.509886543189881,
            -1.2851971312522787,
            0.0,
            -1.7733289443481282,
            0.599075846277571,
            -0.901834035826405,
            -0.20570200279576267,
            0.4110492742687836,
            0.018967023868190123,
            1.6028516174865803,
            0.15720993761027544,
            1.6277797877584455,
            -1.5948139181972874,
            -0.6149480371371914,
            0.03186559605398693,
            0.6330324615119625,
            0.8901012295752546,
            -0.7162542222894546,
            -1.086619835846982,
            0.2957383907566818,
            -0.3098178623917716,
            -1.0643475892549412,
            1.4461730486917723,
            -1.3440413173489947,
            -0.7533802486729239,
            -0.07373335763992646,
            0.45976843512535875,
            0.6029292815074455,
            -1.452651164152296,
            0.8127411570240384,
            -0.6385594453496154,
            -1.5107270328725173,
            2.5000872057298413,
            0.6243288393760141,
            -1.1668604431508753,
            -0.25583696334664513,
            1.6553113809251836,
            2.225909223660178,
            1.2498130041400919,
            0.8874408972075933,
            -1.2113153826399181,
            -0.9380127282663221,
            0.784215547086187,
            0.2350064029400372,
            0.0058691124233522,
            0.15592152831498216,
            0.9846956147968873,
            0.055439889894454863,
            0.25703374591795136,
            -0.026368029076096006,
            -1.6617150276942063,
            -1.6599033727169483
        ],
        [
            -0.7389818361338507,
            -0.8285761015967865,
            -0.4418957558744863,
            -0.33569647568549155,
            0.8241982403984498,
            -0.7738392921740995,
            -0.5012977319927473,
            0.24115149410014625,
            -0.4715869664424067,
            0.018782605175310246,
            0.42420368906892225,
            0.3637276905799461,
            -1.3536277042046687,
            0.31294292922838185,
            -1.7733289443481282,
            0.0,
            -0.7838997527596174,
            -1.1209222619321462,
            -1.166531669387934,
            -0.21196621122753587,
            -0.5320295032153004,
            0.34478985190105615,
            1.3838245368396171,
            -0.18362074315327653,
            0.05276443677374838,
            -0.8385492324032915,
            -0.2827518327022061,
            -1.1993277588020173,
            1.3444746819145341,
            -0.08771163199881825,
            -1.0838101706094274,
            -1.0280349778385725,
            1.0332756736929547,
            0.5936006314764218,
            -0.06313646530904435,
            0.6122626718773444,
            0.782544625700014,
            -1.9019491148257437,
            -0.2987797183379694,
            0.5955653991234515,
            -0.5834290071952081,
            -0.11751950558189106,
            -0.7315106052087725,
            0.06251667739947332,
            0.27223792690751636,
            -1.3333404675829013,
            -0.44420532407170144,
            0.9054654527591235,
            1.4464546932399354,
            -0.726253885200303,
            -1.826085759273847,
            -0.9181797729266323,
            0.8774557913151312,
            -0.7496168759135172,
            0.19890284468598365,
            0.0073864283499129975,
            -1.1214655990819322,
            -0.8137000684592691,
            0.7537339345897366,
            0.7845447836932676,
            0.29007647717930074,
            1.3187167035280742,
            0.15580539620465098,
            -0.27316842286629733
        ],
        [
            -2.1441013320038116,
            1.7770956313779307,
            0.2237572859434617,
            0.9498229182204251,
            -2.497342344382097,
            0.313290770439026,
            0.2811933725038215,
            -1.3186246893213356,
            -1.0068052765691704,
            -0.7462524349604153,
            -0.25286639604426286,
            -0.653055437438029,
            0.6902833888207291,
            -1.192238045320865,
            0.599075846277571,
            -0.7838997527596174,
            0.0,
            -1.3848447170127904,
            1.753077350500738,
            0.9058574667561339,
            0.19179928870853355,
            -0.13871488993450487,
            -0.7234950183652782,
            0.26822673347388754,
            -2.132601518737136,
            -1.0608078590141832,
            0.06870060306706145,
            -0.8683017839512337,
            -0.7380863878635845,
            -0.3637666049332611,
            -0.825545201179889,
            0.6542735079663747,
            1.1162626203478896,
            0.8768000384452704,
            0.61139967212313,
            -0.17829653063414766,
            0.8471495131614322,
            -0.3692485482411196,
            0.5397989413740757,
            0.2643000854515538,
            -1.2644461855968006,
            -0.24698922324511477,
            -0.06954329632475681,
            1.196857670875456,
            -0.329301197220936,
            -0.5087351988557226,
            0.7932592211615781,
            0.10229911909740742,
            -1.3276154608939716,
            0.804583277519058,
            -1.0442790349360733,
            -0.49835825634038466,
            0.9180381075444892,
            -0.9009826862541526,
            0.4632376194621063,
            -1.9834550964423914,
            0.1923273040977994,
            1.0624560330065644,
            -0.5773767331044687,
            -1.6975715103759474,
            0.04323865179860727,
            -0.7681666653733815,
            0.8296040554692614,
            -0.08075356647407443
        ],
        [
            -1.4459537889729688,
            1.600284722303498,
            -0.04521704951368189,
            0.8092334390914238,
            0.4763245555710093,
            0.22166979247269128,
            0.5389514296305301,
            2.4453510594275647,
            0.8936552035696669,
            -0.9324260872260548,
            0.9069546890546835,
            -1.1638011787249063,
            0.4819109337731591,
            -1.3378034030929398,
            -0.901834035826405,
            -1.1209222619321462,
            -1.3848447170127904,
            0.0,
            -0.982977763195768,
            -0.18377640909411308,
            1.9462801631806264,
            -0.7317994588845216,
            -1.245750803122306,
            0.12385249685097303,
            0.9334019829459955,
            -0.11846114942959275,
            -0.8481054482835758,
            -0.05275017228191347,
            -1.1974466731611697,
            -0.10946448534436351,
            -0.02948431858280841,
            -0.4346921549804878,
            -0.3660560920001257,
            1.5523140615295312,
            -0.2963220155556013,
            -1.6135967642925144,
            -1.8896006569452735,
            1.1520970275067295,
            1.1673268460984416,
            -0.9705300953418665,
            0.23341278968260032,
            0.4446104231655664,
            -0.2680449963438439,
            0.2650634728223759,
            0.5458536580871809,
            -0.26979565752495543,
            0.796539950526639,
            -0.5236248997014755,
            1.0803986069968412,
            -1.0604186410762992,
            0.16684428172990376,
            0.6783018477799939,
            -0.7699501453846097,
            2.909997862033102,
            0.0791059525106965,
            0.5848857920304584,
            -1.2432203864622424,
            -0.5498271177950439,
            -1.3005544660911086,
            -2.3941134010168734,
            -0.014476784151212094,
            -2.013251825777058,
            0.3027560841058343,
            -1.019225571021727
        ],
        [
            0.7575769013921543,
            0.5317586307416269,
            0.8913702688446637,
