{
    "N": 64,
    "id": "949dde9e-0887-4b45-8128-ba7948f5019c",
    "problem_type": "SK Spin-Glass",
    "distribution": "gaussian",
    "spins": [
        1,
        1,
        1,
        1,
        1,
        -1,
        -1,
        -1,
        1,
        -1,
        -1,
        -1,
        -1,
        1,
        -1,
        1,
        1,
        -1,
        1,
        1,
        -1,
        -1,
        1,
        1,
        -1,
        1,
        1,
        -1,
        -1,
        -1,
        -1,
        -1,
        1,
        1,
        1,
        1,
        -1,
        -1,
        -1,
        1,
        -1,
        -1,
        -1,
        1,
        -1,
        -1,
        1,
        -1,
        1,
        -1,
        -1,
        1,
        -1,
        -1,
        -1,
        -1,
        1,
        1,
        1,
        -1,
        -1,
        -1,
        1,
        1
    ],
    "couplings": [
        [
            0.0,
            -0.12953565517957966,
            -0.23067450288613692,
            0.9763688488384574,
            0.6796587660467216,
            0.33440614092020204,
            -0.48138303085105527,
            -0.7250316396409717,
            -1.4635218777542998,
            0.3852461881179952,
            -0.27362182726775097,
            -0.6025063030059599,
            0.32363856474619457,
            -0.1661420297770449,
            -1.277995184927943,
            -0.8886606093553568,
            -1.2440950409580243,
            0.22686936185968684,
            -2.230602023439227,
            0.6153786317432949,
            0.00017944567748746874,
            0.9742240194583367,
            0.8214782480892944,
            -0.7872354600500343,
            0.39117631416922294,
            -1.4046280163307114,
            0.19829945723584824,
            -1.111256983532181,
            0.8129356745249893,
            0.33298313132125457,
            -0.27755571118451006,
            0.902929892919548,
            1.174282559448462,
            -0.012472939128921863,
            -1.2588993534682837,
            0.5876810388569532,
            1.695053749175489,
            1.3149789315822005,
            0.21458258593349674,
            0.9074135398416211,
            -1.8078241421158072,
            0.007941304983623545,
            -1.0779009544534959,
            -0.20476998963629903,
            -0.37283434217179856,
            -0.2345283481699531,
            0.024785567632162678,
            -1.7712307151672144,
            0.3379385791470012,
            0.2324897630917061,
            1.0193190341902,
            -1.3115599463523464,
            -0.669458884436521,
            -0.4967853588895295,
            -0.6484805968157283,
            -0.1375822535301915,
            0.07410876469582077,
            1.3020142144861029,
            -0.8977303220292536,
            0.8660695824432969,
            0.8244691068415685,
            3.9375370762274278,
            0.8098567439625132,
            -0.4708117471286003
        ],
        [
            -0.12953565517957966,
            0.0,
            -1.7316112913717836,
            -0.04706239956715285,
            -0.7487280023963385,
            -1.0757127988392579,
            0.10810065734051366,
            0.3681765144705012,
            1.074040890329078,
            0.3954132131377432,
            -0.40416235786988447,
            -0.3723507942774978,
            -0.8567397579504266,
            -0.21696005095785392,
            -0.8621954967165415,
            1.899164361677781,
            2.4819670311411937,
            -0.2556194109989743,
            -0.5297805913739622,
            -1.593975807686291,
            -1.584666125029289,
            -0.6738089889689346,
            -1.5661218019541192,
            -1.2994240004800175,
            0.3880227221732057,
            -2.04882972099959,
            0.7978010519524132,
            0.3091452303326909,
            1.5185377666379332,
            -0.1246808787923732,
            -0.35765721640072423,
            1.6793783888393732,
            -0.49705936520442984,
            1.5069018581080693,
            1.6563849345222792,
            0.035245792864565695,
            0.1978722979350999,
            0.6013403584061865,
            -1.460479440327159,
            0.618679899801268,
            -0.5956858695303975,
            0.15491080619964037,
            0.7228178677748065,
            -1.9216356115244801,
            0.015527076935553287,
            -1.4942611783639113,
            -0.033860529885735534,
            -0.4178616190982823,
            -0.3107953197437668,
            -0.2669006988035469,
            0.13935592293634794,
            0.07098481957578227,
            -1.0210911668143117,
            0.7086402660905395,
            -1.4581236068147034,
            -2.5641167436791106,
            -0.4128762505286176,
            0.35389383291747234,
            -0.19073956509748977,
            0.11071338749863337,
            -0.8060309837006027,
            -0.35571848391375144,
            1.1058919414718715,
            -0.4304626545950605
        ],
        [
            -0.23067450288613692,
            -1.7316112913717836,
            0.0,
            -0.90214542071199,
            0.881334757624913,
            0.8690344422181127,
            0.44061752077391886,
            1.2703367236935363,
            0.11106113176767968,
            -1.0764034358908112,
            -0.1556675072205025,
            -1.1341157603532594,
            0.24010460793136,
            -0.9293482589394143,
            -1.2755791709418371,
            -0.45158983415427345,
            0.4323074179325138,
            0.4331931741431443,
            -0.17371013712199213,
            0.34930805913828517,
            -0.5662425272497059,
            0.272416269520829,
            -0.5875246383698823,
            0.3135224463573924,
            0.9756512182154963,
            0.8906587824998645,
            1.1940785523475452,
            -0.5384203077161989,
            -0.5471607952320945,
            0.712440788020361,
            0.5414076803964591,
            1.9724037434407702,
            -1.2226007882506194,
            -0.462255713485051,
            0.34253727595160655,
            -0.25685099547475365,
            0.04404148895766582,
            -1.5958865783626504,
            0.4507140516411306,
            -1.925449496359545,
            -0.1418008356890324,
            -0.19165034388643123,
            -0.5725375921869957,
            0.6095288695822433,
            -2.092991407348248,
            0.42966800502116714,
            -0.6608953969777424,
            0.4342284030972903,
            1.3195427715437842,
            0.879575224876417,
            -0.12466610699168981,
            -1.6706008256918226,
            -0.9588195596299003,
            0.35644283925474307,
            -1.6171946164348179,
            -0.25360149050422165,
            0.1190561407312659,
            -0.8195270577919653,
            -0.14507621277409857,
            -0.6370101009413772,
            0.5919479148655432,
            0.0571094378600627,
            1.0146960052395093,
            -1.2000904939213386
        ],
        [
            0.9763688488384574,
            -0.04706239956715285,
            -0.90214542071199,
            0.0,
            0.5671078650802751,
            1.0988722296170945,
            -0.2623855128995595,
            -0.5681606455530024,
            -2.415728877091169,
            -0.8818667804467075,
            -0.2333064465777107,
            0.460948627711841,
            -0.0959925696502357,
            -1.842476399909025,
            1.3772169772055864,
            1.4623879863417826,
            0.011933596912719247,
            -2.3267610218564125,
            1.3013923321536012,
            0.3032661130590706,
            0.4953666753518161,
            0.8477378575425774,
            0.1930366601981359,
            -0.5280959263443566,
            -0.04453476555428001,
            1.4789064001499883,
            -0.07367574356781578,
            0.6461551207618961,
            -1.0213271927213268,
            1.3064927953913603,
            0.862509799663306,
            -0.7859777795459535,
            -1.0487120646233536,
            0.10035245937269603,
            -0.5126755998466982,
            -0.20792339241380245,
            -0.21786768808280604,
            0.40280648045347106,
            -0.08097504181309996,
            1.2448383957883273,
            -0.325110584336379,
            -1.6703580540362564,
            -0.06550434135173765,
            0.39517545088899475,
            -0.6661455190543463,
            2.4591897251976875,
            0.07204864509280044,
            0.017412665507190086,
            -1.0202378439000388,
            -0.27328683887606936,
            1.3129137195638039,
            0.23955287602164904,
            -0.5016007348158309,
            -0.3778383657349851,
            -0.5987604412392294,
            0.8894290736429536,
            -0.49210482349093404,
            1.8276449974367335,
            -0.6235508662830119,
            -2.100278102444283,
            -0.07836648529627663,
            -1.6211121468758678,
            -0.7728694003232669,
            0.04697427925971084
        ],
        [
            0.6796587660467216,
            -0.7487280023963385,
            0.881334757624913,
            0.5671078650802751,
            0.0,
            0.05853106953501028,
            -1.742620067603208,
            1.9101443181226487,
            -0.0818888452890009,
            0.6369175964948725,
            -1.2599174200001666,
            1.5373521622893063,
            0.938313345357259,
            -0.48713557548884434,
            -0.8822193732635027,
            -1.6406022455046203,
            1.2378229437173978,
            1.231159637153437,
            0.9346572401556061,
            -2.444899293609224,
            -0.07565696525968894,
            -1.5999880976873602,
            -2.425000531992915,
            0.7875553385197299,
            0.6945928326290918,
            -0.2852382380559161,
            -4.937531260478833e-05,
            0.20722052715748282,
            -1.603455750378438,
            2.154394608814266,
            1.1416582203766068,
            1.2814333481285398,
            -1.0222165535182872,
            -1.9522073629523675,
            -0.12556317526243385,
            -0.2337218469010475,
            0.7424300610994273,
            -2.7748380660788596,
            1.317891729347996,
            -0.8066512071070582,
            -0.49553501022207536,
            0.9724221715080726,
            0.6055942430979089,
            0.059267891662480005,
            1.0699870599513315,
            -1.4983007783764215,
            1.0465986530135067,
            -1.4656905392544923,
            1.2856334336885276,
            0.6261665658458903,
            -1.2703541890395125,
            -0.8804896408235995,
            -2.328538170905368,
            -0.7798081953234669,
            1.21011444720116,
            0.5224318618313315,
            1.211583980405425,
            0.4975995045028421,
            -0.154370898828926,
            -1.4029554747809956,
            1.232249838775521,
            0.9660801335177206,
            0.24316384364488244,
            2.401957559537444
        ],
        [
            0.33440614092020204,
            -1.0757127988392579,
            0.8690344422181127,
            1.0988722296170945,
            0.05853106953501028,
            0.0,
            -0.04077558682824646,
            1.2011290530237528,
            -0.4332010586430794,
            -0.038444839192244805,
            -2.6631947950518566,
            -1.8362844622938728,
            2.151826285283818,
            -1.1857076359742247,
            0.2993779347742223,
            0.16389766965018232,
            -0.4413555530120954,
            0.38100785617177346,
            1.2184698142131802,
            0.1340689593105227,
            -0.24594919769318316,
            1.347554507941997,
            -0.5714675058706716,
            1.860294715710276,
            0.18375324780935337,
            0.6483108332819398,
            1.8514063764369328,
            0.10181984371904888,
            0.7583352102949543,
            0.5051915389142205,
            2.1023170591338847,
            1.0839386122336183,
            0.027702194760168764,
            -0.11140445179482783,
            1.8182288581320938,
            -0.24720027468405512,
            1.608499801846936,
            -0.9301017935721984,
            -2.9199265591355665,
            0.13167925668382605,
            -0.5827953084945643,
            1.6587356639572102,
            -0.8995015052596543,
            1.6818085586561042,
            0.20610340633609506,
            0.47262627410797897,
            0.5981236909374851,
            -0.25168234961652824,
            0.407611979459271,
            1.5573527679268804,
            -1.4788172550976537,
            0.2681421084900476,
            -0.08550019737686908,
            0.3066931997273765,
            1.0970380857193318,
            -0.6433549087416425,
            0.2319305453033518,
            0.32227693058828266,
            0.5268467295135569,
            -0.5831797124447284,
            0.8484731785924191,
            0.32349759820752333,
            0.9324999187238148,
            1.5835866623756667
        ],
        [
            -0.48138303085105527,
            0.10810065734051366,
            0.44061752077391886,
            -0.2623855128995595,
            -1.742620067603208,
            -0.04077558682824646,
            0.0,
            -2.4855643204206204,
            -0.27700406755062496,
            -0.6565021291538082,
            -0.9612151919854846,
            -1.2533603709908823,
            0.7509441907241475,
            -0.5849349336110589,
            -0.2240295752415593,
            -0.7678930782446274,
            0.7684622929518368,
            0.883331355820735,
            -1.1847936144086297,
            0.4625769466616363,
            -1.9373498189280245,
            -1.2476495502255405,
            0.944926379942448,
            -0.5341299108102303,
            1.3777990025664464,
            -0.6557936308241884,
            -0.07111847127011983,
            0.02269787792088654,
            0.3145738635414527,
            1.5293323895802207,
            0.3658408182346198,
            -0.15880695072675127,
            0.5244070430929452,
            1.6851096868415107,
            -1.298895549378012,
            -0.19869258045716512,
            0.9405661349689662,
            1.1527735405379729,
            -0.18209184395304467,
            0.8787831107102851,
            -0.14039819168654438,
            -0.06685118966896024,
            -0.45847130664026153,
            -1.0590127482948641,
            1.0313037439564765,
            1.6094975848831723,
            0.2823395428536556,
            -1.1702973803565722,
            0.08517611569624187,
            -0.7814836306038053,
            0.010947805539950657,
            0.6368310484323837,
            -0.11413996416125423,
            0.27909327265381845,
            0.6992129835695221,
            0.254691891043446,
            -1.225782325245944,
            0.9323536610719653,
            -0.35745538135194094,
            -1.049304223213027,
            -0.8286334268124487,
            -1.3557616339022065,
            -0.2790211494910061,
            0.027882546107061118
        ],
        [
            -0.7250316396409717,
            0.3681765144705012,
            1.2703367236935363,
            -0.5681606455530024,
            1.9101443181226487,
            1.2011290530237528,
            -2.4855643204206204,
            0.0,
            -0.2136079433013045,
            1.347340232265633,
            1.8136686414079162,
            0.6504785360365692,
            0.577295327607613,
            -1.149819616496323,
            -1.008192343341683,
            -1.1621657641599135,
            1.0548094405271489,
            -0.5937025793205583,
            -0.16350769588907144,
            -0.9047753445847605,
            0.6724080360229814,
            -1.3381062205006418,
            1.8226010568437192,
            0.7392951025749194,
            -1.0909307779399906,
            -0.4491571369134446,
            0.3693450196848308,
            -0.06237232927717877,
            0.08583632039391158,
            -0.984972770413522,
            -1.3057473128079344,
            0.20235276773082922,
            -0.35160735468309556,
            1.2442106258795864,
            1.3188319553694412,
            0.767070977685878,
            1.289602842631327,
            0.23328021730870072,
            -0.4363903167647419,
            -0.4788543993523162,
            -0.010614144680733587,
            -2.201778154819921,
            -0.5209870490131394,
            1.304473675000232,
            -0.3237123226672276,
            -0.8217612139841074,
            -0.15332165778729787,
            0.45947388766101815,
            -0.4233876816524585,
            1.1967329913210842,
            -0.11468658928493836,
            0.46219134127988754,
            -0.11388460708171459,
            -0.9483356488123037,
            0.43075428051504283,
            0.5162310222198263,
            -0.2570410516713432,
            -0.5224422647663524,
            -1.306847511172371,
            -0.03475022251753273,
            0.04523408979314764,
            0.8907260571989746,
            0.7699100609329164,
            0.01751436551819629
        ],
        [
            -1.4635218777542998,
            1.074040890329078,
            0.11106113176767968,
            -2.415728877091169,
            -0.0818888452890009,
            -0.4332010586430794,
            -0.27700406755062496,
            -0.2136079433013045,
            0.0,
            0.9856728036559346,
            -0.6894395837934981,
            -0.11900118735247806,
            0.5184652918383035,
            -1.4352045168998064,
            -1.4501551440009162,
            0.994371833733464,
            1.492005818334038,
            -0.9710089095357963,
            0.5204790189293658,
            -1.266477068537125,
            0.7547700010117947,
            -0.049592897989313836,
            1.3831566651197684,
            -0.46978368187695,
            -2.463350354081229,
            -0.09066459024715898,
            0.6877052508523928,
            2.793499004675285,
            0.46001544931122873,
            -0.11174488026252748,
            -0.10293943288858637,
            -1.2760619886786666,
            -0.7536077120080314,
            -1.0344351228716946,
            0.32979119315789235,
            0.6847672395632194,
            1.404577873516577,
            0.6650609443315245,
            0.5844617011102935,
            1.9982685428656437,
            0.3408119190513924,
            -0.6522544239051775,
            -0.8544959532931264,
            -0.4700515531324164,
            -0.8068527054044491,
            -0.3056216510703418,
            -0.28914512430329964,
            0.35314445531998784,
            -0.49248307547303194,
            -1.071902322721585,
            1.2599377397976235,
            -1.7356161856626302,
            -1.4179087197911853,
            0.8232689503298314,
            -0.7331957599523328,
            0.2937343574066072,
            1.4542940297169829,
            -1.260675196916947,
            -0.5016434646415386,
            -0.5483675983408024,
            -0.5627506937736131,
            -0.9684164555333388,
            -0.3748052137644154,
            0.4498563315412586
        ],
        [
            0.3852461881179952,
            0.3954132131377432,
            -1.0764034358908112,
            -0.8818667804467075,
            0.6369175964948725,
            -0.038444839192244805,
            -0.6565021291538082,
            1.347340232265633,
            0.9856728036559346,
            0.0,
            -0.8967163772697146,
            -1.0559302268516955,
            -1.3328704897957804,
            -1.1334025690725618,
            0.20096054715498535,
            0.06888645056353264,
            -0.3888121301591397,
            0.5770586395271372,
            1.2029124794962387,
            0.6323107868571233,
            -0.4379679534726038,
            -0.9238362428523441,
            -0.2819478454851694,
            -0.5163639149760836,
            -0.23568885192607197,
            -0.9470290259924217,
            0.303244000102287,
            -0.3040766366651159,
            -0.3518269263543907,
            0.2453630654636762,
            0.821598188845377,
            -1.907344080732784,
            -0.18520517993012817,
            -0.09635799049103626,
            0.8970497141127666,
            0.7694509753506581,
            1.320227854087518,
            -0.362281910861947,
            1.2518853818655757,
            -0.241146682656793,
            0.12746955200970986,
            0.052114236740225195,
            -0.7108813437912876,
            -0.7153052694912252,
            1.17368878371694,
            0.9584043062944866,
            0.04403941710968861,
            0.1762333943346445,
            0.5675995754845988,
            0.7889967849672403,
            -1.3929680238578095,
            -0.9051708243172625,
            -0.2159292533933759,
            -2.3748694680482934,
            0.9139428753034408,
            -1.2452445831064956,
            1.435169249941024,
            -0.12911900678602017,
            -0.7528545974136424,
            -0.7010061733932215,
            -1.4342804173567467,
            -0.9719027401020209,
            -0.2379907850323943,
            1.1319898146889527
        ],
        [
            -0.27362182726775097,
            -0.40416235786988447,
            -0.1556675072205025,
            -0.2333064465777107,
            -1.2599174200001666,
            -2.6631947950518566,
            -0.9612151919854846,
            1.8136686414079162,
            -0.6894395837934981,
            -0.8967163772697146,
            0.0,
            -1.5502465174095184,
            0.7989056240912861,
            0.7688751763550083,
            -0.5634603241865285,
            0.05953280260238726,
            0.7462762175584802,
            -1.0436817477035516,
            -1.5460549748094377,
            -2.1348629177493215,
            0.036108268933590634,
            -0.35319605786841046,
            -1.1475778362963847,
            -0.5677200800045301,
            0.02482235190628765,
            0.03355469009944967,
            0.5171997704789111,
            1.311367065339572,
            -0.13740191268510465,
            -0.6357964284965537,
            0.2708805052051444,
            0.0339146555405687,
            -0.3597747818258767,
            0.1863408081041621,
            0.2410427079033481,
            0.47356417044318433,
            -0.9444761584738307,
            1.0759588608988175,
            -1.5606150940725056,
            1.0541397655378686,
            0.08410386460844357,
            0.0635562928725406,
            -1.8446021457194794,
            -0.7115914774350203,
            0.5113287529455443,
            -0.8897196312751208,
            1.8525182930376907,
            1.4311609307097943,
            0.712602757746959,
            -0.49405513136890944,
            0.93323271093273,
            -0.42647508912788057,
            0.48458717244097416,
            1.0616595177291022,
            0.2651289326175082,
            0.5989036615286063,
            -0.011490975282902154,
            0.3631331011795261,
            0.8677417599549424,
            0.7753108165967685,
            0.518649307696429,
            0.17955658207787983,
            1.5283915963852148,
            -0.9553203629796925
        ],
        [
            -0.6025063030059599,
            -0.3723507942774978,
            -1.1341157603532594,
            0.460948627711841,
            1.5373521622893063,
            -1.8362844622938728,
            -1.2533603709908823,
            0.6504785360365692,
            -0.11900118735247806,
            -1.0559302268516955,
            -1.5502465174095184,
            0.0,
            1.0321026426535191,
            -1.612472057336272,
            0.7711491137792358,
            1.4816429058112677,
            -0.3672484336116103,
            -0.5869273439156942,
            0.6431650407587274,
            -0.0834175836623611,
            1.2223972101564917,
            0.08885260005155526,
            0.39056571425639874,
            -0.2176402927020422,
            -0.14320281633965473,
            -1.8901084414916234,
            -0.1140556284753472,
            -0.6690717467293555,
            0.6064148287605774,
            1.2982738150025446,
            -0.9980245731563087,
            -0.1305660565970504,
            -0.08273710339816633,
            0.167881760513744,
            0.2734257558482642,
            -0.5384917763143144,
            -1.4200399523894738,
            -0.13990350756699313,
            0.7578318451144865,
            -0.6541059625101954,
            -1.0762307448990056,
            0.045332889686469424,
            1.6745189473719222,
            0.603040591181816,
            0.09771620933276115,
            -0.39074800942840904,
            -0.19958358723070585,
            -0.9499722797870683,
            0.07065040556671387,
            1.2323372028860888,
            0.3674649757822518,
            -1.1325674979638,
            0.7424779477833982,
            0.8443817337103838,
            0.81178301492123,
            -0.5314821003217428,
            0.39960230568410265,
            1.1213082324888126,
            0.6114313655636688,
            1.713610139224415,
            -0.8463025493573609,
            -0.8439584770882604,
            2.1129735078208522,
            1.0989395136070697
        ],
        [
            0.32363856474619457,
            -0.8567397579504266,
            0.24010460793136,
            -0.0959925696502357,
            0.938313345357259,
            2.151826285283818,
            0.7509441907241475,
            0.577295327607613,
            0.5184652918383035,
            -1.3328704897957804,
            0.7989056240912861,
            1.0321026426535191,
            0.0,
            -1.8785078492389375,
            0.5401504314097885,
            1.5461882830231461,
            0.6209340981959491,
            0.6368209358802492,
            1.0185652569759802,
            1.330499844961387,
            0.00559555153465851,
            0.9978950916897427,
            -0.8708058706842172,
            0.7685477574343723,
            0.2648816812968116,
            0.573957112482056,
            -1.2934181329012215,
            0.1433876087012599,
            0.9135234643164465,
            -0.870466721349637,
            -0.8282708282975254,
            -0.5105616959752989,
            -0.359649664201652,
            -2.4266593388341926,
            -1.3996128491006055,
            1.6298543772025536,
            -1.7247011456646935,
            1.5496100059736029,
            -1.4967558842725568,
            -0.3335640712897944,
            -0.830711929988043,
            0.45595927483482596,
            -1.5896299827237226,
            1.3209063167063573,
            0.03136519106686259,
            -0.725846859619946,
            0.019021012327716944,
            0.08850179219670616,
            -1.8104374001256809,
            2.0814677199584084,
            0.8475266876468734,
            1.212156179517929,
            0.6912802206080072,
            0.2164168001370787,
            0.8985792212222266,
            -1.2574051777963626,
            1.0607449600351502,
            0.48027246025387743,
            -1.0376806129777478,
            -1.3107673749255235,
            -0.7485937328572073,
            -2.1898863776501116,
            0.09299648390316827,
            -1.27825424942766
        ],
        [
            -0.1661420297770449,
            -0.21696005095785392,
            -0.9293482589394143,
            -1.842476399909025,
            -0.48713557548884434,
            -1.1857076359742247,
            -0.5849349336110589,
            -1.149819616496323,
            -1.4352045168998064,
            -1.1334025690725618,
            0.7688751763550083,
            -1.612472057336272,
            -1.8785078492389375,
            0.0,
            0.3869422238635413,
            0.23569795659870738,
            0.95801915678608,
            1.625122458273582,
            0.05703301903114826,
            -1.4561026543430604,
            -1.0672918269996856,
            -0.6694516960581968,
            0.6901291456150084,
            1.7549760990762522,
            0.5242826365229277,
            0.04741925880864732,
            -0.11177695535117586,
            0.25469991017626836,
            1.3685873569955542,
            -1.6983797921292854,
            -1.9531267206417067,
            -0.572567100411005,
            -0.3913963382201093,
            0.12995251477577197,
            0.792469340748762,
            -0.31474849658547954,
            -0.0004615494010530921,
            0.3828534827021505,
            1.3317006788371868,
            0.23287279986084417,
            1.1222851243557745,
            0.8748371241939004,
            0.7380596742468659,
            -1.0107871118322096,
            0.9577954917640925,
            1.1785234142668235,
            -0.45149964017141114,
            -1.3912680056676603,
            0.3882779837475785,
            1.504929655310774,
            -0.939600104038178,
            -0.00609232055557827,
            -0.6915810875439559,
            0.12067464909612598,
            0.7092181176628524,
            -1.0328247996417315,
            -0.6149837754444081,
            1.3573262074844041,
            -0.3435299227436332,
            0.3446798801997608,
            0.21390377337169036,
            0.28046151104459355,
            1.9522444385437545,
            -0.5366217719345232
        ],
        [
            -1.277995184927943,
            -0.8621954967165415,
            -1.2755791709418371,
            1.3772169772055864,
            -0.8822193732635027,
            0.2993779347742223,
            -0.2240295752415593,
            -1.008192343341683,
            -1.4501551440009162,
            0.20096054715498535,
            -0.5634603241865285,
            0.7711491137792358,
            0.5401504314097885,
            0.3869422238635413,
            0.0,
            1.0092510739029352,
            -1.1497386950571495,
            -1.778215695263688,
            1.037624427130132,
            -0.8934770250579387,
            1.871374505705268,
            1.3033873835435932,
            -0.4310922964793235,
            0.4375052236094149,
            -1.203205980784272,
            0.10997179910773063,
            -0.5887868422522071,
            -0.6642038418741251,
            1.8904945082419036,
            2.171086990611567,
            -2.1741378227800787,
            0.25940275931837065,
            2.6284194251457773,
            1.2528325066618933,
            -0.7879529108156,
            -2.6409261239753996,
            0.5964606780080806,
            1.281701731874948,
            0.25718144854653807,
            -1.443512062214578,
            0.3561898341650498,
            1.0611809221928694,
            0.8728120122171797,
            -1.314619436471544,
            -2.598910477932567,
            0.609526499454278,
            -0.3801722404494468,
            -0.58470142920113,
            -1.0863738534346423,
            -0.6265347531423002,
            -0.36530235276389267,
            -2.828469500372445,
            1.1685227712516884,
            -0.543319085948717,
            -0.33351045848132255,
            0.3027721667145132,
            0.17256919868360265,
            0.28536522829708744,
            -0.5457395706754085,
            -0.8047204837735019,
            2.393286978174626,
            2.093743164012653,
            -0.13254674033077316,
            -0.7438605226545535
        ],
        [
            -0.8886606093553568,
            1.899164361677781,
            -0.45158983415427345,
            1.4623879863417826,
            -1.6406022455046203,
            0.16389766965018232,
            -0.7678930782446274,
            -1.1621657641599135,
            0.994371833733464,
            0.06888645056353264,
            0.05953280260238726,
            1.4816429058112677,
            1.5461882830231461,
            0.23569795659870738,
            1.0092510739029352,
            0.0,
            -2.127800592772381,
            0.7712584801890643,
            -0.7197963773900439,
            -1.4422849502869,
            -0.2549250616002418,
            0.5232730500200913,
            0.2970323209287292,
            -1.8918076627928977,
            -0.6860928246392395,
            0.7100362096452106,
            2.4810089511268796,
            -1.1537924059400162,
            1.5718333985654924,
            -0.09775227595606178,
            0.0746155337538853,
            0.9548363212884398,
            1.0406203601519624,
            -0.0945674449905722,
            0.8207594008233493,
            -0.6278647922105315,
            -0.07655873803575791,
            0.1265730542110829,
            0.5802589298092006,
            0.8398400033624117,
            -0.13101408619767177,
            -2.4617105240769344,
            0.40926508974927717,
            0.0942482569122115,
            -1.3921224923809659,
            -0.28613256621194766,
            -0.20907825706382244,
            0.25653300088784325,
            0.735240792015929,
            0.5962100477686065,
            -0.8290922294755512,
            -0.5639278664577934,
            0.6235222748531275,
            0.12320266462640345,
            0.7632391613691436,
            -2.9212629981953753,
            0.1406879843334359,
            -1.7497003237996998,
            -0.708793039617717,
            0.7334846321871733,
            -1.4796413751071105,
            0.3450635379109943,
            -0.217018127110221,
            1.5975474379650472
        ],
        [
            -1.2440950409580243,
            2.4819670311411937,
            0.4323074179325138,
            0.011933596912719247,
            1.2378229437173978,
            -0.4413555530120954,
            0.7684622929518368,
            1.0548094405271489,
            1.492005818334038,
            -0.3888121301591397,
            0.7462762175584802,
            -0.3672484336116103,
            0.6209340981959491,
            0.95801915678608,
            -1.1497386950571495,
            -2.127800592772381,
            0.0,
            1.303289175005093,
            -1.6823024424476634,
            0.1550744386852602,
            0.7514424449309676,
            -0.15109331491418998,
            0.020367186235597457,
            -1.8174603485679142,
            -0.38951897597931057,
            -0.404119691278741,
            -0.2635351236993013,
            -0.16844307730202532,
            1.568271087232021,
            -0.11168202995468673,
            0.007674399741164089,
            -1.5860134988837642,
            0.6891391076320321,
            0.29155247919004773,
            -1.2140393915944645,
            0.12567968570816948,
            0.9758447157886063,
            -0.05811402684764327,
            -1.93272154504927,
            -1.9939498373299864,
            -0.031474250784148367,
            -0.9493004203709182,
            -0.03756626022732836,
            0.7484446476905144,
            2.3986873648223184,
            0.9709492803686111,
            1.0755143453023077,
            0.44808986691931474,
            0.39501825684059116,
            -2.0169462392555064,
            -0.2532404189840853,
            2.14535755309146,
            0.9397415308580925,
            0.9899857604596244,
            -0.31146342228307516,
            -0.18183323534169876,
            -1.5378467486877674,
            -1.4280820565776169,
            -0.31237639463260874,
            0.8996178195907789,
            0.23765673650085678,
            -1.148284582462821,
            0.043349136793899776,
            1.1182664492566334
        ],
        [
            0.22686936185968684,
            -0.2556194109989743,
            0.4331931741431443,
            -2.3267610218564125,
            1.231159637153437,
            0.38100785617177346,
            0.883331355820735,
            -0.5937025793205583,
            -0.9710089095357963,
            0.5770586395271372,
            -1.0436817477035516,
            -0.5869273439156942,
            0.6368209358802492,
            1.625122458273582,
            -1.778215695263688,
            0.7712584801890643,
            1.303289175005093,
            0.0,
            0.062305511810353174,
            -0.06393089474431121,
            0.4331760446854473,
            0.1704721431369838,
            -0.15071326235656313,
            2.2473937208333297,
            -0.2903218695886683,
            0.40548610483033726,
            -0.2309159018674159,
            -0.7023875596210372,
            -1.482680417398352,
            0.010122814879105423,
            0.7154093188529099,
            1.837017303420058,
            -0.5478302128150317,
            -0.33386118320661545,
            -0.8366398277316961,
            -0.973124112111662,
            0.19347067728346826,
            0.9053937392300969,
            0.9294722515117438,
            0.6749398955869893,
            1.0637409866992609,
            -2.3187747139266803,
            0.1917786746690976,
            0.28138616317829385,
            2.0073608543804773,
            -1.8458913257981584,
            1.0228265694731464,
            -0.7083781532121084,
            -1.0441348568022657,
            0.37680401762730387,
            -0.1920603592951777,
            -1.1980127284302637,
            1.6737385647545786,
            1.0146069889730087,
            -0.2488550592583727,
            -3.6648021252754392,
            -0.629694323063664,
            -1.5415173829666287,
            -1.9580720924840054,
            0.45710013365243835,
            -0.15229392258874894,
            -1.785344496970437,
            -1.155902157253073,
            -0.2767531677445713
        ],
        [
            -2.230602023439227,
            -0.5297805913739622,
            -0.17371013712199213,
            1.3013923321536012,
            0.9346572401556061,
