{
    "N": 64,
    "id": "f11d78eb-4e7b-469e-9806-89e7fc2e4fab",
    "problem_type": "SK Spin-Glass",
    "distribution": "gaussian",
    "spins": [
        1,
        1,
        -1,
        -1,
        1,
        1,
        1,
        -1,
        -1,
        1,
        -1,
        1,
        1,
        -1,
        -1,
        1,
        1,
        -1,
        -1,
        1,
        -1,
        -1,
        -1,
        -1,
        1,
        -1,
        -1,
        -1,
        1,
        1,
        1,
        1,
        1,
        1,
        1,
        1,
        -1,
        1,
        -1,
        -1,
        1,
        1,
        1,
        1,
        1,
        1,
        -1,
        -1,
        1,
        -1,
        1,
        -1,
        -1,
        1,
        1,
        -1,
        1,
        -1,
        -1,
        -1,
        -1,
        1,
        -1,
        1
    ],
    "couplings": [
        [
            0.0,
            -0.3573072159218973,
            0.16687579510370107,
            -0.0461475256901626,
            1.0769709622004098,
            1.5140537690165605,
            1.4927360244116727,
            0.2766256182382454,
            0.3297610748856833,
            -0.031573672398821404,
            -0.20953511312033085,
            0.09462978399693649,
            0.757214877227702,
            -0.15387283861251108,
            2.1951586097562155,
            -1.562630833542895,
            2.112247534861965,
            -0.5392841023199465,
            -1.3194234779106502,
            1.0218636773331096,
            0.23322801259758147,
            1.2007460432895964,
            0.8312018206224545,
            -0.31948467776772443,
            -0.09444680460413499,
            1.2259666709424388,
            -0.3636471825912605,
            -0.20961620404211315,
            -0.4017217110589576,
            0.10607062698574628,
            0.11427414424325581,
            0.24675389650699106,
            -0.32278008433390915,
            -0.1755232517833801,
            -0.3833143366727954,
            -0.35885359495647284,
            0.003951538663968653,
            1.5079949838486373,
            -0.17411806185140216,
            -0.9854135397454212,
            -1.0467108669008753,
            -0.9054498623743309,
            0.6131361407399296,
            0.07652900233626293,
            0.3494640817216529,
            -0.041302280277031644,
            -1.7491687084116447,
            -0.9899632200567122,
            1.2378600454138171,
            -1.8462573500993782,
            -0.7372188493792552,
            0.8527243169064658,
            -0.4761130445759402,
            -1.3161125062608987,
            -0.2547482874357072,
            1.6909900138913538,
            1.2579247857457727,
            -1.845437583045515,
            -0.5293094377604339,
            1.001283555169631,
            -1.0147248713112322,
            -0.7443274822136665,
            0.1808013564216919,
            -1.2196881784126492
        ],
        [
            -0.3573072159218973,
            0.0,
            -0.3988152040588541,
            -0.20129040214423521,
            0.09878051780761571,
            -0.057581932024108655,
            -0.6663340381254945,
            -0.9497693969267792,
            0.11609082836126546,
            0.16049397532819443,
            0.003108503054718221,
            -1.2317950920643763,
            -0.9781111916756549,
            0.3643055014078144,
            0.3184090753031105,
            -0.23754280402590486,
            -0.5230139175482348,
            -0.5884661887195554,
            -1.0873847655408801,
            -0.6644353331115626,
            0.5055073770412556,
            -1.446868470115936,
            0.8346823317176246,
            -0.46564400264860845,
            0.3002209492716436,
            -0.5663127145161778,
            -0.4237314983945461,
            1.2188519941705758,
            -0.7647080103481539,
            1.147912901059455,
            -0.7751849568691668,
            0.6094398151648068,
            -0.637367504761338,
            -0.26703925551911656,
            0.7694445103380938,
            -0.1978202797895247,
            1.7706693259310007,
            -1.0234967008254625,
            0.4299915764178912,
            -0.2969252604422729,
            -0.4261275514418029,
            -0.25172038412027065,
            -1.1660794021985232,
            0.5369729835197063,
            -0.6441155378125125,
            -2.1648643009011646,
            -0.6020506153249744,
            0.432409350617094,
            0.15584364869230236,
            -0.1778735440034953,
            -1.9106652784657114,
            0.6993733899803322,
            0.40739384394217826,
            1.6342916902099305,
            0.012757008972085782,
            -0.4444660609688927,
            -0.10222462587796043,
            0.652414152622574,
            -1.1178826568951306,
            -1.1939177354899544,
            -0.042633272298198466,
            -0.23443032503359584,
            -0.8619312826607768,
            1.1600212558418446
        ],
        [
            0.16687579510370107,
            -0.3988152040588541,
            0.0,
            -1.203543365016333,
            0.27739339975839056,
            0.7827383454308324,
            -0.5029494887607329,
            -1.1285957770816029,
            1.9818246340650028,
            0.33776938764484793,
            -2.095954872003312,
            0.37435092847625295,
            -0.4720516840107285,
            -0.049786929828064055,
            1.7344920071062226,
            -1.8533832679996352,
            0.7107882766670744,
            1.782991155206662,
            -1.1432825938409257,
            0.01754901084737374,
            -0.32566287761209545,
            0.8578739272845592,
            1.2650553549566939,
            -0.24526809276642764,
            0.4653925447769171,
            -0.600723278022724,
            -0.7981643646500399,
            -0.08322829353327714,
            0.7378476311082652,
            1.6460332829353437,
            -0.6827055809972493,
            -0.4011545654663776,
            -1.1402926021101516,
            3.246331029197971,
            -0.5831727576801239,
            0.16098388735802754,
            0.8529398256580594,
            -1.0823919574960286,
            -0.38700208056508584,
            0.8879185606123687,
            0.44509624232232403,
            0.8628108766774203,
            1.2900068328233165,
            0.5460990588453177,
            1.9243393311090569,
            0.09828149013523296,
            0.44628275578576454,
            -0.8372579465934851,
            1.1298841130522208,
            -1.1564787771064353,
            -1.4182710546831603,
            -0.4504398820244972,
            -0.6637698663830301,
            0.3274224173354835,
            -1.4287303255644903,
            -0.46766687357398884,
            -0.9952575541330136,
            0.08968601963108806,
            0.03076823344744273,
            -2.303128680074379,
            -0.017896294036227334,
            0.7509777402410475,
            1.3845210300100792,
            -2.2733455500761317
        ],
        [
            -0.0461475256901626,
            -0.20129040214423521,
            -1.203543365016333,
            0.0,
            0.4468073985900091,
            -0.0931636976813294,
            0.08856055141483651,
            0.2040573227962747,
            -1.6641914297761757,
            0.34549619927655656,
            -1.3451714955114888,
            0.7582207815982345,
            0.8761228442268546,
            -0.5554534520400786,
            -1.0937465972467195,
            -0.05725410015883972,
            -0.6323662625445206,
            1.6310111436006591,
            -0.8023262438052211,
            0.06476966754765304,
            0.5941077961634156,
            -0.37604039727564165,
            0.06093862749938875,
            -0.6129942236456347,
            -0.6149585011272927,
            1.7150919115373722,
            -1.937072954327854,
            -0.09159928906821262,
            -0.7103894929941562,
            -0.814506236398026,
            2.4759786682942497,
            -0.2958590944143496,
            0.2690129830862476,
            0.4014738266216345,
            0.19556248891440367,
            1.3706308115117602,
            -1.4641203539049028,
            0.048947138846363855,
            0.7768418328685975,
            0.628385079422102,
            -1.0153723160313,
            0.5113596925535183,
            -1.1293547574268974,
            -0.1354109678053795,
            -1.7137371095468583,
            -0.7645430873412998,
            0.27786485427716906,
            -0.003606340952408526,
            -0.5898951782161327,
            0.11857877648854677,
            -0.6852063269391205,
            -0.6679665236327395,
            -1.2611765695539021,
            -0.49351176710512334,
            0.5518324777673126,
            0.6493081531881388,
            -1.8459736887109237,
            -1.1985141432476922,
            -0.4306518565215913,
            -0.6314951716976165,
            0.41891579724412964,
            -2.3761544918252153,
            -0.09859912073673871,
            0.013792841242086393
        ],
        [
            1.0769709622004098,
            0.09878051780761571,
            0.27739339975839056,
            0.4468073985900091,
            0.0,
            0.724653851166162,
            -0.9427274982672698,
            0.24641870783851744,
            1.2590686305120982,
            -1.3737669728796515,
            -0.5488478166179851,
            0.9871928343944795,
            -0.5551511040631795,
            1.2123906902190242,
            -0.4308849778629479,
            0.11647328577448528,
            0.8039551610192569,
            -0.16028287171127856,
            1.3931332081593781,
            0.6348423573295806,
            1.652893391351209,
            -0.5416788556703004,
            -0.7089584679651927,
            -0.9672190236254029,
            0.5521028005628634,
            2.332518808311006,
            -0.23704392444049696,
            -1.005475468757309,
            0.050694447486439524,
            1.1348541390188074,
            -0.11150369255598719,
            0.45037672993809785,
            0.9224812177842682,
            -0.9240926004182234,
            -2.3166400035835792,
            1.0026652934085722,
            0.6745757859393423,
            0.4448465415632511,
            -0.7659468230801582,
            0.7677636585540709,
            2.4050690704695197,
            1.5601796555876606,
            1.353936307219777,
            0.5672250038373976,
            -0.8074779858827739,
            -0.30658233870642115,
            1.692614959240016,
            0.5257584267458112,
            0.5456057247485122,
            0.7384330296671525,
            -0.27586463345580325,
            -0.10287292461119237,
            -0.19071028343546445,
            -0.7363297515538444,
            0.23545896039017059,
            0.05797935233437902,
            0.9481619659663254,
            0.11471155415005095,
            -0.3131347653577574,
            0.7732339940024238,
            1.03390751977096,
            0.007543433898341851,
            -0.6040546611047254,
            -0.6162492326318615
        ],
        [
            1.5140537690165605,
            -0.057581932024108655,
            0.7827383454308324,
            -0.0931636976813294,
            0.724653851166162,
            0.0,
            0.7269763204452754,
            0.906696231115003,
            0.08393216740127894,
            -1.10482036874839,
            -2.547953304122652,
            -0.8359975784974928,
            0.8137833901153765,
            0.29560423224219096,
            -1.6704432341182633,
            0.12755766708986013,
            0.3819818611939534,
            -3.6124001793700415,
            -0.4336503208371516,
            0.6675458367043462,
            -0.7712258123047664,
            -0.7867376883030222,
            1.448806432038511,
            1.7042124820335545,
            -0.5776949154404728,
            2.181886459716166,
            -0.3159849354214742,
            0.30286669420904655,
            -1.3019382246007467,
            0.3626806440138189,
            -0.03869416689447187,
            -1.3550140788486582,
            -1.204744445303551,
            0.7879274903526421,
            0.6624164261112313,
            0.7925433480640989,
            -0.15129457771024984,
            -0.7729767279234029,
            -0.06897982646918803,
            0.9991654463691586,
            1.8343209860243308,
            1.6827702503610407,
            -0.8098557975661762,
            -1.7852696010498996,
            0.014706424794349856,
            -1.2965655057470333,
            -0.41463975834060285,
            0.9704198048995042,
            1.4915449011531121,
            -0.6926651325343216,
            0.29318819501352467,
            -1.6255786860842523,
            0.1418828050454549,
            0.7857972744920658,
            -1.1331998311112017,
            0.7891438058322838,
            0.544407271966025,
            -1.4704873327248973,
            0.1421922101050374,
            -0.6785171590920945,
            -0.4088013526066482,
            0.08722695326264646,
            -0.8027608142883652,
            1.941824097775805
        ],
        [
            1.4927360244116727,
            -0.6663340381254945,
            -0.5029494887607329,
            0.08856055141483651,
            -0.9427274982672698,
            0.7269763204452754,
            0.0,
            -1.4146757495273417,
            0.6582584270216596,
            -0.3179967590414093,
            -0.5179026415059701,
            1.3270381821903958,
            -1.664802360770612,
            0.5425763689439232,
            0.21110140405892203,
            -0.5097564141230955,
            2.0541907258766194,
            -1.8298360780571412,
            -2.4351503547392674,
            0.043576355431114766,
            -0.9590950636125417,
            -2.0089947424428627,
            -3.1979846274593293,
            1.1657850221523338,
            -0.4788380971731027,
            -1.091997536876618,
            -0.8239221675376709,
            -0.4409626774634763,
            0.7228802417005489,
            -0.36473228106554517,
            -0.10360489574762398,
            2.7499530704684485,
            -1.2884238430711143,
            0.3522949761564865,
            0.6854856789252366,
            -0.747028402841443,
            -0.6462804249925764,
            -0.8831640222417646,
            0.45224014327181733,
            -0.08455631596580303,
            -0.5992480654764017,
            2.501553852006952,
            0.15772448125821442,
            -0.64061664235585,
            0.021323352335060004,
            0.31335737989239304,
            0.24771288052229992,
            -1.5058552351040544,
            0.479788682213443,
            -1.0434720215354525,
            -1.211580973316666,
            -0.7422689660567193,
            0.45126909487028594,
            -0.5612574721634414,
            1.1297739308448351,
            0.9686495032154024,
            -1.0533063600296575,
            1.500562584344401,
            1.3478076998563113,
            0.3481642243162327,
            0.8922434880395784,
            -1.2949226248877046,
            1.7627265798422567,
            0.39660577317072476
        ],
        [
            0.2766256182382454,
            -0.9497693969267792,
            -1.1285957770816029,
            0.2040573227962747,
            0.24641870783851744,
            0.906696231115003,
            -1.4146757495273417,
            0.0,
            0.5402310526756664,
            -1.7624612188463973,
            -0.9779802636361682,
            -0.44152475935437113,
            2.1792971158462806,
            -0.20718517428051925,
            1.6223942455977343,
            1.1080199887508986,
            1.1814849207960398,
            0.848551463599579,
            -0.016058495430394993,
            0.7436353669545419,
            1.391588583891782,
            0.790264525651672,
            0.9444831015675238,
            0.8373069509838675,
            -1.5514288993514407,
            0.02280492752267596,
            -0.3317025024834331,
            0.04250778532187499,
            1.2648216947900517,
            -0.36340369052865035,
            0.42873126797594135,
            1.1504322975488699,
            -2.000243511867898,
            1.00057393182963,
            -0.2644959038228189,
            -0.4529102574309945,
            -0.5839632958619587,
            0.28497819525088014,
            0.8218244451830186,
            -0.058664476796529086,
            0.8241875958725522,
            2.2274853729992765,
            -1.089915261238885,
            0.5765160396636735,
            -0.1549378947392997,
            0.3342453468484686,
            0.25479977866146025,
            1.614266159217808,
            0.18671857104234027,
            0.10836965743540218,
            -0.6000788206264682,
            1.2692945136911251,
            0.10600802756822959,
            0.5565095118158159,
            0.0243512954336866,
            0.5748572545309693,
            0.2745719869324791,
            0.588554887601777,
            -0.7068388175139659,
            1.515732667807669,
            0.9640678565809458,
            0.8527254998164583,
            -0.20764097644285848,
            0.14668522650817525
        ],
        [
            0.3297610748856833,
            0.11609082836126546,
            1.9818246340650028,
            -1.6641914297761757,
            1.2590686305120982,
            0.08393216740127894,
            0.6582584270216596,
            0.5402310526756664,
            0.0,
            0.23717305256712243,
            0.6738559512367436,
            -0.047494038299739035,
            -1.440244875811492,
            1.318253706797858,
            0.9319884387975037,
            -1.335891286432565,
            -0.1006876570198821,
            -1.0550661129390795,
            2.4637555266581983,
            -0.53869886565387,
            -0.4736307104503559,
            1.8097119319703738,
            -0.7900654486011249,
            0.056384671161847616,
            -0.6143954597936925,
            -0.08659864867541939,
            -1.0051954154283431,
            1.304638983839276,
            0.30056469559364535,
            1.8468636799240095,
            -2.008568344029529,
            -2.211588886547366,
            -0.3886208954892207,
            -1.0219192802649761,
            0.6862940832621807,
            0.6090829428479171,
            0.5442923437957347,
            -0.6948426601482549,
            -0.19427753947187618,
            -1.0907021279218156,
            0.938811047832178,
            1.0202382857619252,
            -2.8795419607885613,
            0.47315634916534344,
            -0.9575990162694851,
            -0.9185669229347478,
            -0.1655383003179009,
            0.027093276405335678,
            -0.4865612908087046,
            -0.31021666594800645,
            -0.09535626381193148,
            -0.6991036555231935,
            0.036106220708723144,
            -0.7629419632841666,
            0.8721419873117358,
            -1.248717496031795,
            0.15961674884425225,
            1.2086628668493395,
            -0.3741084041639079,
            1.2235950527424813,
            1.4544666155978312,
            -0.6645523517546817,
            0.29799757888258505,
            0.0721885617828532
        ],
        [
            -0.031573672398821404,
            0.16049397532819443,
            0.33776938764484793,
            0.34549619927655656,
            -1.3737669728796515,
            -1.10482036874839,
            -0.3179967590414093,
            -1.7624612188463973,
            0.23717305256712243,
            0.0,
            -0.7755906157112167,
            -0.8957424194567805,
            -1.7172891344367782,
            -0.08772560618258059,
            -0.2855595232777603,
            -1.587315591912671,
            0.6154505804197097,
            -0.7590493992954354,
            1.5358380799109292,
            -0.3432319519367972,
            -1.2973893956843532,
            1.6566954153446565,
            0.12182605783973784,
            0.6383200827825661,
            -0.4688488785576488,
            -0.2187051996593189,
            1.1832047331030338,
            0.8095354872957372,
            1.050087447179492,
            0.7913389400481898,
            0.11819121124962942,
            0.9845471723559036,
            -0.05155036036813455,
            -1.6654262666484667,
            -0.6695771200246736,
            0.19346723463272145,
            0.20460665923548832,
            1.3443145061848298,
            -0.7024851411675564,
            -0.6629702927702545,
            1.6132404985692315,
            -0.5591409576201148,
            1.574576998120075,
            0.33597121966226373,
            -1.4571041906150826,
            -1.3937793258789215,
            -0.29300960659366926,
            0.8777306921808479,
            -0.22710853276394383,
            -1.0416824564824683,
            -1.1753008176127457,
            -0.30951555570511136,
            0.8262008898738006,
            0.028390944033569298,
            1.7587604153922207,
            -1.3227395092539993,
            0.11096824001388288,
            -0.3678239314855137,
            0.7739637736023557,
            1.3156771717876312,
            0.3874146453051778,
            0.4568957855249669,
            -1.305496694041406,
            -0.1470517819143263
        ],
        [
            -0.20953511312033085,
            0.003108503054718221,
            -2.095954872003312,
            -1.3451714955114888,
            -0.5488478166179851,
            -2.547953304122652,
            -0.5179026415059701,
            -0.9779802636361682,
            0.6738559512367436,
            -0.7755906157112167,
            0.0,
            -1.3067789516078663,
            -0.05945472444574262,
            0.0515883283420746,
            0.2975903149168658,
            0.538763406916662,
            0.7948490102450861,
            -0.0975112387964696,
            1.374334969874319,
            0.5269855044607816,
            -1.268825921019906,
            -0.6137918163226267,
            1.2492395969845573,
            -0.7908464967230731,
            -1.9163120880876485,
            -0.6073959495793737,
            -0.5500520295842309,
            -0.09098363288650196,
            -0.777571956104917,
            -0.8408648801026382,
            -0.6924125194135994,
            -1.161881503500288,
            -2.6558940977577623,
            -0.39744683775884254,
            1.691814960198825,
            -0.4881030737152079,
            -1.1754109570178108,
            -1.2691418263557823,
            -0.7352669235936377,
            -0.3811507582042204,
            0.8384218840963958,
            -1.264378659553868,
            0.8996263503709001,
            2.4531559970354455,
            0.19973376552386815,
            0.32005510125992054,
            -0.5855985610532634,
            0.2018415867605856,
            0.10285020384705865,
            2.1619639488997944,
            1.7051312323235501,
            0.9707595213518073,
            -0.6484990316974282,
            0.29600976434438214,
            0.4191509427891147,
            -1.2743766138944084,
            0.7666938035022928,
            -0.7163064735754183,
            -1.0048334116526836,
            0.18116741882054063,
            -0.06133774701543865,
            -1.1737720041785142,
            0.286280291055093,
            0.6392052768405562
        ],
        [
            0.09462978399693649,
            -1.2317950920643763,
            0.37435092847625295,
            0.7582207815982345,
            0.9871928343944795,
            -0.8359975784974928,
            1.3270381821903958,
            -0.44152475935437113,
            -0.047494038299739035,
            -0.8957424194567805,
            -1.3067789516078663,
            0.0,
            -0.7875441169322498,
            -0.21119659656580045,
            0.6079457902003274,
            0.2282856606320158,
            -1.0862434317219234,
            -1.6501808071017379,
            0.55033787148206,
            0.7074307496356826,
            1.7428064734529258,
            0.2468683347304023,
            1.9503199511667615,
            1.2079637525630011,
            -0.6424283280696054,
            -0.4567303045405764,
            0.4183267711100768,
            0.29501310673803316,
            -2.0940976876847444,
            0.5607191610918719,
            0.7301505229847904,
            -0.13634771386992625,
            -0.20704859529145492,
            0.21182012152019727,
            -0.9897059992184791,
            -0.7617340052614311,
            -0.09268790205676776,
            -1.73073642979889,
            0.5905411041838617,
            0.782989219477923,
            0.4839411629805592,
            -1.4454426154128752,
            0.4006740757685016,
            -1.9341989570530604,
            0.7643583627735746,
            -1.1573508531134107,
            -1.6925427187336681,
            -0.524285826906827,
            0.8007357196234225,
            -0.05924287018954672,
            0.11311198493118199,
            0.6897786720120913,
            0.842821161278628,
            0.7859949050080708,
            -0.380093271382178,
            0.2986241674904093,
            1.623242076639885,
            -0.8649544563527385,
            -0.9706023030230603,
            1.3277141826089753,
            0.20496248926270771,
            0.9327094929179762,
            -1.660099004548115,
            1.1716721105496173
        ],
        [
            0.757214877227702,
            -0.9781111916756549,
            -0.4720516840107285,
            0.8761228442268546,
            -0.5551511040631795,
            0.8137833901153765,
            -1.664802360770612,
            2.1792971158462806,
            -1.440244875811492,
            -1.7172891344367782,
            -0.05945472444574262,
            -0.7875441169322498,
            0.0,
            -1.65743411160816,
            -0.042215715977141764,
            -0.4331516547865461,
            -0.07110486502629258,
            1.6659308603677547,
            0.4102500925504101,
            0.6034968338442084,
            -0.2794500506878273,
            -0.754719815079067,
            -0.5980688003026786,
            -0.599474951979591,
            -0.9636498663491532,
            -0.019886415568163406,
            0.606922141684256,
            0.5591329887513489,
            0.06336701514097338,
            -0.8152330054398416,
            -3.996753880968084,
            -0.368417211285705,
            0.17871470024546415,
            -0.061893090760386016,
            0.46027655700710257,
            3.096228968831555,
            -0.9699384261329402,
            -0.7749333219178873,
            0.19150374092488318,
            2.4589819942486137,
            -1.3375693650783793,
            0.49232744406583473,
            -0.22807798666226184,
            1.253911100518402,
            0.9110085352344695,
            -0.7056773783862942,
            -0.3772851371901855,
            1.3612475517928864,
            -0.24724154813212187,
            -0.9259919451634265,
            0.327810676460083,
            -0.5703754118452863,
            0.24331662326384404,
            -0.9882801342020354,
            -0.1025192238201263,
            -0.42779412522981564,
            -1.256979385341637,
            -0.8328904862670741,
            -1.7915519923877472,
            -1.6875811781544592,
            0.29012396941320623,
            0.7255963925584452,
            2.0560734066571986,
            -0.8050567915205751
        ],
        [
            -0.15387283861251108,
            0.3643055014078144,
            -0.049786929828064055,
            -0.5554534520400786,
            1.2123906902190242,
            0.29560423224219096,
            0.5425763689439232,
            -0.20718517428051925,
            1.318253706797858,
            -0.08772560618258059,
            0.0515883283420746,
            -0.21119659656580045,
            -1.65743411160816,
            0.0,
            1.162938075769483,
            0.12893816439228797,
            0.3338129977550994,
            -1.0523288895039509,
            -0.7129390788413288,
            0.8924816778399017,
            1.0859194717325804,
            -0.29076049842294566,
            1.1996539604995295,
            0.8941907453375226,
            1.157133223385367,
            0.2518493441505068,
            0.6236853612040244,
            1.672103230341489,
            0.779638706452936,
            1.522794078139489,
            0.2914009888500854,
            -1.239438857330015,
            -0.4355618931479594,
            -0.18224709632990638,
            0.6719721181760734,
            -0.7458889562857363,
            0.04007403782809974,
            -0.7344907350838391,
            -1.1449954727059712,
            0.6818100877119787,
            -0.7271208510839107,
            -0.18362820936493693,
            2.6291626091685467,
            0.5398676802837288,
            0.2186858737283508,
            -0.6076472115118873,
            -1.3122521755702523,
            0.44023976189275876,
            0.41615246251796895,
            -0.4936679393351581,
            0.8881871914282512,
            0.2570540632512991,
            1.480085683908102,
            -1.1021729754393776,
            -1.1803460222588875,
            -1.366556767217925,
            0.7341556302302717,
            -0.6373744611000631,
            0.09272718616393417,
            -1.059279766774623,
            -0.5453816218473456,
            -0.5495135061026806,
            -0.6675863583915786,
            0.33957352932015594
        ],
        [
            2.1951586097562155,
            0.3184090753031105,
            1.7344920071062226,
            -1.0937465972467195,
            -0.4308849778629479,
            -1.6704432341182633,
            0.21110140405892203,
            1.6223942455977343,
            0.9319884387975037,
            -0.2855595232777603,
            0.2975903149168658,
            0.6079457902003274,
            -0.042215715977141764,
            1.162938075769483,
            0.0,
            0.4901931422221038,
            -0.8486712043891077,
            0.5745878968005844,
            1.6312747365114253,
            -0.2850577313579066,
            0.0863239640897846,
            0.7950181092309196,
            -1.2868342902079222,
            2.6780871365681653,
            -2.267346807788281,
            -0.8886157199702758,
            -0.9068637710826709,
            -0.16900868401074035,
            -0.5532737687861939,
            -0.9193445284228031,
            0.24556937107500648,
            -0.23221959958855937,
            -0.258164740491511,
            -0.8587125644237437,
            -2.264920345325627,
            0.5423292389235892,
            0.25811666580091047,
            0.7222891612887489,
            1.3083817771823245,
            0.752183834608578,
            0.4287692686407082,
            -0.9145699974368022,
            0.742860257809474,
            0.5282312885415417,
            -0.2451390199624633,
            -0.1350717312657873,
            -1.0941937549394734,
            1.05044447708727,
            -0.8624734664658241,
            -0.3176399997665781,
            -0.7308427617602186,
            -0.5283122815692874,
            -0.6543632904326708,
            -0.3716424373848661,
            0.9751064177043843,
            -0.024156041292541407,
            -1.2246638312134583,
            0.9509612920927614,
            -0.31739215477121363,
            -2.494008990058108,
            -0.8357331855093478,
            -0.2423059829193103,
            -0.9927995968648144,
            -0.06623916006304285
        ],
        [
            -1.562630833542895,
            -0.23754280402590486,
            -1.8533832679996352,
            -0.05725410015883972,
            0.11647328577448528,
            0.12755766708986013,
            -0.5097564141230955,
            1.1080199887508986,
            -1.335891286432565,
            -1.587315591912671,
            0.538763406916662,
            0.2282856606320158,
            -0.4331516547865461,
            0.12893816439228797,
            0.4901931422221038,
            0.0,
            -1.6619353926063687,
            0.5033135979421997,
            0.22619335861640064,
            1.1625588724029894,
            -1.122191558178263,
            -0.3560318253373354,
            -1.1506501003587044,
            0.7766425314466683,
            -0.7493196666147384,
            -0.627653821764546,
            1.64187416199281,
            1.0618060122512778,
            -0.5392812405876838,
            -2.0680937937335147,
            0.41669687270778405,
            -0.9425603573902759,
            0.0028773720815917555,
            1.4163072234516871,
            0.8711407457100476,
            -0.6512794209708886,
            1.2214769787900295,
            0.8848501357600244,
            0.9206713229526847,
            1.906278331867431,
            -0.3857208108958402,
            -1.5409824221993769,
            0.17415863802447357,
            -0.2549558267782814,
            0.17029532425883262,
            -1.7581618462603974,
            -0.2242304340487497,
            -0.13259097632329536,
            0.9676457968683195,
            1.055102162094052,
            -0.7364528506555138,
            -1.2750666610568417,
            -0.29437799235811785,
            0.19503459481750773,
            0.37853984383514944,
            0.11849882970006266,
            -2.5953242297840404,
            -0.44417875800916823,
            -0.39269110681057934,
            0.6739413285549866,
            -0.08340645992452353,
            -1.1049764898987353,
            0.4697193445269967,
            -1.381478782748979
        ],
        [
            2.112247534861965,
            -0.5230139175482348,
            0.7107882766670744,
            -0.6323662625445206,
            0.8039551610192569,
            0.3819818611939534,
            2.0541907258766194,
            1.1814849207960398,
            -0.1006876570198821,
            0.6154505804197097,
            0.7948490102450861,
            -1.0862434317219234,
            -0.07110486502629258,
            0.3338129977550994,
            -0.8486712043891077,
            -1.6619353926063687,
            0.0,
            0.489091497823648,
            0.656920714612533,
            -0.2584071404218784,
            0.43399996477622765,
            2.0868079615134736,
            1.0377586113230008,
            -1.7376522955026366,
            1.1964097038349388,
            -0.8687826208532067,
            0.07052561172463227,
            -0.738004518644809,
            -0.21418131145425265,
            -0.07800627353282193,
            -0.7023716974004457,
            1.0001691653183944,
            -0.22175502342576306,
            -1.2968771018599423,
            0.8948539001030111,
            -0.7808780745991922,
            0.5592796865615348,
            0.5098979938941053,
            2.890016647350627,
            -0.33638346003392133,
            0.5475962953008148,
            0.9546165592429278,
            -1.835704134905785,
            0.08470455871316307,
            -0.05721231163102642,
            1.4818747578514064,
            0.06442280664621644,
            1.1501526411678453,
            0.15308332613093933,
            -1.0915535412092654,
            -0.13275770826929978,
            -0.1042759286745217,
            1.347264374130698,
            -0.7293389443949625,
            -0.7761218710877009,
            0.00665658280252163,
            -0.5309357990964005,
            0.04237466211115686,
            -0.2934428429764337,
            -0.5763221511151053,
            0.10392928663527608,
            -0.9458913288569001,
            1.0292209233953524,
            1.4649152686010638
        ],
        [
            -0.5392841023199465,
            -0.5884661887195554,
            1.782991155206662,
            1.6310111436006591,
            -0.16028287171127856,
            -3.6124001793700415,
            -1.8298360780571412,
            0.848551463599579,
            -1.0550661129390795,
            -0.7590493992954354,
            -0.0975112387964696,
            -1.6501808071017379,
            1.6659308603677547,
            -1.0523288895039509,
            0.5745878968005844,
            0.5033135979421997,
            0.489091497823648,
            0.0,
            -0.2587797146277901,
            -0.41703673809654135,
            0.5981066507906251,
            1.0508627803961883,
            -0.8151656969668051,
            0.31086529852373984,
            0.6896503567792306,
            0.051437958704957036,
            -0.556086261910134,
            -1.1783722074689191,
            0.4718949315209,
            0.45574384429317116,
            -0.22904641935114245,
            -0.0509518963798893,
            -1.5180419805023873,
            -2.123872642766384,
            0.05194484787226325,
            0.06509055229551157,
            -0.597669473337047,
            0.9790094078240265,
            1.8409408057011198,
            0.2811871093485838,
            0.2093767158827501,
            -0.1462481428747446,
            -0.1183632396402431,
            1.0731804482089062,
            0.12449722952075251,
            0.023038776340951837,
            1.0008184065568246,
            -0.7820342641214016,
            -2.852078121490491,
            1.3382420251041987,
            1.129459959181271,
            -0.0791395350209935,
            2.022040907050889,
            0.33521799546437286,
            -0.41576931311172743,
            1.612856395607094,
            0.01623296569012546,
            1.1313126443367545,
            -1.0746469927703137,
            -0.8763840195813996,
            -0.060174065616376456,
            -0.26070531360751664,
            1.0520181513611229,
            0.9926258271441626
        ],
        [
            -1.3194234779106502,
            -1.0873847655408801,
            -1.1432825938409257,
            -0.8023262438052211,
