{
    "N": 64,
    "id": "b6ab5535-84ba-473f-8a0a-b00a7a6b363d",
    "problem_type": "SK Spin-Glass",
    "distribution": "gaussian",
    "spins": [
        -1,
        1,
        1,
        -1,
        -1,
        -1,
        1,
        -1,
        -1,
        1,
        -1,
        -1,
        1,
        -1,
        1,
        -1,
        -1,
        1,
        -1,
        1,
        -1,
        -1,
        -1,
        -1,
        1,
        -1,
        -1,
        -1,
        1,
        1,
        -1,
        1,
        1,
        1,
        -1,
        1,
        1,
        1,
        -1,
        -1,
        -1,
        1,
        -1,
        1,
        1,
        1,
        1,
        1,
        -1,
        -1,
        -1,
        1,
        -1,
        1,
        1,
        -1,
        -1,
        -1,
        1,
        -1,
        -1,
        -1,
        1,
        1
    ],
    "couplings": [
        [
            0.0,
            0.18922172240622703,
            -0.5443417868150424,
            0.6141222386000104,
            -0.6765737624480737,
            -0.679411597144171,
            0.8531640185616148,
            -0.6378429120682495,
            -1.9189499978370985,
            0.19652212901342914,
            -0.4266249544855248,
            -0.5901025792582877,
            1.093686904179975,
            -0.10138391854493367,
            1.0819143744846849,
            0.5415026619959072,
            -0.4274385776990339,
            -0.6049679971850775,
            -0.9798240775887679,
            -2.636068485775952,
            -1.7082559550707832,
            0.5034276130570399,
            0.061631188803836216,
            -0.49352553224110624,
            -0.08577740832523857,
            -0.27604552512001795,
            -1.2615572711446699,
            -0.6566495299473079,
            -0.4985733250658171,
            -1.1498054153898953,
            1.1782168232820458,
            -2.2995568809186135,
            0.0993796201708269,
            -0.20546580900434125,
            0.9771214836903798,
            1.2590335786840534,
            0.4087503738763569,
            -0.2461254443939288,
            1.0435155749236424,
            1.006275997520999,
            0.7222585565319527,
            1.3384627932223994,
            -0.4066462757988075,
            0.1297172206223649,
            0.3116573183021244,
            0.6894411463670947,
            -2.62285315450062,
            0.20560320787190745,
            -0.3919456574123975,
            -0.3489133261234072,
            -0.24384060383870548,
            1.1162284972838912,
            0.5013872545048084,
            2.559230793069577,
            -0.3870362580333939,
            -0.27901489992831097,
            0.05038572536801025,
            0.5359317431123064,
            0.20418332682469081,
            -0.266604111363253,
            0.9482575709227414,
            0.03333938880133352,
            -0.2980673265603204,
            -1.197745997019412
        ],
        [
            0.18922172240622703,
            0.0,
            2.0981737174108894,
            -0.3822495286124832,
            -1.3086173529309515,
            -0.016796928584942437,
            0.1347610098966642,
            1.2898037392329949,
            -0.0773738984822282,
            1.4779929324080359,
            0.7773808799747046,
            0.5043460019278989,
            1.7281399508089743,
            0.27135563780580535,
            -0.4605295223345843,
            0.6162380208554417,
            -0.7131473509189747,
            0.6300257536768543,
            -2.114129078635919,
            -1.029739239265951,
            0.20349880169346674,
            -0.7708106571878806,
            1.5615028439225145,
            -0.7474751999735444,
            -0.30678505924657123,
            0.19802039183702932,
            -1.0957729206738862,
            -0.1993221802487016,
            -0.14910832485040462,
            -0.07401143357279208,
            -0.18648676028181177,
            0.1688281603730498,
            -1.8257755154935396,
            0.9337185249131413,
            -0.02531859020028198,
            0.99623836850678,
            -0.7485099497619447,
            -0.6652825605489296,
            0.05280647896392789,
            -0.9284269060122281,
            -0.5354338798692065,
            0.29273156533567246,
            0.5148802186452432,
            0.37142219016849976,
            0.6634788264624671,
            0.8802012901461479,
            -0.2812815772820684,
            0.024504888918234796,
            -0.347007037151877,
            0.03613674324079722,
            0.13460407044366168,
            -0.9551127152704366,
            0.12126024589484181,
            0.04474335958863863,
            0.49379644526412897,
            0.29048036259093707,
            -0.1504493626486572,
            -0.7129220392709632,
            -0.21640523254272223,
            1.2028634617625764,
            0.8594406753981282,
            0.4787273119703876,
            -0.7557867442302609,
            0.7158963231976393
        ],
        [
            -0.5443417868150424,
            2.0981737174108894,
            0.0,
            -0.36188365974916886,
            0.06988306489813485,
            -2.6726034862466546,
            -0.6912517485971053,
            -0.22807495367630856,
            -1.4311547699460823,
            1.2940200454800586,
            0.652081198448211,
            -0.2041594341907296,
            0.05585237398319813,
            -0.8874170069746218,
            0.9931700991902622,
            0.443938618906741,
            -2.8445875650667904,
            2.20043289501444,
            0.06713691136195243,
            0.3014273917208076,
            -1.5113259265263492,
            0.4134464964824655,
            0.05005368131067031,
            0.8028823207108939,
            -0.2607580263012642,
            1.5150624372410113,
            0.023211507295889527,
            -1.756874794153977,
            -0.6280667101972149,
            -1.6235693777271674,
            1.0847371946308386,
            -0.9642300711065447,
            0.6922162776583378,
            0.1579141634844353,
            -0.5566608648264517,
            1.6654959820209396,
            -0.860123455026232,
            1.583113913552256,
            -1.2362034364408339,
            -0.6840249961716325,
            0.49346539877719475,
            -0.34645487309350975,
            0.07797953921944925,
            0.7223446724317037,
            -1.1798520578637604,
            -1.784009360572839,
            0.8285592476954589,
            1.2673665702380252,
            -1.3628255877238913,
            -0.31030335891482,
            -1.3625094997865004,
            -2.2627646281783287,
            0.6668547232172714,
            -0.5309111511272202,
            0.3424736923312952,
            0.09192606216246822,
            2.210283266762225,
            -0.020124722870987852,
            -0.9441389306147946,
            0.7064849620008102,
            0.8124384183551122,
            2.065792145706087,
            -0.24084543256883642,
            0.46537318183067156
        ],
        [
            0.6141222386000104,
            -0.3822495286124832,
            -0.36188365974916886,
            0.0,
            -0.725375044758897,
            0.09800240117567277,
            -0.19572649524772973,
            -0.31981077562106835,
            -0.9328370730932966,
            0.8747524547631776,
            -1.2007203192933136,
            -0.4758643027658491,
            -0.930052124145983,
            1.0275797973300294,
            -1.6369364123867143,
            0.15746805932899283,
            -0.25173728560061553,
            0.8931220136705873,
            1.2276786053114581,
            0.10180647186231252,
            0.12428208662220575,
            -0.026530769942534314,
            -0.07715192864371048,
            -0.32022599310192085,
            -1.30945525163415,
            0.558410077795947,
            -0.7516422281074644,
            -1.6588310584719272,
            -1.3225416397603758,
            1.7986943546955416,
            0.27400960030185073,
            -0.2956926147890752,
            0.7850615222215184,
            -0.6814537898284483,
            0.9022345877786169,
            2.245835826241513,
            -1.3332318373706857,
            1.841767376247974,
            -1.5603795564623384,
            -0.8487105637027826,
            -2.6839086973550796,
            0.8951750070006723,
            2.1111582854832287,
            0.10396163664534182,
            -0.4940691844723813,
            0.03283536929624728,
            0.8670642926294714,
            -0.3560232273672188,
            -0.17433090726046072,
            -1.0620574105783482,
            1.8751722491501577,
            0.47241286084209605,
            -0.6097087632986418,
            -0.19811578599643553,
            0.7091246545939686,
            0.051319020083621415,
            1.478680613093673,
            -1.827321027170283,
            -2.551055224641247,
            0.5565625100098198,
            0.20759235115302466,
            0.7242507841763934,
            -0.22865894861431862,
            -1.103862522151686
        ],
        [
            -0.6765737624480737,
            -1.3086173529309515,
            0.06988306489813485,
            -0.725375044758897,
            0.0,
            -0.3866593419851534,
            0.6888182175220221,
            1.6956557179480427,
            -0.2749755596367069,
            0.9188410791043725,
            -1.0926742753147487,
            1.684769490219261,
            0.4745079205064104,
            0.47101710694809296,
            -0.41293801643115563,
            0.46234293480158584,
            1.3203503352415629,
            -0.8486387917048512,
            -0.4156921052476776,
            -0.6705078861818133,
            -0.12057413971563129,
            -1.2902661602422822,
            -0.42362544386028195,
            -0.5688643339986833,
            -1.3888476712906137,
            0.4669757854416174,
            -0.5005418673123808,
            1.1427318726068736,
            -0.9379740447275365,
            -0.36826549497854394,
            0.9529001529691419,
            0.6384286352079518,
            -0.5800017617534661,
            -0.556303288402038,
            1.3270628316405315,
            0.0011439945383605312,
            -0.7018164561795052,
            0.21119157272650474,
            -0.8923011357120314,
            -0.05490548540821141,
            0.3318770595588623,
            -0.0792807625541229,
            -3.0167091924917497,
            0.11333661844021285,
            0.3054122526460345,
            -3.0740818807584014,
            0.24092069270812547,
            -0.5522914536960984,
            0.4512371469204166,
            1.5431937309135841,
            -0.20642268562894578,
            -1.4939847394140733,
            2.5998877901982875,
            0.13710099443551177,
            1.3392090803411674,
            -2.8899508182328106,
            0.45222601456558237,
            1.2111990921794726,
            0.7252689001384383,
            -0.10292256483176708,
            0.01245777268945292,
            -0.28402643727373195,
            -0.028963215926198625,
            -1.17329219677596
        ],
        [
            -0.679411597144171,
            -0.016796928584942437,
            -2.6726034862466546,
            0.09800240117567277,
            -0.3866593419851534,
            0.0,
            -0.25133457711489016,
            0.42031363307556524,
            1.2803685030947867,
            -2.459878429821073,
            0.4629619129315094,
            1.2574740638302848,
            -0.6380770271511281,
            -0.40159993288168355,
            0.2609023851227141,
            1.0348922597415051,
            0.7250863298899533,
            -1.2800100054422885,
            0.0635143681164277,
            -0.4940831926626416,
            0.2893783870155521,
            -1.8310240166362173,
            -0.06568615575257608,
            1.3604550124950086,
            -0.7645088702545161,
            2.00868230542057,
            -1.04453823148077,
            1.9375377344367035,
            -1.1189346166483176,
            2.4439356881355367,
            0.9970742737937881,
            0.39570426392344515,
            -1.4177955537188605,
            -1.9213946116856597,
            -1.2977478466536447,
            -0.6295946949087471,
            1.356589436712783,
            -0.8667128355776446,
            0.31030971264570206,
            -0.11814892369479611,
            -0.22834517591742998,
            0.9461774210131376,
            -0.25051486755923486,
            0.25252554334114885,
            0.08181851847240594,
            0.0011119987840951908,
            -0.6376816558769153,
            -1.557848906845294,
            1.6106189498308925,
            -0.5498667690685797,
            -0.20494756970101788,
            1.610883325467549,
            -0.7301849745445174,
            0.32940073666937053,
            0.04108980563644892,
            1.4446701669918578,
            0.13764337033979368,
            -0.007978236814925802,
            0.11089733965653868,
            -0.3585004193863214,
            -0.3058098681697328,
            -0.8379194721984622,
            -1.8037521989391754,
            1.6475936177754205
        ],
        [
            0.8531640185616148,
            0.1347610098966642,
            -0.6912517485971053,
            -0.19572649524772973,
            0.6888182175220221,
            -0.25133457711489016,
            0.0,
            1.1981866257831364,
            0.1536539381554532,
            -1.0465697750142593,
            -0.6632570093330219,
            -2.1857574435396705,
            2.826692646658075,
            0.9057247627576585,
            0.33702378497693797,
            1.7003293548935128,
            1.4325338698666017,
            0.12078281842049028,
            -0.3706132331563845,
            0.3208821109586553,
            0.3760215985059481,
            -0.9434191601151821,
            -0.9590934743048405,
            0.3362112987703178,
            -0.8412608275139247,
            -0.6165072724762188,
            -0.8420923429007724,
            -0.890726806842646,
            -0.9958356417840428,
            -0.2486146482975471,
            1.111718287927756,
            0.5804028484182334,
            -0.6735746946481338,
            1.4411579644304724,
            -0.5470920540394583,
            -1.4826879307564662,
            -1.7265051295472105,
            -0.07313884576961455,
            -1.2078745805861306,
            1.326253330856332,
            -0.2977027472866146,
            1.1559278297530764,
            1.4108733330773706,
            1.4099423183607658,
            0.40618750386849145,
            0.17983671839883858,
            -2.135940824285062,
            0.39297150029564326,
            2.035662787724226,
            0.8092790695996532,
            0.5201604626368148,
            -0.4389307668540365,
            -0.9069388455763837,
            0.09434858433302185,
            1.0610163701354214,
            -0.5377475895317667,
            -0.21418088046802508,
            -0.396618636132843,
            0.5195472157590074,
            -0.45159234622086153,
            0.7512852300829829,
            -1.8551529746538549,
            1.492930229472914,
            0.2600282312289699
        ],
        [
            -0.6378429120682495,
            1.2898037392329949,
            -0.22807495367630856,
            -0.31981077562106835,
            1.6956557179480427,
            0.42031363307556524,
            1.1981866257831364,
            0.0,
            -1.2254506081774887,
            0.5174062500778959,
            0.6081971137652754,
            -0.284537241299933,
            0.8966661144410373,
            -0.9706733370302603,
            1.7011514914751513,
            -1.034505733648952,
            -1.2003872504389144,
            1.8091706467783728,
            -1.5520037551686725,
            -0.8873949545769259,
            -2.26900143125502,
            -0.9392985897915838,
            -0.7659818333418343,
            0.582721667164284,
            -0.4783561030669102,
            1.0079976388677916,
            1.3583358533529506,
            0.7885678943920986,
            1.9657431633416764,
            2.2187414552491735,
            -0.2873879385896881,
            -0.6630154887161887,
            -1.5969545329149395,
            1.3814541716400088,
            0.5938206670516927,
            0.9759490072748579,
            1.212676409223023,
            -0.7681712569362061,
            -0.5786771580899578,
            -1.6703179093797056,
            1.719762098577701,
            1.679531609526756,
            1.6919491102753743,
            0.3626171274452535,
            -0.48637525791983827,
            0.7171485370501282,
            0.5751921343268804,
            0.23693079900727906,
            -0.14913695659014176,
            -0.1914104996009091,
            -0.3085540615486204,
            0.38706966424780853,
            0.4606165575463187,
            -0.12472248342232106,
            0.7147968929285318,
            -0.7160601670960954,
            0.048045080888186605,
            -0.6624298164991566,
            -0.960814151627465,
            0.6609112332780166,
            -1.2569309846486947,
            1.2914233250113254,
            -0.2008148768385791,
            -0.2517226547708075
        ],
        [
            -1.9189499978370985,
            -0.0773738984822282,
            -1.4311547699460823,
            -0.9328370730932966,
            -0.2749755596367069,
            1.2803685030947867,
            0.1536539381554532,
            -1.2254506081774887,
            0.0,
            -2.7622392572332672,
            1.3923344031848377,
            -0.9049109891875816,
            0.537939569485347,
            0.7606433026708737,
            -0.050150935465552826,
            0.5898001627890176,
            -0.7369036905885844,
            0.7572535209314141,
            1.2891967242725504,
            -1.1812421911489668,
            -0.08395951723068458,
            0.9713343305743541,
            0.6892871260813999,
            -0.628758005982908,
            0.2704442242596146,
            0.04295637565884038,
            -0.9921097214942354,
            -0.2213603533410832,
            -0.26989193228392516,
            0.7968909609061502,
            -0.09729778452290906,
            -0.7497902473073665,
            0.24424592960234645,
            -0.5507264358213876,
            -1.3094901094260445,
            1.5206817470861258,
            0.7238091209000955,
            -1.2061775370199503,
            0.20721787459109606,
            -2.3899969358447786,
            1.7418488785993083,
            -1.3323967206595584,
            0.5121306347458279,
            -1.000657966374767,
            0.40643778382255236,
            1.5089768180481165,
            1.4116513303723512,
            -0.34671072223196664,
            0.301805336404583,
            0.17939543640806382,
            -2.0552962365410647,
            1.2645000971463918,
            -1.6006958407204352,
            -1.8040078440564447,
            -0.7779972813398819,
            0.7251628689729521,
            0.3359348954187596,
            -0.7769410209439418,
            -0.14249853251965955,
            -0.03005097978787314,
            1.4927371444905826,
            -0.5350330404920267,
            -0.1684123995538328,
            0.06595654930369148
        ],
        [
            0.19652212901342914,
            1.4779929324080359,
            1.2940200454800586,
            0.8747524547631776,
            0.9188410791043725,
            -2.459878429821073,
            -1.0465697750142593,
            0.5174062500778959,
            -2.7622392572332672,
            0.0,
            -1.6291656914414334,
            -0.09555428122122378,
            -1.6580669390950173,
            -0.23613629521419788,
            -1.0103542796001692,
            1.533602910021674,
            -1.5855035421791517,
            1.523374403625203,
            0.14518755870026548,
            -1.1371681520794639,
            -0.8068086751414157,
            0.5095137347599116,
            0.5003114387412527,
            0.24189017330264265,
            0.851132538328948,
            2.160907317145738,
            1.1997397792977933,
            0.061998483189909054,
            -0.7094112119132361,
            -1.9023329379888614,
            2.2966962197486165,
            -0.07565963732230119,
            -0.4074845032778406,
            -0.32516557058277046,
            -1.528953200498167,
            0.9280903197538732,
            1.7425821665163752,
            0.5313202304159887,
            -0.15774044218957886,
            -1.1677329662551932,
            0.40915487074904827,
            1.1128140863604827,
            -0.6280954855531948,
            -0.5740263426221913,
            -0.46612359962317657,
            -0.3751855346790923,
            -1.6285626763193521,
            0.6878485441052635,
            0.5858252824574985,
            0.6747717726162222,
            -0.01597363771859064,
            0.3882699165274439,
            1.021656879703592,
            0.7701598399074159,
            -0.040635518648673784,
            -1.428389692322641,
            -1.0241438920198211,
            1.1588891919008015,
            2.1769918304075313,
            0.1372636657667138,
            1.9148621304945483,
            0.6665464135135535,
            -0.1026065118878968,
            -1.8454491300843994
        ],
        [
            -0.4266249544855248,
            0.7773808799747046,
            0.652081198448211,
            -1.2007203192933136,
            -1.0926742753147487,
            0.4629619129315094,
            -0.6632570093330219,
            0.6081971137652754,
            1.3923344031848377,
            -1.6291656914414334,
            0.0,
            1.1926927627449884,
            -0.2793045955162296,
            -0.057556137363203363,
            0.3992346321548052,
            -1.1386719506204055,
            0.167798755516263,
            -0.05013275180830269,
            -0.013577033293613353,
            0.04193818590743055,
            0.08640405483509915,
            0.2685293051321027,
            0.01938788777034071,
            0.8285063834107724,
            -1.8973096168108727,
            -1.0882808269267,
            -1.0603726924929682,
            -0.8970900694094414,
            1.3855002711764115,
            -0.4501879553802059,
            -0.9166984822517756,
            0.5284191772949127,
            0.7417908186246313,
            0.1470332961283815,
            -0.3876116705030865,
            0.20525811132850996,
            1.367801920526373,
            0.6940291746415577,
            -0.734567757860366,
            0.3658348852457749,
            0.6863829112617822,
            1.703790935199956,
            -0.5268615399239767,
            1.977604683306359,
            -0.46390077934296264,
            0.2264499839710171,
            0.25437065039676093,
            -1.0965058084681165,
            -0.23754345151646106,
            -0.13338900944406656,
            -0.2497160826169671,
            -0.24186416436590888,
            -0.223022833950983,
            0.4017218272561887,
            1.0011327834429298,
            -0.049686950865339474,
            -1.562332812196269,
            -1.7737346309666946,
            -0.2982182926753832,
            -0.3436816993293667,
            -1.2906907239049776,
            0.54029073637366,
            -2.051702495861147,
            -0.2752835867004074
        ],
        [
            -0.5901025792582877,
            0.5043460019278989,
            -0.2041594341907296,
            -0.4758643027658491,
            1.684769490219261,
            1.2574740638302848,
            -2.1857574435396705,
            -0.284537241299933,
            -0.9049109891875816,
            -0.09555428122122378,
            1.1926927627449884,
            0.0,
            0.3479438689608383,
            1.7957936968912953,
            0.0890127125816808,
            0.8038980462553642,
            -1.386813621714803,
            -0.6092681877343679,
            1.4338145719689428,
            0.29143655634999044,
            0.7639325065188453,
            -0.1434521798074919,
            0.17506900323737493,
            -1.1918534732506667,
            -2.5635267291996056,
            0.33132560000442496,
            0.7838280434349182,
            0.7486118267486053,
            -2.0437271692596,
            0.3440322808362872,
            -0.1994387447324145,
            0.009574208654546564,
            1.0814025058767447,
            0.4366140521271422,
            -1.4795670646796448,
            1.028211603555097,
            -1.1647304866797066,
            -0.8602043626318776,
            -0.7594030991439407,
            0.44717416776036456,
            -0.3160017622193342,
            0.13989263713978944,
            0.7495234621321002,
            1.194037082056409,
            -1.2059159268877904,
            -0.04135754051351234,
            -1.5554928391300518,
            -1.4403509915688257,
            1.5668466663434333,
            1.4842993468074017,
            -2.350457002929206,
            -1.4352671854472152,
            0.1092088842632375,
            1.1464728800680895,
            0.2979826320565979,
            0.2799696566170452,
            0.8978104355594029,
            -0.09776797084312452,
            2.129701141796392,
            -0.32325248517362615,
            0.727271270613346,
            -0.6625441540321585,
            0.25792182956461307,
            -2.00250905700808
        ],
        [
            1.093686904179975,
            1.7281399508089743,
            0.05585237398319813,
            -0.930052124145983,
            0.4745079205064104,
            -0.6380770271511281,
            2.826692646658075,
            0.8966661144410373,
            0.537939569485347,
            -1.6580669390950173,
            -0.2793045955162296,
            0.3479438689608383,
            0.0,
            0.6876447423641501,
            -0.45715293274874946,
            0.8588028459942044,
            -0.4228369521411813,
            0.6907849098282076,
            0.17079910041102261,
            0.8200066510678169,
            1.9415680469292256,
            1.0883614045973191,
            1.317746017761193,
            -0.7178810348485491,
            0.7588060706587315,
            0.7499374329535129,
            -0.9057870334411191,
            0.020658393977871756,
            0.19651732641858907,
            0.11849472316709934,
            0.578032160162056,
            -1.1059538631938817,
            -1.0458065742767175,
            1.286144057530624,
            -0.47886250379142964,
            -0.5467698706202886,
            -1.3736522744222794,
            -0.041931477845707776,
            0.5082856063389258,
            0.3236180739817136,
            1.0060451438054423,
            -0.2714424514293798,
            -0.12360239478890948,
            0.5161206459246108,
            0.7526011346243807,
            0.13569435884643913,
            -0.9646827958260317,
            -0.8362124521569338,
            -0.7687204770256665,
            -0.36332314369045615,
            1.0294169481161772,
            -0.3675134918394138,
            0.9367028529113691,
            0.6966581686790949,
            1.1884225345911297,
            -1.841018201724393,
            0.9882340179376432,
            -2.126530935852406,
            0.23521926175707486,
            0.775963290304679,
            0.5983931242045089,
            -0.7637326932936613,
            1.218812297688428,
            -0.47780453434228537
        ],
        [
            -0.10138391854493367,
            0.27135563780580535,
            -0.8874170069746218,
            1.0275797973300294,
            0.47101710694809296,
            -0.40159993288168355,
            0.9057247627576585,
            -0.9706733370302603,
            0.7606433026708737,
            -0.23613629521419788,
            -0.057556137363203363,
            1.7957936968912953,
            0.6876447423641501,
            0.0,
            -0.6305792611033258,
            -0.7352156697280348,
            0.01278752896748168,
            -1.139644133162745,
            -1.0977781171313432,
            0.28565900560845603,
            2.018498224259119,
            -0.6402990341954871,
            0.8656979362781296,
            0.773639938548816,
            0.12459586962462173,
            0.9156345886265794,
            -0.4608544930089605,
            0.4876326842467939,
            -1.4954835092672554,
            0.8432280736821133,
            0.614271507154888,
            -0.1378104134790537,
            -1.30802331387694,
            -1.208136577138146,
            0.4646298342450302,
            0.7565858040284303,
            -0.353473701015105,
            0.7695142384646644,
            -0.9856838587729099,
            0.5978697332599434,
            -0.23299018062269217,
            1.6316521626590448,
            -0.8585394440271841,
            -1.267470119683074,
            1.0703124020938333,
            -1.0091952252228804,
            0.2657021109802681,
            0.046114979117979384,
            -0.48603463260123947,
            0.21277977135310086,
            0.28134340219721726,
            1.0238104831088632,
            -0.9294418790179313,
            1.6237435584036075,
            0.49387882436007685,
            -0.4969409011958425,
            0.2587886474823429,
            -0.18562750690136712,
            -0.7071372933133812,
            0.7473966302449241,
            0.30534364197525155,
            -0.3389208360348303,
            -1.0192598908246022,
            -1.467273141867039
        ],
        [
            1.0819143744846849,
            -0.4605295223345843,
            0.9931700991902622,
            -1.6369364123867143,
            -0.41293801643115563,
            0.2609023851227141,
            0.33702378497693797,
            1.7011514914751513,
            -0.050150935465552826,
            -1.0103542796001692,
            0.3992346321548052,
            0.0890127125816808,
            -0.45715293274874946,
            -0.6305792611033258,
            0.0,
            0.08317673859048325,
            0.473169222873223,
            0.011518803314693534,
            0.833804401548335,
            -0.9447092331389592,
            -1.289202357964797,
            -0.7008530930203833,
            0.6160754110466072,
            -0.7365914799583262,
            -0.7241276658485475,
            -0.19987464777909475,
            1.5534617880490917,
            -1.2746271194049879,
            1.5118410815235308,
            -1.0768265034055973,
            -1.0704920170618586,
            -0.8054419533132068,
            -0.606902695080647,
            1.6846742139179194,
            0.02570608393015624,
            0.3734967800305582,
            -1.2341522521054762,
            -0.1539391211920134,
            -0.6588831012293993,
            0.1823145080136218,
            -0.13312217598833967,
            -0.051814371787439466,
            1.5528028010832342,
            0.6728656615176817,
            0.26406856859248556,
            -2.5283203756686157,
            -0.4625630015467052,
            -0.22822797284366605,
            0.5667702579278746,
            0.5823912353545555,
            -0.27399014475667527,
            -0.8164275650065608,
            1.8964027737614928,
            0.16946644436332667,
            0.9181515336537485,
            0.7319155551500763,
            0.22947149214504217,
            -0.281349318355023,
            -1.4240615241335919,
            0.9792352223352297,
            -0.24588228088014225,
            -0.7248860180648934,
            0.6298189680887862,
            1.8161672288656732
        ],
        [
            0.5415026619959072,
            0.6162380208554417,
            0.443938618906741,
            0.15746805932899283,
            0.46234293480158584,
            1.0348922597415051,
            1.7003293548935128,
            -1.034505733648952,
            0.5898001627890176,
            1.533602910021674,
            -1.1386719506204055,
            0.8038980462553642,
            0.8588028459942044,
            -0.7352156697280348,
            0.08317673859048325,
            0.0,
            -1.1360975578204673,
            -0.10744798068503697,
            1.1619402078791943,
            -1.1686408095997152,
            -0.6035814858924015,
            0.6224345054601024,
            0.6165579088297143,
            1.221944342078154,
            0.43400402996065013,
            -0.6283827345952687,
            -1.1504524831710732,
            -0.23936129340213547,
            1.4895592050019926,
            -0.8050841900300426,
            -1.1033990358250634,
            0.056715618435476935,
            -0.0992490890856226,
            0.9632450039173499,
            -0.43475488260057926,
            -1.6536022036670968,
            0.38773642620517773,
            -0.01308945546317967,
            0.09251080744583057,
            0.17432409982177818,
            -0.655353375009318,
            0.2618799036609052,
            -1.1945494362814513,
            -0.9632264807198294,
            1.2893156726953612,
            -0.8905545544499005,
            -1.207785349915913,
            -0.7256539057982557,
            -1.41808611485834,
            0.693995546993722,
            0.6908548255704564,
            0.2519974979137077,
            -0.09042185084216706,
            -0.07108034814196162,
            -0.4883707033015607,
            -0.5043121344146881,
            1.4129701615159422,
            -1.6959929296069725,
            2.260906426637215,
            1.3328616467579681,
            -1.7088323228965387,
            0.06921059065093309,
            0.921069402145097,
            -0.3161904395762315
        ],
        [
            -0.4274385776990339,
            -0.7131473509189747,
            -2.8445875650667904,
            -0.25173728560061553,
            1.3203503352415629,
            0.7250863298899533,
            1.4325338698666017,
            -1.2003872504389144,
            -0.7369036905885844,
            -1.5855035421791517,
            0.167798755516263,
            -1.386813621714803,
            -0.4228369521411813,
            0.01278752896748168,
            0.473169222873223,
            -1.1360975578204673,
            0.0,
            1.2001976276644686,
            0.2951040314030318,
            1.144175090539338,
            2.0207584817008164,
            1.0696473744108825,
            -0.07573328761089472,
            0.4705673253681126,
            0.5403951485882486,
            0.3934020468643599,
            1.0498855380840248,
            1.4969800973775342,
            -0.9420587158915817,
            0.11237036248437182,
            -0.8623908566001643,
            -0.28802625021488687,
            0.6318861486071978,
            0.8707679978718184,
            1.0534019249230557,
            -0.04618894801398978,
            0.09326468666114476,
            -2.183887182383261,
            -0.6737002671592193,
            -0.9634335520061625,
            1.5610300130490304,
            -0.4815180951456801,
            -2.088283161307118,
            1.1687941116413176,
            2.663418086373784,
            0.6828594850344115,
            -0.942856635103,
            -0.15351722624521336,
            -1.0610435663028286,
            -0.382407394654872,
            0.14321339138268105,
            -0.7497823831851828,
            1.5674268773645892,
            -0.4839788885410218,
            0.6494430420755964,
            1.4603272028407728,
            -0.3362514206086932,
            1.9221871429139843,
            1.3067589404439908,
            -0.22308129372567279,
            0.6974172464769873,
            -1.1565764264770415,
            -0.45619212741487253,
            -1.842223144332311
        ],
        [
            -0.6049679971850775,
            0.6300257536768543,
            2.20043289501444,
            0.8931220136705873,
            -0.8486387917048512,
            -1.2800100054422885,
            0.12078281842049028,
            1.8091706467783728,
            0.7572535209314141,
            1.523374403625203,
            -0.05013275180830269,
            -0.6092681877343679,
            0.6907849098282076,
            -1.139644133162745,
            0.011518803314693534,
            -0.10744798068503697,
            1.2001976276644686,
            0.0,
            -1.868920002466031,
            0.31102867246695015,
            0.7157963867298824,
            -1.2769455093641207,
            1.0889507697090295,
            0.46319180120176456,
            0.5160859172275158,
            -1.3612804821545843,
            -0.563045975570318,
            0.5339758562991274,
            -0.06312473079878839,
            0.4511492475602306,
            -0.5430046025841081,
            0.49611362703967193,
            0.568891166231759,
            -0.7006999616953425,
            -0.6116438454294969,
            -0.4364755459655147,
            0.2160184412387115,
            -1.510455845469283,
            -1.224234204410347,
            -0.40865524760070593,
            -0.445005872336945,
            -1.942196694780913,
            1.8130423672877432,
            -0.21334178694856928,
            -0.8084628761098335,
            0.3253544815161294,
            -0.7319561054933416,
            -1.7327292670085799,
            0.8938054609021745,
            -0.4936393368457076,
            -1.4988338621038282,
            1.9465578222796707,
            -1.2606964099473268,
            -1.2596020117377469,
            -0.4796459725978898,
            1.322276456187144,
            -2.3593840228213594,
            -0.19916799570603508,
            2.123619644655077,
            -0.7854837980523189,
            0.9676380831076722,
            -1.9207455243751075,
            -0.19289613916880466,
            -0.7714671691156896
        ],
        [
            -0.9798240775887679,
            -2.114129078635919,
            0.06713691136195243,
            1.2276786053114581,
            -0.4156921052476776,
