{
    "N": 64,
    "id": "f8156a9b-88e5-4a20-9416-e842be73173e",
    "problem_type": "SK Spin-Glass",
    "distribution": "gaussian",
    "spins": [
        1,
        1,
        -1,
        -1,
        1,
        -1,
        -1,
        -1,
        -1,
        -1,
        1,
        -1,
        1,
        -1,
        1,
        1,
        -1,
        1,
        1,
        1,
        -1,
        -1,
        -1,
        -1,
        -1,
        1,
        1,
        1,
        1,
        -1,
        -1,
        1,
        -1,
        1,
        -1,
        1,
        -1,
        -1,
        1,
        -1,
        -1,
        -1,
        1,
        1,
        -1,
        1,
        -1,
        1,
        -1,
        -1,
        1,
        -1,
        1,
        1,
        1,
        1,
        1,
        -1,
        -1,
        1,
        1,
        -1,
        -1,
        1
    ],
    "couplings": [
        [
            0.0,
            -0.43292117894229226,
            0.5124020978917546,
            -0.2968835077198307,
            1.1445755405607754,
            -0.6982917900831223,
            -0.7764329314877882,
            0.5770098842377496,
            1.3886722916880232,
            -0.25617673697077703,
            0.6842924181945464,
            -1.4719968347943513,
            -0.841937536754679,
            -1.663328743460602,
            -0.45040475406352404,
            0.2798901603305925,
            -2.4775767078104036,
            0.08260464235314187,
            -2.2806832019132393,
            -0.45182279259925706,
            -0.8867910423148382,
            -0.5630947498687916,
            -2.0932278236809223,
            2.3592007787462617,
            -1.8299971798305568,
            -0.18216003571172032,
            0.8225281126179651,
            0.20068330177022148,
            0.9552455981239509,
            -2.161377555431019,
            -0.5324764985303851,
            0.3710283471360728,
            -1.711863278816885,
            1.291311500615749,
            -0.013103838879930392,
            -0.5748215013582785,
            1.0578717634014947,
            0.40615759461220724,
            0.3718991489588893,
            0.21233058556836765,
            0.3283501037652962,
            -0.3448284314222339,
            -1.5144157385418902,
            -0.7899569068663671,
            0.5649803919360964,
            -1.6976347840524286,
            1.654375460282409,
            2.0129396176558396,
            -0.10570956944060475,
            0.8921078216741858,
            -1.151264859357791,
            1.358240646102005,
            0.8001781568284383,
            0.044824866852758556,
            -0.2932831025049445,
            1.066760372201593,
            -0.6666418947164284,
            -2.3717219710818362,
            0.4810112201184331,
            0.6265994770605517,
            -0.4097489002481532,
            2.192122942050817,
            -0.7254596362429873,
            0.5534984708697098
        ],
        [
            -0.43292117894229226,
            0.0,
            1.3314703425361787,
            0.27831736650455685,
            0.8754787406004078,
            0.28924819088052833,
            -0.0963419757475471,
            0.4528066143064091,
            -0.46719361047300234,
            1.0207097107718885,
            -0.6722102966846485,
            -2.119034445196419,
            0.032063801157161266,
            0.22919083942043283,
            -0.28855344375984004,
            -0.3979936352481097,
            0.3750735077341941,
            0.24248469912148427,
            0.05745742155889513,
            0.15496734608769305,
            2.1089555284896,
            0.9788970077492811,
            -0.17247030023593662,
            -0.9053406680719472,
            -1.2868684798669086,
            -0.31968684254423213,
            1.5378330906087334,
            -0.04197832683668256,
            1.2585055277267374,
            -0.2653111581301181,
            -1.614016847099812,
            1.1547304217667083,
            -0.11707831345647077,
            -0.3661738158451605,
            -1.4870583312738248,
            2.7701225708935033,
            -0.38197930779733275,
            -0.562831661636628,
            -0.3028489647488647,
            -0.5315279721098177,
            0.5448019692163796,
            1.174287618138899,
            -0.38119811180119456,
            -0.23994389750229186,
            -1.4627348892412233,
            -1.0609461279336903,
            -1.1095926030006582,
            -2.0689015559187824,
            0.8583003910517042,
            0.30562263729647404,
            1.9019976702557488,
            -0.3972141093879144,
            -0.5005230046455444,
            0.6302350675916392,
            1.394824413213852,
            2.636038163094068,
            -0.16589924775841763,
            0.3976367207133564,
            -0.2779326335429582,
            -0.7278045747830074,
            0.05532370517687564,
            0.8893269138201595,
            -0.4521269531448619,
            0.41223889796910884
        ],
        [
            0.5124020978917546,
            1.3314703425361787,
            0.0,
            0.4453212042242948,
            0.9479821270864569,
            -1.8467457254744435,
            1.1958821202994774,
            1.5273702495411416,
            -0.41360264300004534,
            0.3261331355855713,
            0.4103427166049948,
            1.6887161191108584,
            0.2016616798101543,
            0.8293246870676473,
            0.5782835489908367,
            0.9729528458648442,
            -0.3232220792839931,
            -1.0834586818584266,
            1.428837885917988,
            1.945461272277421,
            0.7080044897566307,
            0.25188006497130355,
            1.248499060225728,
            -1.3213855590119972,
            -0.6707265106919292,
            0.6772832801499987,
            -0.28258515339139195,
            0.21415240802133043,
            -0.191580312014645,
            1.1320328916821416,
            1.2154822269202272,
            0.8519859648309862,
            0.841383209573306,
            -0.14904603541694117,
            1.6919303042467533,
            0.8327259491275665,
            0.4738048046879511,
            0.422589988036218,
            0.046434233598090534,
            2.158045003544898,
            -1.849706514238924,
            -0.4074079128903495,
            -0.15967084076670585,
            -0.27056436673508444,
            -0.2698584789967445,
            -1.163889760884192,
            -0.5599334966128121,
            1.9305070334845906,
            -0.38173483436378103,
            -0.7730808694408107,
            -0.6631174920156772,
            0.05609542950921651,
            0.29675115067604774,
            0.5009851654952012,
            -0.2549950888609677,
            0.30156654821228185,
            2.4289903872721728,
            0.6742636643898845,
            1.5588033277286206,
            0.17480355667416997,
            0.6815028835969712,
            -1.3588629020678042,
            -1.4753648830633799,
            0.12392048302249135
        ],
        [
            -0.2968835077198307,
            0.27831736650455685,
            0.4453212042242948,
            0.0,
            0.6385900447731129,
            -0.0840690408015601,
            0.4774637238085184,
            0.5688575607013613,
            0.08312651332728722,
            0.3191713165449315,
            0.9882341378157701,
            0.7174825510275242,
            0.22094575757050533,
            2.2794283964229938,
            0.31483818346383297,
            -0.36988995565625954,
            1.3651369994869174,
            1.3741292993132397,
            0.058806839853861835,
            0.8078405367029631,
            -0.5548817548922521,
            -0.9036156656879047,
            -1.1602182413069804,
            0.6595150842280725,
            -0.14101997608789993,
            -1.220982296569288,
            -0.6939730704133313,
            1.087821120644133,
            1.5220499065060282,
            0.0396598673117581,
            -0.2004021411672726,
            -1.5664733321029576,
            -1.0102203036628326,
            0.9731683149889334,
            1.7104545328957514,
            0.8015418086799407,
            0.7319393085431402,
            1.4493071759716019,
            -0.5756998417694371,
            -2.222770799774916,
            -0.07283619221237514,
            2.1320954372708663,
            -1.41216238610049,
            0.11015824538251129,
            -1.0609814181609305,
            -0.9056929741779113,
            0.7460686212345947,
            -0.514066125889768,
            0.5696488950483738,
            -0.26571313529432133,
            -0.3659816462196216,
            -0.14138175166476133,
            1.345530179628167,
            -0.3341959496546236,
            -1.1202487768095275,
            2.147511476948675,
            0.0275957964151705,
            -0.9242673506206335,
            2.6211349128023387,
            0.4749199331254281,
            0.09933706539375844,
            0.25365911350988485,
            -0.15399496589994022,
            0.6083171327964613
        ],
        [
            1.1445755405607754,
            0.8754787406004078,
            0.9479821270864569,
            0.6385900447731129,
            0.0,
            0.39064363981651473,
            -0.48054901733667127,
            0.9733947791304983,
            0.8258555394337326,
            0.7233300319525523,
            0.049416764361735914,
            1.6389546027958726,
            1.3549123307786213,
            -0.7896825034231877,
            -0.41857787546230496,
            -0.3467361667043245,
            0.860141022822031,
            0.7220612352232548,
            0.5641235337345863,
            0.39444972742453094,
            -0.4459912748930965,
            1.1955904047977117,
            -0.9364523836782696,
            1.9912587865410902,
            -0.09707523695702634,
            1.0473033099988855,
            0.01918526868723993,
            -0.6563980041878157,
            -1.1003183971826858,
            -1.6339146226957115,
            -1.4052439181654242,
            0.2721334245590638,
            1.131282758449143,
            -0.0958094711028202,
            -0.7799611223238561,
            -1.6869914827312076,
            0.25990067296229313,
            -0.9052561636277854,
            -1.1033141334940058,
            0.2814122821285676,
            -0.5678253147970879,
            0.7460230955006701,
            0.8255379128755147,
            1.8625976877982895,
            1.4264505750951864,
            -1.8689309843597883,
            0.23189010072916555,
            1.4531926508176,
            0.18882887306738166,
            -0.8977301556480426,
            -0.0867976041133267,
            1.4421520763123425,
            0.5959318059151191,
            2.2736948616246804,
            0.26683287440267,
            0.9681892221653993,
            0.9950254136495217,
            -0.4565610891067113,
            0.0316683225048985,
            -0.5644271453440307,
            1.1622249319991058,
            1.8302310085343132,
            -1.0135648075471502,
            -0.01851955243605484
        ],
        [
            -0.6982917900831223,
            0.28924819088052833,
            -1.8467457254744435,
            -0.0840690408015601,
            0.39064363981651473,
            0.0,
            0.8878407862055304,
            0.6047914897362234,
            -2.1286326665825195,
            -2.5610379329617037,
            -1.6009393844913895,
            -1.9321299845257904,
            -0.8650631841247614,
            0.7795221428451659,
            -0.2124919607154724,
            -0.2619612894980726,
            0.6398797879522087,
            0.6603391302384773,
            2.1663299111497127,
            0.43699451890909063,
            0.8026010978845464,
            0.9512327808346557,
            0.17401663817383803,
            -0.4299701879478798,
            0.6391376135002189,
            0.36396377341222996,
            -2.058592674566491,
            0.6035631377879258,
            -1.098764050933102,
            -1.3014821739225353,
            -0.6875817008466419,
            -2.3556391322839554,
            -0.9072286908995795,
            0.09860757213586857,
            1.451369146083557,
            -0.9591297775243661,
            0.507027443839031,
            0.3461930757992692,
            -1.7565892050152534,
            0.25274555004464744,
            0.6033305324871788,
            0.576117387625509,
            -0.5351629124418312,
            -1.4519726624808131,
            0.3671988294337763,
            -0.9185396581739436,
            -0.22158907518989304,
            0.9311296401753306,
            0.7216753808533121,
            1.11662682115364,
            -0.609362509483034,
            -0.9158453565975642,
            0.10841533411022485,
            -1.7045048616518894,
            0.08041426223253033,
            0.6337320384708202,
            1.1331614450121872,
            -0.2991802533994411,
            0.6065448879144191,
            1.1535470282426332,
            0.9497472076312097,
            -0.3638111441727758,
            0.5570697773126925,
            0.687391411141686
        ],
        [
            -0.7764329314877882,
            -0.0963419757475471,
            1.1958821202994774,
            0.4774637238085184,
            -0.48054901733667127,
            0.8878407862055304,
            0.0,
            -0.4436020178356814,
            -0.3029955311045536,
            -0.9799583747838504,
            0.7995957032721204,
            -0.6195511986393285,
            0.971909205708448,
            -0.9941940652814585,
            1.234060750007194,
            -0.627875975247536,
            0.9357231237485751,
            -0.1668664561639109,
            1.1464774306231253,
            0.3384215980608905,
            -0.6390156916880282,
            1.0664693653946236,
            1.0661806613332314,
            -0.29030562992896475,
            0.691866747853315,
            -1.024632151415334,
            -0.48851023994865683,
            -1.6334545755894594,
            -0.7001475594420236,
            -0.6101594306470742,
            -1.2370376291889285,
            0.2679774497356014,
            -1.0245648812688124,
            -0.5541360841314315,
            -1.002731322124101,
            -0.09394124374589691,
            -0.16519926928045375,
            0.9321507885757325,
            -0.4376349052777313,
            1.6606096345229626,
            -1.241980274614597,
            -1.3269179994255973,
            0.799839239310834,
            -1.49332670440112,
            1.7533974791690066,
            1.9799808370798777,
            1.5334277519583748,
            2.22966282622786,
            -1.0127175314776942,
            -1.0659197975924934,
            -0.17221347623028774,
            -1.0149330572541237,
            -0.5399542910242392,
            -0.3604958710706076,
            0.3457705140603352,
            -0.9277582114817144,
            -0.3905557934088011,
            0.621487136112248,
            0.19877713557514026,
            1.274455637389873,
            -0.07055401235968134,
            0.4839566295699717,
            0.42464707668222423,
            0.7821781100269426
        ],
        [
            0.5770098842377496,
            0.4528066143064091,
            1.5273702495411416,
            0.5688575607013613,
            0.9733947791304983,
            0.6047914897362234,
            -0.4436020178356814,
            0.0,
            0.4374129151466866,
            2.4076962636465313,
            0.3931020809060649,
            0.013048231634528475,
            -0.9304440939546317,
            1.3843613429347088,
            0.1706440146766443,
            0.41757293485398983,
            -0.4981562360716584,
            0.3397996495519213,
            0.49113666885132584,
            1.546254109812915,
            -1.7342036919600734,
            -0.2035402616419739,
            -1.312402624168739,
            1.1729268835056874,
            -0.6353005083490542,
            -0.18508649886389786,
            -0.3713786407605008,
            1.227136099726381,
            0.7783600911808694,
            0.8561206372426488,
            1.350824317012788,
            2.0402492429423935,
            -0.8409665009322657,
            -0.11897164801422627,
            1.2779269807827605,
            -2.1420415754292472,
            0.5596392819366369,
            1.883262115178935,
            -2.3921319794983065,
            1.3355996982242524,
            1.0026514526344772,
            1.235678157210962,
            -0.22907109554409455,
            0.8130585555503405,
            0.815860244424232,
            -1.0522123224388462,
            0.7994674690081662,
            -0.9334025211138552,
            -1.3343620283706568,
            2.105369205171814,
            -2.9320266188002537,
            0.11313791189039289,
            0.4045625992875257,
            0.14669619374075274,
            0.6204760481651997,
            0.832641679469778,
            -1.6772833833517724,
            1.576906261760287,
            0.5979321175953524,
            0.04339595589402132,
            -0.6970064747654876,
            -0.7000370326014936,
            -0.22706631886285802,
            0.4391330083338483
        ],
        [
            1.3886722916880232,
            -0.46719361047300234,
            -0.41360264300004534,
            0.08312651332728722,
            0.8258555394337326,
            -2.1286326665825195,
            -0.3029955311045536,
            0.4374129151466866,
            0.0,
            -1.2334345400525022,
            -0.05707309492006573,
            0.21729162348639955,
            -0.7260379628309923,
            -0.6038180372230937,
            -1.0158404454845902,
            -2.1797090659027956,
            0.015191077606916915,
            -0.23309426831359709,
            0.19616510887777222,
            0.9907874280158028,
            0.555738306790491,
            0.30389821379719006,
            0.40524173372752326,
            0.254267472885127,
            -0.95669766497481,
            -0.8211915480783462,
            0.7609387220574111,
            1.38097169990208,
            0.4124407343046624,
            0.18860311055057924,
            -1.2345028502234314,
            -0.3688372914740835,
            0.10065245456442559,
            0.647494730415547,
            -0.44193532389582324,
            0.7378050923662521,
            2.736328928442147,
            0.1638113779806038,
            0.4049205175854809,
            -1.7799689391671383,
            -1.2522364412819031,
            -0.7639297272193342,
            0.48748242740633857,
            -0.7511644209853481,
            0.9541547215310513,
            0.018193119591657113,
            -1.5306534665320741,
            -1.2409748854035492,
            -0.25737839287774184,
            -0.01459272997115068,
            0.25514596711589627,
            0.03908291377297745,
            -0.6746016770535881,
            0.87383494238001,
            -0.2615506057373184,
            -0.9274761304153931,
            1.81157701459699,
            -2.3758893541544115,
            0.8238553611178195,
            0.2792155832862292,
            -1.4464724747757631,
            1.1355335679680616,
            -1.6677396067624,
            -1.4022687925100537
        ],
        [
            -0.25617673697077703,
            1.0207097107718885,
            0.3261331355855713,
            0.3191713165449315,
            0.7233300319525523,
            -2.5610379329617037,
            -0.9799583747838504,
            2.4076962636465313,
            -1.2334345400525022,
            0.0,
            -1.6295394812547357,
            0.11230115568414324,
            -0.14763245808684858,
            0.7630654008680006,
            0.03119945053159977,
            -0.2676945773327769,
            0.9827741710080317,
            -0.7296366757744968,
            0.8445334086304966,
            0.5442074361838326,
            -0.11700797678855196,
            -1.9046351164899926,
            1.2248117128571296,
            -2.517033997576247,
            -0.6488245784272522,
            1.3265356267988193,
            -0.6031775091777738,
            -1.6430104022844725,
            -0.1388481087741101,
            0.15459830034923527,
            -0.6073847278808197,
            -2.288194631899284,
            -1.34807979086799,
            1.1713112517525686,
            1.2310395730502972,
            -0.236504021032906,
            0.6390561049753518,
            1.210057679662325,
            0.35195882136247547,
            1.8771234546191191,
            -0.4368787094790937,
            0.7340428940939535,
            -0.7642874529718293,
            1.3336378877638009,
            -0.7255835966977806,
            0.5257113356642521,
            -0.46171885134693863,
            -2.538002020811186,
            -0.4337915000764156,
            1.2324043126382778,
            -0.7602048691383787,
            -1.5543435985574598,
            0.8109242426378404,
            -0.9641420920279921,
            2.9684520169216846,
            0.2523588600924005,
            2.0612806761232774,
            2.3274624983376353,
            0.6268664686156596,
            0.899474289143344,
            0.5265283582099383,
            2.173008847075406,
            1.619638026303761,
            -1.5475389213116293
        ],
        [
            0.6842924181945464,
            -0.6722102966846485,
            0.4103427166049948,
            0.9882341378157701,
            0.049416764361735914,
            -1.6009393844913895,
            0.7995957032721204,
            0.3931020809060649,
            -0.05707309492006573,
            -1.6295394812547357,
            0.0,
            1.5239078248921407,
            0.5509933345255752,
            -0.826576909635496,
            0.8689079378901512,
            -1.1832136978784018,
            0.5401068466470114,
            -0.1504941607164064,
            -0.5715098866118221,
            -0.0767385388618846,
            -1.0737139706211252,
            0.06152009917580958,
            -0.8040118038858252,
            1.0416967706575526,
            -0.13569365600419692,
            1.089443900138858,
            -1.8579768025256593,
            -0.4007542175594532,
            -1.614596092562554,
            0.08806353908618166,
            0.6346692614967555,
            -1.4129792721441177,
            -2.044449795267,
            2.3606576899564953,
            -2.358187676492821,
            -1.7098641493054636,
            2.1973342418317223,
            0.21290264107248985,
            0.22543374749615175,
            -1.4619754433763112,
            1.6242375604426709,
            -1.15503889226914,
            -0.1728728839635995,
            1.1626306045808499,
            0.7768942525106283,
            0.4876793847817219,
            1.0679808789842375,
            -0.8470902463064908,
            1.3720028959669586,
            -0.68321482097401,
            -0.3050849017433156,
            -0.25526748829178725,
            0.64418793417781,
            -0.5497766663753292,
            -0.7436506289819341,
            -0.5931630056503814,
            1.9516869225600229,
            0.6920758267085144,
            -0.5322848923722513,
            -0.9510907594508344,
            2.2623950256346896,
            0.04989545100562441,
            0.2025953223056026,
            0.7678550680759645
        ],
        [
            -1.4719968347943513,
            -2.119034445196419,
            1.6887161191108584,
            0.7174825510275242,
            1.6389546027958726,
            -1.9321299845257904,
            -0.6195511986393285,
            0.013048231634528475,
            0.21729162348639955,
            0.11230115568414324,
            1.5239078248921407,
            0.0,
            1.3036652484002724,
            -0.7127141174574344,
            0.22107333210581995,
            0.39227708119926014,
            0.45618467391374107,
            -1.2530109651391215,
            -1.576078608093717,
            -0.31821467922362,
            -0.021388240690006145,
            -2.3773429746617762,
            -0.9782298333652297,
            0.28400581523063845,
            -1.6291168108051224,
            -0.987362832137807,
            -1.1966129530577299,
            1.4889199351811606,
            -0.2821805235484775,
            1.205621471977473,
            0.42088466747189474,
            -0.20375933465561483,
            -1.022709161072021,
            -0.29840022033902514,
            -1.5355520652380568,
            -1.3798120292443081,
            1.6397046040906622,
            1.5208835043111555,
            0.9886143392600615,
            -1.4343156521892697,
            -0.41848173498201124,
            -0.0803392281346726,
            0.8445763105327218,
            -0.12183775941898621,
            0.28355358675442077,
            -0.747152181216289,
            -1.975528289708781,
            -1.650258165991326,
            0.536900609990523,
            -0.39010434908388963,
            1.2863473157453365,
            2.266340031737383,
            1.203854694729863,
            0.20299980702939116,
            1.117575360264987,
            1.2737743682370006,
            1.496504818669214,
            0.806299502174279,
            -0.4328471683058957,
            -1.2854982638591155,
            0.45549617117178554,
            -0.2167516614305533,
            1.6935213797097601,
            2.0379241524651923
        ],
        [
            -0.841937536754679,
            0.032063801157161266,
            0.2016616798101543,
            0.22094575757050533,
            1.3549123307786213,
            -0.8650631841247614,
            0.971909205708448,
            -0.9304440939546317,
            -0.7260379628309923,
            -0.14763245808684858,
            0.5509933345255752,
            1.3036652484002724,
            0.0,
            1.002126400242137,
            0.0794833486567957,
            0.7488922224505102,
            -1.7549560425737805,
            -0.4303403312755322,
            -0.3382196312873517,
            -0.6478197372194423,
            -0.4715557469114694,
            -2.0016902717177047,
            2.028658266439304,
            -0.8808508440242885,
            -0.599857161992163,
            0.43090416323892083,
            -1.1923923665069045,
            0.2305888060050596,
            0.33318297299180005,
            -0.6081175578981985,
            0.7460091800736074,
            -0.04389890291235687,
            0.2696117400821652,
            1.3983195975944545,
            0.07938176658592401,
            0.5346362601075988,
            -0.9012162119818309,
            -0.7594951099994582,
            0.9418514180018934,
            0.12830746070350868,
            0.36616503164657094,
            -0.16896604437318016,
            0.02840811830029008,
            0.6711280705838267,
            0.49483864321604987,
            -1.101871108805541,
            -0.1843927369531116,
            -1.4976451874306462,
            1.0866953279925333,
            0.5087380618516347,
            2.395245901815678,
            0.017323000928059627,
            -0.6705734009400939,
            -0.3003294882457421,
            -0.7299519783648022,
            0.003891568024105097,
            0.4864801961202974,
            0.9377460201412106,
            0.69066339473868,
            -0.7296939693968214,
            2.009557796102163,
            -0.41253075130361383,
            -0.07202660648490007,
            0.772050587970179
        ],
        [
            -1.663328743460602,
            0.22919083942043283,
            0.8293246870676473,
            2.2794283964229938,
            -0.7896825034231877,
            0.7795221428451659,
            -0.9941940652814585,
            1.3843613429347088,
            -0.6038180372230937,
            0.7630654008680006,
            -0.826576909635496,
            -0.7127141174574344,
            1.002126400242137,
            0.0,
            0.2296420322661223,
            -0.14246260159504973,
            -0.10048990711873768,
            1.429025919994097,
            -1.8115934067905963,
            -0.22825050909081784,
            0.7911616185323231,
            -0.06408036829519073,
            0.7117603907477863,
            -0.5093912219635226,
            0.23130139264156857,
            -0.8695979701152233,
            -1.4842406441781364,
            0.235810694226508,
            0.5995406214333953,
            0.1348513859459548,
            1.4304435878098825,
            -0.20629896128195718,
            2.2078951529531587,
            -0.06194590858690684,
            -0.8220107662065831,
            0.771038370126607,
            -0.8501602486378264,
            0.982120112597988,
            0.46643817105526714,
            -0.5948564583060011,
            1.4869433079761976,
            -0.2629009341355617,
            -0.4125763137451619,
            0.17562336363726844,
            0.6717779107321721,
            -0.7698990123589521,
            2.231914727631349,
            -0.078103745656844,
            -0.4137143630176406,
            0.319750828981088,
            1.6259395668697971,
            1.5252030442050395,
            1.3722282960766865,
            0.6489513290954806,
            -0.23953870751916204,
            0.7271117897939212,
            -0.14304658728624853,
            0.5638892319771212,
            0.5791259769385709,
            0.6481665136502599,
            -0.310060035145246,
            -2.188505432673337,
            -1.3437927086405765,
            0.44395627223540646
        ],
        [
            -0.45040475406352404,
            -0.28855344375984004,
            0.5782835489908367,
            0.31483818346383297,
            -0.41857787546230496,
            -0.2124919607154724,
            1.234060750007194,
            0.1706440146766443,
            -1.0158404454845902,
            0.03119945053159977,
            0.8689079378901512,
            0.22107333210581995,
            0.0794833486567957,
            0.2296420322661223,
            0.0,
            1.9092224147392611,
            1.2552176420184074,
            -0.06097914220667124,
            -0.42261756237272535,
            -0.6794937977885536,
            -0.907978896976733,
            -0.9284119747854022,
            1.2882400623660375,
            -0.8905988271968381,
            1.0718119025768609,
            0.5190075774042725,
            0.264003429206171,
            0.2123836225319087,
            0.11801496675710434,
            -0.2646009674392952,
            1.0281707664545565,
            0.815941809829333,
            -1.2742746316323732,
            -1.1935874977082797,
            1.2915109134926357,
            -0.05705641834844776,
            0.6470237719273124,
            2.220821059948442,
            1.552747340801005,
            -0.22188724423808578,
            1.7627727603803913,
            -0.10754576222277355,
            -0.4108849976629561,
            0.8635954802773134,
            0.18267442023325242,
            0.7016998311495592,
            -0.8164139524731587,
            0.39236904061825684,
            0.8232251914616104,
            -1.1733037893435139,
            1.0934428598354855,
            0.659756365424141,
            1.2605116369040732,
            0.30385075615167534,
            1.9296028017760054,
            0.5719908919980048,
            0.7220565012102566,
            0.1015943720394875,
            -0.35067815312729217,
            -0.39979968021498385,
            0.49265671130706074,
            0.3528818913479958,
            1.1101181484124645,
            0.08772697774552675
        ],
        [
            0.2798901603305925,
            -0.3979936352481097,
            0.9729528458648442,
            -0.36988995565625954,
            -0.3467361667043245,
            -0.2619612894980726,
            -0.627875975247536,
            0.41757293485398983,
            -2.1797090659027956,
            -0.2676945773327769,
            -1.1832136978784018,
            0.39227708119926014,
            0.7488922224505102,
            -0.14246260159504973,
            1.9092224147392611,
            0.0,
            -0.21819227021831278,
            0.32575334037497444,
            1.204708515798113,
            1.714248805049239,
            -0.16641752513551097,
            0.9834212617288676,
            0.1944463688184029,
            -1.1008339715176345,
            -0.27978391512429013,
            0.03281202525387286,
            -0.6002175429725687,
            -0.5076758972972347,
            -1.1077538883406837,
            0.7670795571739019,
            0.07897734315310274,
            -0.13493846032492698,
            0.44192609926425735,
            -0.8645479789068241,
            -0.8807791314405239,
            0.9041232162378636,
            -0.007796224021944861,
            1.9626436207571425,
            -1.3013142026525983,
            -0.19976685772781194,
            -0.30945366363837845,
            1.9822325620942558,
            -1.7798410856477629,
            -0.23029132636421876,
            -0.36873855468284955,
            -1.333997641958863,
            0.5015106241270834,
            -0.7662976714841093,
            -0.16449376635299212,
            0.5339087413203316,
            1.0649742361831336,
            -1.2806576707099466,
            0.4622924863834582,
            0.9097357606859052,
            0.4989367707414467,
            -0.4741806794499698,
            -0.41270700485379563,
            -0.9472620571057314,
            0.45113183330019246,
            -0.8228689562862135,
            -1.535951024366985,
            -0.8769242980596088,
            0.10449791845976256,
            -0.9792989750740406
        ],
        [
            -2.4775767078104036,
            0.3750735077341941,
            -0.3232220792839931,
            1.3651369994869174,
            0.860141022822031,
            0.6398797879522087,
            0.9357231237485751,
            -0.4981562360716584,
            0.015191077606916915,
            0.9827741710080317,
            0.5401068466470114,
            0.45618467391374107,
            -1.7549560425737805,
            -0.10048990711873768,
            1.2552176420184074,
            -0.21819227021831278,
            0.0,
            -1.1208631746934792,
            0.09515715922356827,
            -0.08814238064811138,
            1.5810655093637513,
            2.508083300718218,
            -0.003305742331770644,
            -1.389903277698305,
            0.46150411342728764,
            -0.007960221902048212,
            -0.4998354372800517,
            1.3728968291235066,
            0.4302265890598794,
            -0.5477921656961927,
            -2.1699582092107237,
            -2.2597567154767013,
            -0.8855981274855343,
            -0.8365121964114763,
            1.077423925700223,
            -0.8967864391767004,
            -1.298728067119793,
            0.8951596525167249,
            0.3591439019849153,
            0.2700996208358576,
            -0.4629345761166669,
            0.10422563708060498,
            2.086198384810699,
            -1.5475098172347956,
            -1.2472095572872222,
            1.0848199909528091,
            -1.0839559358590567,
            -0.40587197866804203,
            0.9856358817104736,
            -0.1422574691664804,
            -0.31732821660749555,
            -0.06457762385347239,
            -2.402332132983354,
            0.2963249023551674,
            1.320184047815202,
            0.24273676788026108,
            0.8819031824016885,
            -0.554892543140973,
            -0.8332214410047981,
            -0.24904584202623917,
            -0.7008441585963089,
            0.011334191187890271,
            0.47728792442408613,
            0.7185874831170526
        ],
        [
            0.08260464235314187,
            0.24248469912148427,
            -1.0834586818584266,
            1.3741292993132397,
            0.7220612352232548,
            0.6603391302384773,
            -0.1668664561639109,
            0.3397996495519213,
            -0.23309426831359709,
            -0.7296366757744968,
            -0.1504941607164064,
            -1.2530109651391215,
            -0.4303403312755322,
            1.429025919994097,
            -0.06097914220667124,
            0.32575334037497444,
            -1.1208631746934792,
            0.0,
            -1.6466853730041855,
            -1.115695392900623,
            -0.02673979372039997,
            0.563698102162815,
            -0.9986000250146989,
            1.1065115332946331,
            -0.9579155010108328,
            -0.5305299972917984,
            1.7254410977999364,
            0.09902715406215747,
            0.21432416937698173,
            0.32925471769400816,
            1.1679230902390882,
            -0.731324271071785,
            -1.563534481372054,
            -0.12130269555178415,
            0.9342452273988633,
            -1.1230728344434684,
            0.7295381112341991,
            -0.3696819130801422,
            1.4624714464920905,
            -0.9369033391818953,
            -0.31549693441755466,
            0.8962195703108812,
            -1.9472328996000217,
            1.984113639969464,
            -0.5957179674347279,
            -0.685882631875619,
            0.13077099541512857,
            1.5249401230756967,
            0.0025450143298860785,
            -0.7338891817093792,
            0.8367082647429187,
            -0.8047205940771168,
            -1.4430387373705178,
            0.8118349356308012,
            -1.1218471987112797,
            1.3411182929655763,
            -1.4345204524729034,
            -0.14948608910886577,
            0.15403637450019958,
            -1.6651958320821032,
            -0.15932289574142028,
            -0.46402636621338444,
            0.003337061897257515,
            -0.23037479711267794
        ],
        [
            -2.2806832019132393,
            0.05745742155889513,
            1.428837885917988,
            0.058806839853861835,
            0.5641235337345863,
            2.1663299111497127,
            1.1464774306231253,
            0.49113666885132584,
            0.19616510887777222,
            0.8445334086304966,
            -0.5715098866118221,
            -1.576078608093717,
            -0.3382196312873517,
            -1.8115934067905963,
            -0.42261756237272535,
            1.204708515798113,
            0.09515715922356827,
            -1.6466853730041855,
            0.0,
            0.08513566990663975,
            -1.0516866625359473,
            -0.7770034178200588,
            1.1584921271153337,
            0.31542388512291447,
            -1.018962715720803,
            -0.049831126485735865,
            -1.3396430649213151,
            0.12712875508538887,
            -0.08408995033992647,
            -1.4230041705939744,
            -0.052570529037285325,
            -0.7478170266953006,
            0.4782892025307705,
            0.4054183884733742,
            0.06670790493136539,
            -0.21660679516481257,
            0.19558373537504525,
            0.7480181083768467,
            -1.2649306701338294,
            0.04449774119944162,
            0.12807371013725666,
            0.6003090037429557,
            -0.7803319077492314,
            0.4988839763437653,
            -0.5779430651089718,
            -1.5527782484581951,
