{
    "N": 64,
    "id": "0022e9d3-681b-4f5c-8448-9ff7c721e70e",
    "problem_type": "SK Spin-Glass",
    "distribution": "gaussian",
    "spins": [
        -1,
        1,
        1,
        1,
        1,
        -1,
        -1,
        1,
        -1,
        1,
        1,
        -1,
        1,
        1,
        -1,
        -1,
        1,
        -1,
        -1,
        -1,
        1,
        1,
        -1,
        -1,
        1,
        1,
        1,
        -1,
        1,
        -1,
        1,
        1,
        1,
        1,
        -1,
        -1,
        1,
        1,
        -1,
        -1,
        1,
        -1,
        1,
        1,
        -1,
        -1,
        -1,
        1,
        -1,
        1,
        -1,
        -1,
        1,
        -1,
        -1,
        1,
        1,
        -1,
        -1,
        -1,
        -1,
        -1,
        1,
        -1
    ],
    "couplings": [
        [
            0.0,
            0.72021299858315,
            -0.009804177038079117,
            0.5305203388683564,
            1.7084049279871767,
            0.7655921691074224,
            0.6104706516814669,
            0.2423692166318748,
            0.43237777125650617,
            -0.09539030202483305,
            -0.9626844657869854,
            -0.4295334765473689,
            -1.3689232904189808,
            0.38119582058842755,
            -0.12920688387804297,
            1.824783844706292,
            -1.1427722456431653,
            -0.41064817110381324,
            0.7863586468088052,
            0.6564509851881726,
            -0.7331105296717764,
            -1.5401154147725633,
            1.1539797166979235,
            1.770470175327861,
            0.410989860023446,
            0.47481813993190547,
            -0.0007700625716614631,
            0.6643301736320784,
            -0.38942453262510385,
            -0.9541913897768691,
            1.2609593903684138,
            0.3618791387923322,
            -0.4957481838759841,
            -0.2547182735245162,
            -0.5033979965339208,
            -0.09772392906443125,
            1.3370519713326996,
            0.20543921835546267,
            0.30147666679782953,
            0.33202355381534104,
            -1.550045671029132,
            1.0307642858304298,
            -0.8072950586896582,
            -1.0473783583872782,
            0.8131407702201683,
            0.9021647425384383,
            0.7455682519583029,
            -1.3706134237518688,
            0.4771922206730469,
            -0.06627174423211978,
            -1.1563563888153328,
            0.5678546011073977,
            -0.2908554365451023,
            -0.006352919110084282,
            -0.8516724424737104,
            -0.1718394826988699,
            0.5752163921931723,
            -0.7008707554973421,
            -0.9377615861402613,
            -2.4087076851435403,
            -0.376585883167374,
            0.05053233804823613,
            0.5901580747521262,
            0.4942244573279085
        ],
        [
            0.72021299858315,
            0.0,
            -0.7254512590429364,
            -1.1691289845866186,
            0.5904948923159029,
            -0.6530609509781587,
            0.28610173656267535,
            0.25939235254385135,
            -0.4741212878253643,
            0.5859266982889814,
            -0.9077197894650074,
            -0.9432602130191431,
            -0.01717860725110048,
            0.4370779313111346,
            1.052604791106092,
            0.7452089449189426,
            -1.1802008788256924,
            0.24811984704843795,
            0.4862034536188481,
            -0.5086753517314241,
            0.9530581918405627,
            1.9741718842744507,
            -1.142132361403231,
            -0.20802517787478456,
            0.9864853406108774,
            -0.3876328891993387,
            0.20379337289193378,
            0.4086347373216343,
            0.32363820157448264,
            -0.5063529180860529,
            0.9864139795909479,
            0.7802991398409601,
            0.9381275898664964,
            -0.09120124774693214,
            1.161979786835235,
            -0.4083411440633995,
            0.6657178347520201,
            0.2940467097913651,
            -0.686843949269283,
            -1.0207215163365786,
            1.0210831028127259,
            -0.25222019697542597,
            -0.8609074318445673,
            -0.6426570436618885,
            -1.3600794921407124,
            -1.7995005686810168,
            0.9876787948916163,
            1.9067210312052674,
            1.0021023150932995,
            0.36013803749882367,
            0.5932182754685705,
            0.08907362027439172,
            -0.7710480811297811,
            -1.400258583584794,
            -0.7261121454944808,
            0.1407759450667462,
            0.3562530457792589,
            -2.3908821872628576,
            -1.1032739018569084,
            -1.3515113252866637,
            -0.20314308649449453,
            -0.11956194129055744,
            -1.2204924832379347,
            0.8334884641701639
        ],
        [
            -0.009804177038079117,
            -0.7254512590429364,
            0.0,
            -1.09763074254572,
            0.33714756630868703,
            -0.5245472549257306,
            -0.45008647012961456,
            0.9385811454798911,
            0.9786700811565744,
            1.1738661807704769,
            0.16345265888885685,
            2.719309160775907,
            -0.4921270501630966,
            0.044903167396189554,
            -0.8005181842472149,
            0.12798690911250657,
            0.05368659353188143,
            -0.15256863654292854,
            -0.6185165336504325,
            -1.6920757696754125,
            1.0412525540376014,
            -0.08624608956872357,
            2.1706365702418973,
            0.08319071662786423,
            0.8724075350870052,
            2.0131537907008896,
            1.7708804352066598,
            -0.25468158379552036,
            2.328486810208713,
            -0.3635491763657536,
            -2.912241099247879,
            0.7087627374278325,
            -2.1200367420860804,
            0.8434715815451796,
            -0.42149604124419526,
            -1.403118047540042,
            0.4879970586972853,
            0.8415272247861553,
            0.02620398374518346,
            0.22816694283935388,
            -2.3609606926667297,
            -1.091023104953812,
            -0.19122806127748015,
            1.4252164428290552,
            -0.7525615606337798,
            0.4920722485874995,
            -1.7281705790375654,
            -0.9260703304656018,
            0.1966771236949835,
            1.474185388750623,
            1.3930130734131398,
            0.6962120920360515,
            0.15951509945211845,
            -0.3844039459297408,
            -1.4247168192606254,
            0.4843630289993043,
            1.8757829818484217,
            0.9569696099554703,
            0.12521459713258906,
            -0.8913075726972626,
            -0.998393286302692,
            0.22609683791571658,
            -0.05217086363383604,
            1.3192358781910392
        ],
        [
            0.5305203388683564,
            -1.1691289845866186,
            -1.09763074254572,
            0.0,
            1.5277912979698027,
            -0.3860532472345862,
            0.7678007638780513,
            0.9597913810486516,
            -1.0478649167480711,
            -2.0119128694172983,
            -0.1888827282275182,
            -0.5983827059044844,
            0.07880468423862962,
            -0.2166386581584697,
            0.8672369917541318,
            -0.6604544664679292,
            -0.09565027820666706,
            -1.0742828706012462,
            1.967632360432146,
            -0.4158970772083289,
            0.758309036323891,
            0.6468847342955801,
            -0.4410205361078038,
            -0.4893305339202253,
            0.9048463148787307,
            -1.0525692926806955,
            0.017788153952094505,
            1.22618953364129,
            0.5170147719227619,
            0.2552288726697185,
            -0.002220873901486704,
            0.9448660572809284,
            -0.4528739874262175,
            -1.4535924827326125,
            -0.5045229685702897,
            -1.0494623260229523,
            -1.2548595095507065,
            1.8020993031442165,
            1.7170059767007948,
            1.1623418461987485,
            0.883842472035716,
            -0.5907673470532697,
            -0.8186049410633431,
            1.3122811266593735,
            1.9471155416543853,
            0.0952840933844599,
            -1.364740530342053,
            -0.5980541089439014,
            1.3895430017734933,
            0.10577857326494701,
            -0.4855170166256595,
            -0.17117687821725788,
            -1.0741954356192707,
            -0.23570437122664264,
            -1.4753076785154073,
            0.5430667662226808,
            -1.6170456888362505,
            0.924190713811515,
            -0.17781860927555598,
            0.9839760697257358,
            -0.27230447430643306,
            1.307177617691602,
            2.2715687334320003,
            0.25310098705979645
        ],
        [
            1.7084049279871767,
            0.5904948923159029,
            0.33714756630868703,
            1.5277912979698027,
            0.0,
            -0.18138730259952318,
            -1.712532986397813,
            0.1921696887184563,
            -0.907855890556575,
            1.2242357121424363,
            -0.1311463040253401,
            1.393337322744445,
            -0.3819766762759058,
            1.884697302694771,
            0.7205550013734646,
            0.8592160109698856,
            0.2642561130411394,
            -1.4628582783764823,
            -1.914256246668658,
            1.0694573534595466,
            -1.3727243992046332,
            -0.872826334122106,
            1.6078801290653404,
            -0.1416100981188513,
            -0.01973114417314232,
            -0.4087188241802357,
            0.07588245363689243,
            0.4681746643100578,
            -1.8632203315750417,
            0.4782982464504674,
            -1.3809799605481197,
            0.359494031379736,
            -0.3142675061826091,
            0.11974870885074955,
            0.08039297627795967,
            1.2536588186105289,
            -0.07782849447604465,
            0.3138984305793753,
            0.057846820721736476,
            -1.5154276250822856,
            0.4753195992470722,
            0.6282095605510849,
            1.951381529733001,
            0.040864851160571376,
            1.8165970769734086,
            -1.3730968723114167,
            -1.0909871076424316,
            -0.26445654472336805,
            -2.183631571240529,
            -0.9729905485707518,
            0.37030279039135544,
            -0.1450453469060942,
            -0.143731587650842,
            1.600305898958596,
            -1.5409394785768706,
            1.0585718952220877,
            -0.9426053639891276,
            -0.7668398456018248,
            -2.334296866976533,
            0.24964622418571458,
            0.6410381924383916,
            -1.1740924437543108,
            0.7616771450027608,
            0.289006535426154
        ],
        [
            0.7655921691074224,
            -0.6530609509781587,
            -0.5245472549257306,
            -0.3860532472345862,
            -0.18138730259952318,
            0.0,
            -1.0190098111359749,
            0.626802658236491,
            0.7537439157842443,
            0.30956235225379997,
            -1.4509070454895536,
            1.3896048731117654,
            -1.2586275968955616,
            -0.39193620204934965,
            -0.04994210528100759,
            2.0346905656341696,
            -0.22978407533073747,
            1.0615097593120544,
            0.11642243401466475,
            -0.9744723240490745,
            0.024335341677821733,
            -1.7122167459995836,
            0.004250140711688559,
            0.9591492796294802,
            -2.077398008263981,
            1.039020351159137,
            0.31263738078598374,
            2.291280578474683,
            0.9113046620209554,
            0.799439398507405,
            0.6415988188301303,
            -0.4255629263337014,
            0.14530660003846518,
            0.868431852064076,
            0.3907578343887098,
            1.3713656244647485,
            -0.5163108467290565,
            -0.8696639581831116,
            0.3434356822242929,
            0.9694908443851579,
            0.19878736694736404,
            -0.2400309712621127,
            0.9639611586947313,
            -1.1065121080407787,
            0.869830485127647,
            1.343512564351786,
            1.315870713063174,
            -1.0308178793379514,
            -1.0050686904952468,
            -0.31039714977706917,
            0.8175951412243359,
            -0.35799354315334064,
            -0.9124621056567523,
            0.02599586623685616,
            -0.4052843398464713,
            -2.066533376919604,
            1.0987671249998252,
            -0.15554891352906805,
            -0.48183832158728657,
            1.3549731881806548,
            0.1746404247170964,
            0.6175046462545183,
            -0.24994724993434736,
            1.8715260648794647
        ],
        [
            0.6104706516814669,
            0.28610173656267535,
            -0.45008647012961456,
            0.7678007638780513,
            -1.712532986397813,
            -1.0190098111359749,
            0.0,
            0.955878872892035,
            -0.10818831948396378,
            0.30998542464856477,
            -0.25351773438688113,
            -0.6407892442052027,
            -0.37334139555933454,
            -1.2174045989933242,
            -2.288759422019242,
            0.3653261852283507,
            -0.5557159477972233,
            0.09543023567698079,
            -0.11736205026866851,
            0.05925601751341046,
            1.1279779683543856,
            -1.9517710741740542,
            0.8595045789173099,
            0.8445801623038438,
            1.2909291410203223,
            0.6351693418929185,
            -1.2885258653183758,
            1.1078948645500455,
            1.5727067425728143,
            1.1840752351358783,
            1.7669248074239492,
            -1.9805008508193613,
            -0.22295637760624715,
            -1.5535725696919866,
            0.13204469984576273,
            -0.21795845559537166,
            -0.6299388805675284,
            0.27712643799529196,
            0.9742439126111153,
            0.07079391800663615,
            0.5685803830979376,
            0.20141181606760927,
            -1.1175632352739135,
            -1.267144756160563,
            1.2014933360979696,
            -0.5134634009809952,
            -0.6125379871022218,
            2.291118111588429,
            -0.8285758724125882,
            -0.9486681945455838,
            0.4843471600428787,
            0.7026167635790365,
            0.9832802509827631,
            -0.17849454610490462,
            -0.7002646777785858,
            -1.1722931549068403,
            -2.2021846570281083,
            1.73045589344113,
            -0.8424419766957376,
            0.6506192423585877,
            -0.3917621942080299,
            0.8854179001504389,
            1.1573303931667291,
            1.567507843242863
        ],
        [
            0.2423692166318748,
            0.25939235254385135,
            0.9385811454798911,
            0.9597913810486516,
            0.1921696887184563,
            0.626802658236491,
            0.955878872892035,
            0.0,
            0.3305713084086608,
            0.748214135419484,
            -0.8825719170627422,
            0.010925879988479825,
            -0.675807981659034,
            -0.6640368409815611,
            0.044029987551272506,
            0.7830431547825775,
            0.8656320619023385,
            2.151010825660282,
            -0.18975493825626735,
            1.4271952460343404,
            0.21684173304038043,
            1.5394692467074746,
            -0.6208647477307255,
            -2.8834787949830405,
            1.1890373184109269,
            0.7418509179484133,
            -0.995197748862889,
            0.8664227502620786,
            0.8188790011498881,
            -0.34528788990234355,
            -0.878840740434412,
            -0.44733522505816103,
            0.184833817291462,
            2.1954833449009277,
            0.3578214679494384,
            1.5199956256491052,
            0.11895970670320735,
            -0.2302430175290075,
            -0.23139159529509745,
            2.326495665605146,
            0.6213429314720059,
            0.4660534058651548,
            -0.08626884638057929,
            -1.5815160115557698,
            -0.22512912767877105,
            -0.5610699190970723,
            -1.844451476501754,
            0.617052765587267,
            0.0987081596398699,
            1.8320270321565475,
            -1.0721850008732072,
            0.16927969537891605,
            2.050705403753493,
            0.9220434108804617,
            -1.9505477886590492,
            -0.10371142382706654,
            0.23538538000559273,
            -1.0579361252484851,
            0.2874221352703868,
            -0.5329698038375242,
            -0.42639809031293635,
            -0.4317570973130323,
            0.06898488248274093,
            0.29024916310723353
        ],
        [
            0.43237777125650617,
            -0.4741212878253643,
            0.9786700811565744,
            -1.0478649167480711,
            -0.907855890556575,
            0.7537439157842443,
            -0.10818831948396378,
            0.3305713084086608,
            0.0,
            0.3856997161924766,
            -0.0700760775554396,
            0.45371909524135745,
            1.3053965368441123,
            -0.20756205587256665,
            0.499257285845763,
            0.2681619150184708,
            -0.8547584170693928,
            0.8615863660507795,
            0.4470375740496801,
            -0.8320702826227174,
            -1.28678275924159,
            2.132666557124563,
            0.6708427244673247,
            0.9680932495926298,
            -0.3481339945951335,
            -0.12898004838605392,
            0.0533769113682508,
            0.5993038777740871,
            1.6649731547680622,
            0.8373618699945795,
            1.593620004156844,
            0.29901550449370173,
            -1.2704471176746523,
            -0.678294263229533,
            1.1678048928373705,
            -1.6052919142297346,
            0.3378215112383553,
            -0.23994900501624186,
            0.1541561345769137,
            -0.8129608446696359,
            -1.2179185055630306,
            -0.6320463538129482,
            0.3688508542379632,
            1.8180569726679918,
            0.20904363729600778,
            -0.5096949140403478,
            1.1827428676120448,
            -1.279531875934692,
            0.164191459879321,
            -0.7936078048561109,
            -1.5105162217561847,
            0.6464051113846105,
            -0.8969537278998315,
            -0.25182249376085863,
            -1.5983604481185527,
            -1.4130295816061575,
            0.40286001187913867,
            0.39622481828649997,
            1.4765062917021972,
            -0.33040019566368506,
            0.008076358128029936,
            -2.171423717010604,
            -0.8781443529437668,
            -1.2602889240612705
        ],
        [
            -0.09539030202483305,
            0.5859266982889814,
            1.1738661807704769,
            -2.0119128694172983,
            1.2242357121424363,
            0.30956235225379997,
            0.30998542464856477,
            0.748214135419484,
            0.3856997161924766,
            0.0,
            1.1183105174516086,
            0.8496057834676691,
            -0.5038690274556574,
            -1.032185118365582,
            1.1956505491983107,
            -0.5772574248813508,
            -0.4762468890034276,
            -1.3241119180916225,
            -0.6664169034103538,
            0.32047942643108696,
            0.9817736712296722,
            -0.48796187364725624,
            -1.6244324839468003,
            1.428898577690194,
            -2.5345267502985025,
            0.9362644674356247,
            0.10521560676931235,
            0.3128605487545533,
            0.8958286681576997,
            -0.8916044972917917,
            -0.5065101326227899,
            -0.7937324192869847,
            0.062393002574422214,
            -0.08853643503447287,
            -0.29281770386252987,
            0.3268336295030643,
            -0.4817959514647176,
            -1.3157447237066344,
            1.3200390227419811,
            -1.6666862170077548,
            -0.9762579592002876,
            0.6897355231069202,
            0.29441202517433984,
            -1.7635232812135675,
            1.3717046496156433,
            0.06627303758616973,
            -0.12036984559911337,
            -0.47344582827216336,
            0.1574345466391886,
            -1.3835452761342233,
            0.8710242518992717,
            0.1269617572533082,
            -0.05237105860502923,
            0.26591734254259475,
            1.1620381312541659,
            -1.092447462556125,
            0.6670680678687659,
            -0.8879604164995509,
            0.7822945711208823,
            0.28229775254207884,
            -0.07634631957263814,
            0.38040479916469333,
            0.19604002651670735,
            0.8526256132060813
        ],
        [
            -0.9626844657869854,
            -0.9077197894650074,
            0.16345265888885685,
            -0.1888827282275182,
            -0.1311463040253401,
            -1.4509070454895536,
            -0.25351773438688113,
            -0.8825719170627422,
            -0.0700760775554396,
            1.1183105174516086,
            0.0,
            -1.0109143868771797,
            -0.7675675692879524,
            0.16305883964864942,
            0.13864342845902874,
            0.1582999378493171,
            1.1436161007763315,
            0.18049188783805722,
            -1.7578480430474017,
            0.700192027231943,
            3.0132744977080272,
            0.9407261936816812,
            0.3122258907781294,
            0.18225098693987402,
            0.8412049785450821,
            0.11955041684112933,
            0.42828247852636636,
            0.31110234738312964,
            -1.8553379966682628,
            1.077700182689946,
            -1.0559561884224944,
            -1.8977603493537798,
            -0.18098203204561836,
            -1.7827532057113573,
            0.10143353591936155,
            0.7298668029679559,
            -0.9943203553137963,
            -1.3878565728902812,
            0.7270684865773398,
            0.8744805480437918,
            -0.5885242058776642,
            0.938360609217018,
            1.1288945044649044,
            -0.527028668962441,
            -0.24962329094139196,
            2.713365533298279,
            0.7960827850512057,
            1.1029864754766416,
            1.1867446570726918,
            -0.24844986743683192,
            -1.9999462868244262,
            0.48910309462604384,
            0.48477565553409097,
            -0.8105040189202285,
            1.9305454512080262,
            0.7491842125339774,
            -1.500727938025641,
            -0.3206317713727929,
            -0.112956540382089,
            -1.4909306261644106,
            1.0653015955384428,
            -0.9230256984945063,
            -0.06688666255255332,
            -1.9245699626899058
        ],
        [
            -0.4295334765473689,
            -0.9432602130191431,
            2.719309160775907,
            -0.5983827059044844,
            1.393337322744445,
            1.3896048731117654,
            -0.6407892442052027,
            0.010925879988479825,
            0.45371909524135745,
            0.8496057834676691,
            -1.0109143868771797,
            0.0,
            0.18761315147395405,
            1.5374688903839635,
            0.9274492478622244,
            0.21152017930343872,
            -0.5975957889847138,
            0.08301832213078089,
            -0.6524361725991207,
            -0.004109881844013697,
            -0.9545571498728951,
            1.0676267255256453,
            0.10438985339419683,
            0.32834503729841297,
            1.2669788729075575,
            -0.7015199063094877,
            -1.6875326745619221,
            0.3675222512381049,
            0.3155159507441712,
            0.2881608923022512,
            -1.589556964540201,
            0.006700477849381094,
            0.9929774310691197,
            -0.6554925995368587,
            -1.257181594028312,
            0.9426449102451028,
            0.18183218642453286,
            -0.018594847562154803,
            -0.2264745335324591,
            -0.393438321777238,
            0.16396559372531316,
            0.3429597887231596,
            -1.5664959514740953,
            -0.2429545431820044,
            0.7957836840987339,
            -0.3363013293988001,
            2.080621902803522,
            0.0004084264712606197,
            0.45109986670822555,
            -0.012467184852005842,
            -0.5904112790642861,
            -1.6491769791388984,
            0.5427357068509344,
            -0.514446741423953,
            1.0853490014818516,
            1.7764333391905125,
            -0.015634728217020864,
            0.8559889498248371,
            0.920544644884234,
            0.2296198281900535,
            -0.7473920488623024,
            0.11857126139471681,
            0.7243316356922748,
            1.0481783440666321
        ],
        [
            -1.3689232904189808,
            -0.01717860725110048,
            -0.4921270501630966,
            0.07880468423862962,
            -0.3819766762759058,
            -1.2586275968955616,
            -0.37334139555933454,
            -0.675807981659034,
            1.3053965368441123,
            -0.5038690274556574,
            -0.7675675692879524,
            0.18761315147395405,
            0.0,
            -0.9289804481819952,
            1.919548119417441,
            1.0281636818444897,
            0.6655655337536647,
            0.34703425968348806,
            -1.0189408661895876,
            0.6262631355994966,
            -0.49078334810034663,
            -1.0102429607071983,
            -1.460882950092506,
            -1.7933505083574266,
            0.9533475543369031,
            -0.40669480390642887,
            0.1973641470928615,
            0.5485253444232748,
            1.0441306192062005,
            -1.0864262643878206,
            -1.0596660015552488,
            1.5158367347927126,
            -0.17194027779949483,
            1.9630831767058672,
            0.9068316118490299,
            0.21477470131044435,
            0.8720586132988116,
            -1.1143741087041548,
            -0.6685719603127718,
            -0.6263636979904486,
            0.5407882387291875,
            1.9716359708850018,
            -0.08392621739436881,
            1.7428858702678107,
            0.17287118997991283,
            1.462830633919087,
            -1.6233348892642934,
            1.1297829075235875,
            0.4247000414034631,
            0.969148509350285,
            -0.08808650459911066,
            0.7520466326417378,
            0.002278666886813118,
            -0.22883333689533283,
            0.609296253288144,
            0.7765253691342762,
            -0.6179203074265992,
            0.07779793108890261,
            -0.3136991249700549,
            -1.801876937043061,
            0.20020529633455617,
            0.9831786588069634,
            -2.7444478212341576,
            1.4899649493102824
        ],
        [
            0.38119582058842755,
            0.4370779313111346,
            0.044903167396189554,
            -0.2166386581584697,
            1.884697302694771,
            -0.39193620204934965,
            -1.2174045989933242,
            -0.6640368409815611,
            -0.20756205587256665,
            -1.032185118365582,
            0.16305883964864942,
            1.5374688903839635,
            -0.9289804481819952,
            0.0,
            0.1478043245770942,
            1.109068876627252,
            0.9140108988860712,
            1.396216450692382,
            1.4094829012170755,
            -0.01633622676865688,
            -1.6249069185445415,
            0.6875903806539083,
            -0.008115930003853281,
            -1.8844220120929052,
            -1.2225705224430252,
            0.6403108003691361,
            0.5004473724207269,
            0.09720308658756951,
            -0.8380939686943069,
            -1.1903575487296212,
            0.2011215012218823,
            -0.8327874600942166,
            0.05511620492163507,
            -2.0989297169127314,
            -1.3690368008331382,
            0.761852710787509,
            -0.33813607357766085,
            -1.1955274149268642,
            0.8598279629249941,
            -0.4134251273117119,
            -1.4782480935230278,
            1.272545440896135,
            -0.14558126395746582,
            0.1961692100905303,
            0.9974000173069104,
            0.9188815903009414,
            -0.08444029047144803,
            -0.5442269189791916,
            -0.49238456453898277,
            -1.0067894828542236,
            -0.7556476990790778,
            -0.41180506245696236,
            1.6353890041692205,
            0.58028707275176,
            0.9966816911913101,
            0.764670044153418,
            -0.31149759465779053,
            -1.5436928960199565,
            2.0404088384904786,
            -0.43067382206368626,
            0.48085282548455954,
            0.6540090638694596,
            0.34802672529553236,
            0.7292531256553407
        ],
        [
            -0.12920688387804297,
            1.052604791106092,
            -0.8005181842472149,
            0.8672369917541318,
            0.7205550013734646,
            -0.04994210528100759,
            -2.288759422019242,
            0.044029987551272506,
            0.499257285845763,
            1.1956505491983107,
            0.13864342845902874,
            0.9274492478622244,
            1.919548119417441,
            0.1478043245770942,
            0.0,
            -0.020208286214845394,
            -1.2061710501313627,
            -0.41270660971283496,
            -1.2924196532831547,
            0.3647614378098923,
            0.27434609820924105,
            0.8222928168953583,
            0.47795497670514714,
            -0.7868009676541566,
            -0.9585608568974674,
            0.5068643427643814,
            -0.9241682462596295,
            0.350261595679596,
            -1.5244828311966367,
            -0.5808474143275327,
            2.930206629757831,
            1.1865966770829461,
            -0.0509941303890018,
            -0.9272168700249294,
            -0.1873328904836183,
            1.142656076076342,
            0.5805449506612318,
            0.5721389972359006,
            -0.046055791177653,
            0.771764818700843,
            1.1268149077755962,
            0.600965288114696,
            -0.3690268518872782,
            0.7920396552735913,
            0.4788798245116634,
            0.06530019281756057,
            0.04908703213149283,
            1.045120423219351,
            0.9017524625620642,
            -1.2473337987086974,
            -1.9686096098919177,
            1.1830440733958012,
            1.7267418460639194,
            -0.6497431118301163,
            -0.6898879590216128,
            -0.774339968500603,
            -0.37883162208111143,
            0.7510001756284496,
            -0.13519992580588366,
            -1.590828589756979,
            1.7400675935118097,
            -0.46782141634407776,
            0.12874124864650366,
            2.5896011657581535
        ],
        [
            1.824783844706292,
            0.7452089449189426,
            0.12798690911250657,
            -0.6604544664679292,
            0.8592160109698856,
            2.0346905656341696,
            0.3653261852283507,
            0.7830431547825775,
            0.2681619150184708,
            -0.5772574248813508,
            0.1582999378493171,
            0.21152017930343872,
            1.0281636818444897,
            1.109068876627252,
            -0.020208286214845394,
            0.0,
            -0.395987514029407,
            -1.205933644154519,
            0.6342776485523314,
            0.9914180170648917,
            1.8623933895910831,
            0.8457524850528331,
            -0.26102797600766864,
            -0.34682419567248457,
            0.650350387894927,
            -0.5312855647297122,
            0.7955699441684159,
            -0.7100134866994448,
            0.609669801799205,
            -0.10555003837883682,
            1.7249920605555755,
            0.015652599195396757,
            -1.2556620125504043,
            -1.4365811520501521,
            1.1028367686131126,
            -0.1841873128292625,
            0.43134234361272544,
            0.277773310092178,
            0.5517956529913957,
            -0.24992508607015784,
            -1.041081672484322,
            -1.1125629090041924,
            0.24980433568526417,
            0.9317800302213051,
            -0.9670864131711843,
            1.5684923068874417,
            -0.5727472574923531,
            -2.053597170380871,
            -0.6518687120747633,
            0.21340066749921552,
            -0.16177995882864984,
            -0.3813795768145625,
            0.9923081221509737,
            -0.31121536956433854,
            -0.2438300007725613,
            -1.2695951787540678,
            0.6737094299801579,
            -2.598016146850094,
            -0.3784341526492777,
            0.7808416201045899,
            -0.5356498494895371,
            -0.23325799336060443,
            -0.26437076084845124,
            -0.7356259264038042
        ],
        [
            -1.1427722456431653,
            -1.1802008788256924,
            0.05368659353188143,
            -0.09565027820666706,
            0.2642561130411394,
            -0.22978407533073747,
            -0.5557159477972233,
            0.8656320619023385,
            -0.8547584170693928,
            -0.4762468890034276,
            1.1436161007763315,
            -0.5975957889847138,
            0.6655655337536647,
            0.9140108988860712,
            -1.2061710501313627,
            -0.395987514029407,
            0.0,
            -0.9853100841511939,
            1.1292995159696566,
            2.858481843194487,
            -0.9583364170675981,
            0.09146911021845343,
            -1.1678978942605596,
            0.34944799365662127,
            0.13974191877638606,
            -0.24100783992372388,
            -0.642328516407361,
            1.1192001981424224,
            -1.517675200543583,
            0.41177733687495893,
            0.09227693034988488,
            -0.2871446218375429,
            1.795829189705389,
            -0.45311608773122597,
            -1.2567096175568386,
            -0.6177451639264501,
            0.05452659906807738,
            -2.4877434063399524,
            0.21953209557878883,
            0.8369006893995693,
            -0.509591210893111,
            -0.30331635189523704,
            0.2800108965817413,
            -0.6028275041808495,
            0.5843527075525261,
            0.6169233321243305,
            0.635833727937533,
            -1.3179753107627359,
            0.5092290520804108,
            0.7571258379909948,
            -0.8430893137122705,
            0.09550608776728325,
            0.008336221962882823,
            -0.5049195861756627,
            -1.1359915195562766,
            0.83604263116897,
            0.11843737471304693,
            1.4164211889664,
            -0.4267547064635021,
            1.0085565601705933,
            -0.27193192747358247,
            -0.5714996379370034,
            1.6868756724727407,
            1.5270104324432636
        ],
        [
            -0.41064817110381324,
            0.24811984704843795,
            -0.15256863654292854,
            -1.0742828706012462,
            -1.4628582783764823,
            1.0615097593120544,
            0.09543023567698079,
            2.151010825660282,
            0.8615863660507795,
            -1.3241119180916225,
            0.18049188783805722,
            0.08301832213078089,
            0.34703425968348806,
            1.396216450692382,
            -0.41270660971283496,
            -1.205933644154519,
            -0.9853100841511939,
            0.0,
            -2.173630446132766,
            0.04155762568494817,
            -1.498923382419695,
            1.4403487912237518,
            -0.9811598971576346,
            -0.004710315323856657,
            1.24145478907117,
            -0.4370394341870477,
            1.9086952764011194,
            -0.4080792662496948,
            -0.6074536757690727,
            1.7958533261987022,
            1.8009209849690018,
            0.29914461175986945,
            -1.1048537770405993,
            0.3996613298933907,
            0.08874266114091751,
            0.07496957920805515,
            1.0629649839055253,
            -0.5238005959919708,
            1.5099271673195174,
            -0.9238598635406874,
            -0.5942009673133454,
            -0.17031849395244458,
            1.5123299178116385,
            0.6969731600602138,
            1.1115287085256937,
            2.995069360650055,
            1.1222882645825274,
            -0.8561705524377203,
            1.7348405960584683,
            -0.16149338959452117,
            1.228990134790385,
            -0.5742191864449653,
            0.32969565860359784,
            0.8099013518283785,
            2.081699071838635,
            0.14764620479613708,
            1.3609513057745706,
            -0.9652396126580082,
            -1.3455760050289882,
            0.6355521421154554,
            -0.9494484142479277,
            -0.8939031964213933,
            1.2038539839154019,
            1.089806250373548
        ],
        [
            0.7863586468088052,
            0.4862034536188481,
            -0.6185165336504325,
            1.967632360432146,
            -1.914256246668658,
