{
    "N": 64,
    "id": "086373e7-02d7-4e3e-8178-cccaaed9d4ab",
    "problem_type": "SK Spin-Glass",
    "distribution": "gaussian",
    "spins": [
        -1,
        1,
        -1,
        -1,
        1,
        -1,
        1,
        1,
        -1,
        -1,
        1,
        1,
        -1,
        -1,
        -1,
        -1,
        1,
        -1,
        1,
        -1,
        -1,
        -1,
        -1,
        -1,
        -1,
        -1,
        1,
        -1,
        -1,
        1,
        1,
        -1,
        1,
        -1,
        1,
        -1,
        -1,
        1,
        1,
        1,
        1,
        1,
        1,
        1,
        1,
        -1,
        1,
        1,
        -1,
        -1,
        1,
        -1,
        1,
        1,
        -1,
        -1,
        1,
        -1,
        1,
        -1,
        -1,
        -1,
        -1,
        -1
    ],
    "couplings": [
        [
            0.0,
            -0.23074132012247564,
            -0.40756050738484795,
            1.4448452540179413,
            -0.20591236361535087,
            -1.2646583871329162,
            2.0554395682190396,
            0.49370312997106386,
            0.8403233799431478,
            0.3223261606215647,
            -0.35089459993650834,
            1.081180451672034,
            0.22033002900537701,
            0.7003864689300211,
            -0.17040238902056543,
            0.07948802301499036,
            -0.4867253261228939,
            1.875008540517643,
            0.831854303862325,
            -2.2978373899703386,
            -1.376391490724574,
            0.05501942611784913,
            1.505317323826852,
            0.06553923174238789,
            -0.9577686970462977,
            0.2920856443920515,
            -1.1934449055138006,
            0.39743039221421733,
            2.430923196138313,
            -0.4951609092885077,
            -0.5172095459873789,
            -2.5448665103917727,
            -1.468227919780974,
            1.8204306758831716,
            0.18223983220844006,
            0.20349532832481906,
            1.397269135247456,
            -1.8208468430585836,
            0.23143106918531908,
            0.5901303526819969,
            -1.4512345741952095,
            0.0939077658676132,
            -0.789199104113248,
            -0.39966912115990966,
            0.3409130807698621,
            -0.011409637130128485,
            -1.564805240721768,
            0.44142054088895105,
            1.3891668968390334,
            0.5922067868861269,
            0.002488389570548637,
            2.0469668706541952,
            1.2476193275906529,
            1.7083899521931327,
            0.14471556782024372,
            0.35085241344449297,
            0.6465333293236231,
            -0.23540793731038873,
            0.267852984862854,
            -0.8370304428978217,
            0.057674110217457435,
            0.008067200817952551,
            1.1589033506536743,
            0.20865786639126024
        ],
        [
            -0.23074132012247564,
            0.0,
            -0.047224100486253265,
            -1.803043631619541,
            -1.2570110574630264,
            -0.6823868994732845,
            -1.0586209540654685,
            -0.338753287664221,
            0.038579153446205015,
            1.053455595575671,
            2.6518076948483595,
            -2.2474702886305864,
            1.4728854697696903,
            -0.2119359156384754,
            -0.5123118924240598,
            0.7423122576687838,
            -0.5634377149346746,
            0.8802707724755291,
            -0.2521837790992523,
            -0.7958444303291529,
            -0.022810545307220858,
            1.7708731961518873,
            -0.4474962732392188,
            -0.2178420901175092,
            0.4102118173679594,
            -0.1591735031050917,
            0.2602165773503983,
            -1.4199597119845717,
            1.0930724507586218,
            -1.6356538555542504,
            0.06539618688585104,
            -1.5040191196727717,
            -0.5465674715951401,
            0.26629495962666094,
            1.22630734369522,
            0.502104728199661,
            -0.5479099461155821,
            0.38595569452935174,
            -0.5443600635060286,
            0.3037604785082358,
            2.689796121522875,
            0.7234321605596391,
            1.345006848549193,
            -0.016576299011648997,
            -0.9014782362809474,
            2.0682988977030163,
            0.3247036441328096,
            -1.6423768529275404,
            0.941883620778379,
            -0.0006230317922046388,
            0.3851686139908488,
            1.1056086505015572,
            1.0839389255319223,
            0.8230678121318759,
            -1.3817559717355883,
            -0.9230858783574637,
            0.365578216937057,
            2.5210612905903957,
            0.24488107089338884,
            0.1754184742098408,
            -0.5857849472569825,
            -1.0887904335037215,
            -1.0339773212949668,
            1.1893408314864078
        ],
        [
            -0.40756050738484795,
            -0.047224100486253265,
            0.0,
            -1.903202674174316,
            0.45470326988327975,
            0.26687907216723217,
            0.8462896347728779,
            1.8446063908270398,
            -0.8052799659549552,
            -0.30862448175422175,
            0.5240538528327103,
            -0.8805494764817783,
            -1.8715177826973843,
            0.7850188118974155,
            0.7483167342799317,
            -0.23744912712007277,
            0.8480343297485682,
            -0.577677717714171,
            -0.3808107499372404,
            -0.5528893094368459,
            -1.0829129248900793,
            2.13986574300212,
            0.39942317079838474,
            1.0841719447622533,
            -1.0705044892109437,
            -0.1513912573586053,
            0.2846597416692843,
            0.9212319334558015,
            0.561080592164798,
            0.18713180864373835,
            -0.08094885526992762,
            0.18047434198449777,
            -0.30846965543666544,
            0.8139476764414652,
            0.2846232033558249,
            0.15367480756522814,
            -0.9981471104938766,
            1.4903012940183888,
            -0.5541998284015348,
            1.1040107460848743,
            0.058992283298913345,
            -0.9169556287913825,
            0.5449270225910336,
            0.9646481949575479,
            -2.0694318426052996,
            0.0512012499174348,
            -0.680296038930498,
            -0.9405568402204294,
            1.251352486702523,
            -1.2074320693514378,
            -0.497892065588741,
            -0.6542232031124928,
            0.08832809799406616,
            0.6134113835446614,
            0.878327252383478,
            0.2597692243792334,
            -1.9420053754332554,
            -0.7490074683891571,
            -0.7720734429851214,
            -0.5464889207812801,
            1.1622016186249746,
            -1.032307114723136,
            -0.33329506534218684,
            0.5479390242612716
        ],
        [
            1.4448452540179413,
            -1.803043631619541,
            -1.903202674174316,
            0.0,
            0.0023486056671757427,
            0.15837639116862756,
            -0.30618771795590544,
            -1.1397930266380212,
            0.6480410369120511,
            -2.3475300498104663,
            -0.7253862405736569,
            -1.3188216985943428,
            0.45745645017567443,
            0.9875774762703429,
            -1.5941343986795564,
            0.7197409309313136,
            1.5687320548672798,
            -0.5802870767169628,
            1.3825004656351942,
            -1.1712293477524298,
            -0.6202005992093498,
            0.031089361442342336,
            0.8457593183975267,
            0.6500316905054618,
            -0.4516905646413661,
            0.17488790143118516,
            -0.1929662308722542,
            -1.6798066304969956,
            -1.1413990169638695,
            -0.7863709559938221,
            -0.8508220593620277,
            -2.383578426960886,
            -1.2307420410200636,
            -0.2061217713593115,
            -0.5453140749653856,
            0.8650278935617665,
            0.14531928196209498,
            -0.4814800841905551,
            -0.3798210953837356,
            -0.4389984550806535,
            0.47143746519102364,
            2.354323519631928,
            0.5750807332215625,
            0.11847188250076272,
            0.8233224846091539,
            -2.0031252870002625,
            -2.27103637447106,
            0.4415504390787204,
            -1.2094374539153898,
            -0.088922245814381,
            -0.5230678767269447,
            1.9073177736468465,
            0.8962899369017431,
            -0.1863739212968516,
            0.8263423963234614,
            -0.17814830565377507,
            -0.7960229702758949,
            -0.728299274402977,
            -1.7714756385706716,
            -0.7702393570551561,
            -0.0513545118356108,
            -0.7416756756283692,
            -1.425032313671647,
            0.4614296589602384
        ],
        [
            -0.20591236361535087,
            -1.2570110574630264,
            0.45470326988327975,
            0.0023486056671757427,
            0.0,
            -0.5617219475142604,
            -1.1210152418723824,
            -0.3399742056153531,
            0.7053748702662447,
            -0.9257829227924761,
            1.7097553870598254,
            0.37960500162091565,
            0.6362432070389055,
            0.8974211664121235,
            0.4549180589526484,
            -0.12529980049566497,
            0.9283878093206215,
            0.5435833950202005,
            0.5188142011899533,
            1.3647466278730578,
            -0.3533421125551448,
            0.5878088159650016,
            0.22080921145577892,
            0.13943832323275598,
            -1.3681814900985176,
            -0.7558906168319817,
            -0.29396210779162224,
            0.8758032412683525,
            -0.016505030844471406,
            -0.5807552532203976,
            -1.710782226593569,
            0.6840374129728087,
            -1.0719915339445143,
            0.12609658499572046,
            0.6146908090261188,
            0.940604786090724,
            -1.939184202502748,
            0.10389890393937302,
            0.1678697908170112,
            1.2899042293138578,
            -0.8366904966879309,
            -0.6029548603160347,
            -0.1901868518492766,
            1.4848986889762246,
            -0.8018661002724137,
            0.5259531585997366,
            -0.3714608565836572,
            0.02039252319378195,
            -0.9316292359804914,
            -1.2635546507978395,
            0.15899048921039333,
            3.3159403765422386,
            -0.1837081649085742,
            -0.2323825605243343,
            -1.9246370327096116,
            -0.3143014415728532,
            -0.3702457686399974,
            -1.1617225814914955,
            -0.03367763861976911,
            -0.8256309771733804,
            -0.10844161012553113,
            1.679942292232054,
            0.6190629469761741,
            -1.0129178352389698
        ],
        [
            -1.2646583871329162,
            -0.6823868994732845,
            0.26687907216723217,
            0.15837639116862756,
            -0.5617219475142604,
            0.0,
            -0.052396750322739605,
            -0.2153092915305829,
            -0.3325198210537794,
            0.5040100754255666,
            2.3314855851208134,
            0.0051142381641223035,
            0.25773394506279007,
            1.0365961184380936,
            -0.46320985565289835,
            2.0321446222274737,
            0.025375923794457567,
            0.23363277031392632,
            2.1113448063140954,
            1.4000890822943732,
            -1.2558231026816453,
            -0.2508423473393871,
            0.28944677945863695,
            0.6474537117779708,
            -0.7845247973414762,
            -0.23121105703469103,
            -1.1493778177590332,
            -0.14669089428664076,
            -1.358191156529772,
            0.020209558685768462,
            -0.023479070149321667,
            0.21484185609669929,
            1.1598750643640914,
            1.0018848971802319,
            -0.9872577355148863,
            -0.9152161561483834,
            0.411533147341692,
            0.38529060666542,
            1.1062269841532557,
            -1.4501647892281042,
            0.5007522224136193,
            -0.6075435236067713,
            -0.23623754853356158,
            -0.4614453417199423,
            0.09397365726295781,
            1.838377270492692,
            -0.20149565870448272,
            0.6986431389511135,
            -0.25717270251206176,
            -1.465529952415857,
            2.7595684878926727,
            1.1803279215738107,
            1.0551529798034087,
            -1.600695096356173,
            -0.30084744056822776,
            0.6187572608912992,
            -0.08376467197071721,
            -0.08573512288513033,
            -2.390513197837767,
            0.21465624006008302,
            -0.08111414071080061,
            -0.7182714979610287,
            0.6386594622584197,
            -1.0747895224492852
        ],
        [
            2.0554395682190396,
            -1.0586209540654685,
            0.8462896347728779,
            -0.30618771795590544,
            -1.1210152418723824,
            -0.052396750322739605,
            0.0,
            0.3018790301171856,
            0.436693917289719,
            0.3093579199788356,
            -0.45094587672277053,
            -0.7443076993362615,
            -0.15020965741121953,
            1.1226701155317917,
            0.7265423069180083,
            -1.243517150623361,
            0.010543568139061286,
            0.45131563772214645,
            -0.3044743364771856,
            -0.6762920442363971,
            -0.6919684127697352,
            -0.26727862915526096,
            1.7657779871367363,
            0.5254401125221277,
            0.41517534003982365,
            -0.5719138130216938,
            -0.9973047213276764,
            -1.6638742262624622,
            0.4907686581961129,
            1.9710729939128553,
            0.58164207283593,
            -2.118775575152133,
            -1.636692981181223,
            -1.13955911077042,
            0.5038393585347455,
            -0.4057316729609194,
            0.1413316823723077,
            -0.7140571155859522,
            -1.6088791578447923,
            0.4978314841857128,
            1.4375955544746377,
            0.20286819385063232,
            1.2262133107735433,
            -0.3643834972681957,
            0.009593324071431437,
            -0.3948788964286655,
            0.05274701512556312,
            -2.3215419250932565,
            0.5471326232932909,
            -0.4133925233937969,
            -0.7520212386169963,
            -0.25951314240710427,
            1.2095768060027439,
            -1.7010531492696355,
            0.3861880301742985,
            0.839447272404197,
            0.21173468062648756,
            -1.045320432201666,
            1.21046966728336,
            -1.832956228090468,
            0.17639702592483916,
            0.9656161010044473,
            0.4017156743289273,
            0.32838214763197354
        ],
        [
            0.49370312997106386,
            -0.338753287664221,
            1.8446063908270398,
            -1.1397930266380212,
            -0.3399742056153531,
            -0.2153092915305829,
            0.3018790301171856,
            0.0,
            -0.5608721481152432,
            -0.5116943042321238,
            -0.10669918567116447,
            1.0960443101772552,
            -0.3748738665723563,
            0.09568906993825123,
            0.02691369318487567,
            1.5166219674768284,
            0.9218622191245246,
            -0.6272470879312444,
            -0.8554253345502836,
            -0.5927827186077329,
            0.1125059129014994,
            -1.6994612789201464,
            0.24076445514026043,
            -1.2233542178178896,
            0.4036570119045962,
            -0.05306719051608365,
            0.5838182993963458,
            -0.552688330726011,
            1.0742441821571822,
            -1.4618647654505192,
            -1.2377411878217053,
            -0.3088446859451179,
            -1.6968103320662344,
            -0.07472545216681749,
            1.3579718451580187,
            -0.20592417321363005,
            -0.19137805122149829,
            -1.3119072005617345,
            1.1038528792978155,
            2.4012569220375637,
            1.3959681675414863,
            -2.654373217837124,
            -0.8145526542869306,
            1.215663565737385,
            -1.4652593030185164,
            0.34709393896208973,
            0.2276196355737228,
            0.0958026840636857,
            1.3425176604190558,
            -0.5564573968466833,
            0.4700816265142572,
            -2.4467877347021094,
            0.1644183504146731,
            -0.34632197305007867,
            1.1530054662175588,
            -1.2308513913588564,
            1.616984936049574,
            -1.4298833860819835,
            -0.5683073920563556,
            -0.2613227109543718,
            0.3688057915532888,
            -0.44933494348655867,
            0.7032717291931335,
            1.8160792221355582
        ],
        [
            0.8403233799431478,
            0.038579153446205015,
            -0.8052799659549552,
            0.6480410369120511,
            0.7053748702662447,
            -0.3325198210537794,
            0.436693917289719,
            -0.5608721481152432,
            0.0,
            -0.526455500048382,
            1.2572391665695055,
            -0.7521562551141886,
            -0.4101282897247772,
            -0.513178638193676,
            0.8645412896204445,
            1.0159467994687217,
            0.456366418455361,
            0.8181285215451383,
            0.30060726453022174,
            0.650443316396729,
            0.0033079745148005485,
            -1.2012974986801541,
            0.9775313392820619,
            0.762970068477578,
            1.1626542155856852,
            -0.7822014300659111,
            -0.3548234295030923,
            -1.2489708785866291,
            -0.8296057751341422,
            -0.15284163623361774,
            -0.42538627860198824,
            -1.5378039002524482,
            0.035385313011865656,
            0.9533443800451417,
            -1.0723945042609457,
            0.23364863243187772,
            -0.6372076864688258,
            -0.7613444952884546,
            -0.6411221001045208,
            0.3759591008686815,
            -0.2782251379957971,
            0.02900908635112246,
            0.3838313850512271,
            0.7688558945006254,
            1.353702342274317,
            -0.30581675220746585,
            -1.8881130380126403,
            0.4022399635914718,
            0.650333437668586,
            1.2777706329273857,
            0.2949692055476881,
            -1.0768303554627474,
            -0.7738046762473626,
            1.7405696562001354,
            0.4571846123872143,
            0.387601379960234,
            -1.199114730111541,
            -0.27849597527649245,
            -0.3802589343861742,
            -0.23424375882562504,
            -0.5442206477293482,
            0.7679315333134441,
            -0.2250290216136816,
            -0.7083027042764288
        ],
        [
            0.3223261606215647,
            1.053455595575671,
            -0.30862448175422175,
            -2.3475300498104663,
            -0.9257829227924761,
            0.5040100754255666,
            0.3093579199788356,
            -0.5116943042321238,
            -0.526455500048382,
            0.0,
            -1.1510532993501346,
            -0.2836222204930978,
            -1.5149091008713007,
            0.4384942900815656,
            0.06661785255473049,
            -1.1485757674968584,
            -1.5207859388848477,
            -0.011169434411624005,
            -1.5832743062951122,
            0.11162470737507856,
            0.8000816143905795,
            1.2030339208363001,
            -1.439314639553146,
            -0.4718202367190272,
            -0.20620065839659912,
            1.62489373350091,
            0.5793742503907938,
            0.16394240120557657,
            0.010540255016650213,
            -0.5641973540961537,
            1.4852012930043992,
            2.0446718492947635,
            -1.0315530427759412,
            -0.1209588051288359,
            -0.471305741826438,
            2.2547050851698245,
            -0.7604204130913031,
            1.3772685416471213,
            1.5691253863397456,
            -0.5289527961643841,
            2.0575037771745994,
            -2.3140368757017304,
            -1.2572837665081096,
            -1.5335437585233596,
            0.3730531950132206,
            -0.8226508137941307,
            -0.36115872779736935,
            -0.03570687015160969,
            -1.046129321843276,
            -0.23715565886182624,
            0.21580146564944527,
            1.57614373680596,
            -1.9149348718676777,
            -0.6586409243372922,
            -0.6953732376379655,
            -0.9632681999720148,
            -2.1033235484979995,
            0.8152134839009174,
            -1.2199051769811788,
            -0.4810164765439387,
            -0.6088433084775511,
            -1.721713816580344,
            0.28011833592278307,
            -0.43010299902956245
        ],
        [
            -0.35089459993650834,
            2.6518076948483595,
            0.5240538528327103,
            -0.7253862405736569,
            1.7097553870598254,
            2.3314855851208134,
            -0.45094587672277053,
            -0.10669918567116447,
            1.2572391665695055,
            -1.1510532993501346,
            0.0,
            1.3013871574944849,
            -0.30376515885985955,
            -1.6527487133808416,
            1.979603848538989,
            -1.6769827296595616,
            0.1721853315186333,
            -1.807203509880017,
            -0.17317992535238017,
            -1.1297088348050075,
            0.5585227207248447,
            -1.4708699102430545,
            -1.4737295478101282,
            -1.8030967562556512,
            0.7162867026687134,
            -1.175086895561679,
            2.0455035239161172,
            -0.4759834174023234,
            0.11872360965135767,
            0.4978464510443601,
            0.3862590702870463,
            -0.5788507786377382,
            0.15613985347159426,
            -0.7933463251943341,
            -0.5925404142194216,
            0.9789383605022574,
            0.021064638083763302,
            -0.872720042067434,
            -1.5236919562365494,
            -0.9817512733822161,
            -0.38549363900399825,
            -0.497878774649633,
            0.41205466316034856,
            0.24655273381111856,
            0.8053032211071831,
            -1.6214611086519872,
            1.42239494417527,
            -1.5637908291412603,
            1.1465111888706407,
            -0.7288636708778021,
            0.11887883227150972,
            0.6126946932090681,
            0.8504547417116423,
            -0.18555338162408777,
            -1.2896889784435306,
            -1.2031567995145234,
            -1.289656883877371,
            0.0802447253016493,
            1.476629992681014,
            1.6356627313324381,
            -1.507719935022389,
            -0.34128245260159584,
            0.7056948392878537,
            -1.0939579021488541
        ],
        [
            1.081180451672034,
            -2.2474702886305864,
            -0.8805494764817783,
            -1.3188216985943428,
            0.37960500162091565,
            0.0051142381641223035,
            -0.7443076993362615,
            1.0960443101772552,
            -0.7521562551141886,
            -0.2836222204930978,
            1.3013871574944849,
            0.0,
            0.21320975361374697,
            0.4897540113614511,
            -0.249254698646434,
            -1.1844914454135613,
            0.06241786910052536,
            0.5829438469844989,
            1.6134443315597267,
            -1.7884357531600248,
            -1.0095297584876906,
            0.8682632778424262,
            -0.29069025480348054,
            -1.5712768290027095,
            0.16697858161609994,
            -1.2895262985586629,
            1.4589365337273075,
            0.9455010741466701,
            -1.0017865342295726,
            -0.9724125879524209,
            -0.21235211177208915,
            0.07761204094372672,
            0.41240625511404316,
            -0.4542667077624794,
            -0.9502431842609311,
            2.1532749315055426,
            -0.9153570545524182,
            1.5445347735921993,
            -0.8481281707600047,
            -0.4998192656352671,
            -1.5086126804106057,
            1.0106114694714805,
            0.06733579116388567,
            0.6880083522089917,
            -0.3705430745284487,
            1.4244006736504817,
            -1.5801875030790207,
            0.41945002166192613,
            1.0457257267180042,
            1.5527132739649996,
            -0.2886061601387727,
            -0.25298231559136247,
            1.2894237399228419,
            -1.9287052298470693,
            0.035088066262764214,
            0.8523395663691067,
            -0.49097399090189825,
            1.9509198368040788,
            0.44702495984129703,
            -0.0066406760228159235,
            -0.5830298659973162,
            1.5452783081683503,
            1.110963309436092,
            0.043307128131869856
        ],
        [
            0.22033002900537701,
            1.4728854697696903,
            -1.8715177826973843,
            0.45745645017567443,
            0.6362432070389055,
            0.25773394506279007,
            -0.15020965741121953,
            -0.3748738665723563,
            -0.4101282897247772,
            -1.5149091008713007,
            -0.30376515885985955,
            0.21320975361374697,
            0.0,
            -0.748012385664922,
            0.2807209578837724,
            0.8103626654173698,
            -1.5255821467018136,
            -1.2381097524336249,
            0.23102357391787628,
            1.125739659085271,
            -2.052478576460352,
            -0.6901267060484642,
            -0.1799883362444984,
            -1.1448961910806095,
            -0.5814384729948255,
            -0.9014396087834585,
            -1.6748804315081562,
            -0.8342514119788808,
            1.6389745496224162,
            -0.576625225359521,
            0.6913746992893227,
            0.2805516304371652,
            0.7697300298466433,
            -0.42573050554195757,
            -0.8839954250683277,
            0.0365903328956697,
            -0.9254518738259186,
            0.6130917622087609,
            -1.0315081378130624,
            -0.7024964104884068,
            -0.33589263129971325,
            -0.5287198828411239,
            -0.5883056251524097,
            -0.8143251799596614,
            0.8324299735698016,
            -1.0126853522304766,
            0.23065521387122614,
            -0.05200770178391851,
            -0.9125153256623287,
            -1.8615409871172648,
            -0.5212281217806687,
            1.686110133549033,
            -0.2845551912462108,
            -0.32204593839329837,
            -0.8098068105338392,
            1.2597999073515977,
            1.096969045707321,
            1.9805597434662325,
            -0.2926921934841552,
            -0.9593210555673317,
            0.35980508189885785,
            -1.5210028421728568,
            1.3588637531506012,
            0.4077414066634328
        ],
        [
            0.7003864689300211,
            -0.2119359156384754,
            0.7850188118974155,
            0.9875774762703429,
            0.8974211664121235,
            1.0365961184380936,
            1.1226701155317917,
            0.09568906993825123,
            -0.513178638193676,
            0.4384942900815656,
            -1.6527487133808416,
            0.4897540113614511,
            -0.748012385664922,
            0.0,
            0.3950652456402209,
            0.6120947971112154,
            0.806571388463433,
            -0.13014292211443274,
            -0.4944543111768675,
            -0.12475684896302178,
            -0.31409038091469726,
            -1.6756845722085503,
            -0.4165096508375834,
            2.7880944626984374,
            0.4974302547574631,
            -0.19135444538631038,
            0.890588206825123,
            -0.1820286877294088,
            -0.74799402810001,
            0.15255818283258302,
            0.028980836833857306,
            0.1406402481532048,
            0.059888469810804375,
            -0.5731043489401436,
            -0.5562024197940477,
            1.0662034035067038,
            -0.8695856179830413,
            -0.4432443222935207,
            -0.17178477019838903,
            -0.6068578970241969,
            2.1745300735563933,
            -0.06892410141435633,
            -0.09591001294616047,
            -0.10606525418219931,
            -1.2693284967128728,
            -0.4427718340468058,
            0.009372182684409787,
            0.8811923387426248,
            -0.3324318456509154,
            0.11269957038294781,
            1.8898661552947715,
            0.2815228881132513,
            2.202842632973185,
            -0.8016411524892272,
            -0.4025841100623439,
            -0.3444591319992758,
            -1.0246213093509213,
            0.8239808948072764,
            -0.8945075912511368,
            -0.8928367958404526,
            1.1548335086574077,
            -0.25908509930713325,
            0.30455980491081963,
            -0.2816314554426499
        ],
        [
            -0.17040238902056543,
            -0.5123118924240598,
            0.7483167342799317,
            -1.5941343986795564,
            0.4549180589526484,
            -0.46320985565289835,
            0.7265423069180083,
            0.02691369318487567,
            0.8645412896204445,
            0.06661785255473049,
            1.979603848538989,
            -0.249254698646434,
            0.2807209578837724,
            0.3950652456402209,
            0.0,
            0.8338018508951572,
            -0.18658814049378433,
            -0.49815447617834197,
            -2.0942809800106374,
            1.5011356723992415,
            1.6902525598833713,
            1.1740165356901642,
            -0.07996338457873303,
            1.0580322416564973,
            -0.8169465508094356,
            -0.4195527983507827,
            0.5699014030258988,
            -0.206785147435988,
            0.5123944468067103,
            -0.8810982829008176,
            -0.9966659586046193,
            0.31640264355428327,
            -0.04167055114563486,
            -1.1521141983721663,
            -0.53319192191486,
            0.20338827107859445,
            1.0817317734458758,
            -1.2738819202395906,
            -1.2988626504493959,
            0.023305416590745885,
            -0.4219999259280648,
            -0.7333217158148689,
            1.2008551171205664,
            0.4342732282292207,
            -1.0258409330319496,
            -0.029741588323351338,
            1.7026510666898331,
            1.0707333477655159,
            0.6958762811982786,
            1.1002494927902995,
            0.4902323581873892,
            1.9254795833549898,
            -0.26221688143721134,
            -0.9400235005668579,
            1.4704048605714934,
            0.27020698442909385,
            2.2487011158134944,
            -0.2588568344844659,
            -0.32582442175819204,
            -0.7569628628485816,
            -0.8701857798693575,
            -0.6858118169932667,
            1.004468290583212,
            -0.38267517850100913
        ],
        [
            0.07948802301499036,
            0.7423122576687838,
            -0.23744912712007277,
            0.7197409309313136,
            -0.12529980049566497,
            2.0321446222274737,
            -1.243517150623361,
            1.5166219674768284,
            1.0159467994687217,
            -1.1485757674968584,
            -1.6769827296595616,
            -1.1844914454135613,
            0.8103626654173698,
            0.6120947971112154,
            0.8338018508951572,
            0.0,
            -1.8666576431311013,
            2.1927340298192863,
            2.3579641213721545,
            -0.36948528545169745,
            0.11365247342262756,
            2.683652396394946,
            -0.7789612563302067,
            -0.2698271266924179,
            -0.681360285536293,
            -1.6263641698412243,
            0.6241120062223952,
            0.6571248639678542,
            -0.677021416756569,
            0.663667218448679,
            1.0328052780089403,
            0.32387468732006147,
            0.4518025942583231,
            -0.22851829959466777,
            0.18050568573536271,
            -1.09665500029826,
            1.333001329389042,
            -0.3139546889652859,
            1.082555301331224,
            0.1120076024235274,
            -1.845964736454588,
            -0.4284117294262774,
            -0.2383470099285603,
            -3.080628940897457,
            0.3677875576042974,
            -0.939068114010228,
            0.3173691498947443,
            1.447326480356004,
            1.0878832634826336,
            -0.8884338520652605,
            0.842318202602842,
            -0.781835467644896,
            0.688835654418689,
            -0.21733165368503934,
            1.7349368047545426,
            -0.699647199147008,
            0.42684874825296093,
            1.165947578303924,
            1.917507807139861,
            0.2493228242153001,
            0.5107628063718416,
            -0.455768106911401,
            0.9324574053663399,
            0.1262654737598865
        ],
        [
            -0.4867253261228939,
            -0.5634377149346746,
            0.8480343297485682,
            1.5687320548672798,
            0.9283878093206215,
            0.025375923794457567,
            0.010543568139061286,
            0.9218622191245246,
            0.456366418455361,
            -1.5207859388848477,
            0.1721853315186333,
            0.06241786910052536,
            -1.5255821467018136,
            0.806571388463433,
            -0.18658814049378433,
            -1.8666576431311013,
            0.0,
            -0.1580934993165044,
            0.9371607446950126,
            -0.5228305837930769,
            0.3972561096594893,
            0.5535025660727708,
            -2.2924196914413204,
            -0.67093500016638,
            0.4965787044544157,
            -1.1406322923553123,
            1.9529133235225256,
            1.657560403747168,
            -0.11955906554183605,
            1.3311416872007844,
            1.7078225960376383,
            1.0498388622831614,
            -0.6445175564033196,
            -1.2949174810338593,
            1.9818909302920433,
            -0.5561295755816233,
            0.7977256885884472,
            0.3132331717983495,
            0.6124252135778158,
            -0.5524440107744611,
            -0.6628201673832684,
            1.879577294575508,
            0.4656335982082969,
            1.276589064822754,
            -1.5007682001630949,
            0.2989948848166727,
            -1.2474168481693129,
            -0.9647845172075608,
            -0.28501877293240135,
            -0.7553574737398718,
            1.1218291655693984,
            -1.3491479540635596,
            2.0108892355978227,
            0.27504451705890576,
            0.5597576598738143,
            0.8459693308210567,
            1.8040962690049915,
            -0.9246266874633231,
            2.549878851186147,
            -0.4326493685285499,
            -0.9042072291291612,
            1.8081018952358288,
            1.3291039130651752,
            0.9916815336408462
        ],
        [
            1.875008540517643,
            0.8802707724755291,
            -0.577677717714171,
            -0.5802870767169628,
            0.5435833950202005,
            0.23363277031392632,
            0.45131563772214645,
            -0.6272470879312444,
            0.8181285215451383,
            -0.011169434411624005,
            -1.807203509880017,
            0.5829438469844989,
            -1.2381097524336249,
            -0.13014292211443274,
            -0.49815447617834197,
            2.1927340298192863,
            -0.1580934993165044,
            0.0,
            0.54921715219088,
            0.2532578987331904,
            -0.7999031541439016,
            0.2605914019402853,
            -0.825768391826553,
            -0.5132859344402821,
            0.4213862503552337,
            0.4195114770088084,
            -0.5615881578081489,
            0.36218153776072903,
            1.671581788919948,
            1.6182978376303483,
            0.10522228602282985,
            2.110050244476332,
            1.452716069271228,
            2.3580021308411694,
            -0.10758303753195005,
            1.294919333651087,
            -1.026174893189467,
            -2.7997173526224426,
            -1.4273015966900071,
            -0.23142770244180028,
            -0.5001712391230563,
            -2.345821501103396,
            -1.050932579654321,
            -0.7327116820875473,
            0.6245899654934641,
            -0.4245787839080484,
            0.26686640365458836,
            0.7323433009856563,
            -0.23495487621241412,
            -0.4026280063199761,
            -1.0686716558584024,
            0.27711392586657585,
            0.7637459926833152,
            0.5159750742147585,
            -0.022441100925051236,
            0.7348777572426258,
            -0.556650127712912,
            -0.7839155975547688,
            -0.8443059800806468,
            0.36420703938742915,
            0.13244657744966906,
            1.341079790696677,
            0.48244623237229145,
            0.08213635933260395
        ],
        [
            0.831854303862325,
            -0.2521837790992523,
            -0.3808107499372404,
            1.3825004656351942,
