{
    "N": 64,
    "id": "6aff8a85-1590-404c-a4df-3f2779d74f5e",
    "problem_type": "SK Spin-Glass",
    "distribution": "gaussian",
    "spins": [
        -1,
        -1,
        -1,
        1,
        -1,
        -1,
        -1,
        1,
        1,
        -1,
        1,
        -1,
        -1,
        1,
        1,
        1,
        1,
        -1,
        1,
        -1,
        -1,
        1,
        1,
        1,
        -1,
        1,
        -1,
        -1,
        1,
        -1,
        1,
        1,
        -1,
        -1,
        -1,
        -1,
        1,
        -1,
        1,
        -1,
        -1,
        1,
        -1,
        1,
        -1,
        1,
        -1,
        -1,
        1,
        -1,
        -1,
        -1,
        -1,
        1,
        -1,
        -1,
        1,
        -1,
        1,
        1,
        -1,
        1,
        -1,
        1
    ],
    "couplings": [
        [
            0.0,
            1.659134479316484,
            1.9938545835703556,
            -0.48228594086126503,
            -1.3187758597219992,
            -0.44548334443840554,
            1.3777337291592664,
            -0.23242141242276199,
            1.2210904400265719,
            -0.6490333733204114,
            -1.1204567294809344,
            -0.37239673091704817,
            0.5833710525765606,
            0.1125430624617036,
            -1.0277897465442274,
            0.9675042016248482,
            -0.2825335094404301,
            -0.13098044536713072,
            0.4614579890497896,
            0.8535871507915763,
            -1.165858063327723,
            0.7842064408662565,
            -0.3441387642409181,
            1.0466109284852416,
            -0.6470406619158828,
            2.2724992999298554,
            -0.8513451390223951,
            1.6335307544315745,
            -0.21305282074564114,
            -2.646962257602612,
            0.4450878294268309,
            -0.023269323540187514,
            -0.47649234735564616,
            1.015955072887071,
            0.34545414635590466,
            0.5926216590066506,
            -0.143031040921978,
            1.5307197439162736,
            0.3315721294901128,
            2.464834697298695,
            -0.8187958792306295,
            0.9843101121530701,
            0.08018353491521639,
            -2.180215220322665,
            0.7849475016431188,
            -0.7262945765640741,
            -0.44064193418648373,
            -1.3986818682695845,
            -0.19514254400784647,
            0.6016463932436714,
            0.28522066091007525,
            0.15576157935356916,
            -0.49594257772188105,
            -1.3072991586334122,
            1.358008783224957,
            0.5676613230350042,
            0.39536826353986565,
            0.33206010793373725,
            0.3529284013784634,
            0.45829297342417513,
            0.6303125145105293,
            -0.844455343710433,
            -0.31080606189046867,
            -1.3611239303126867
        ],
        [
            1.659134479316484,
            0.0,
            -0.656415596080648,
            -0.22560925643996005,
            0.5871830177146558,
            -0.9727177494240397,
            -0.4930684855726365,
            1.2470970776903878,
            -0.4056172160291254,
            -0.6315912211310799,
            -1.2593146041782963,
            1.0378341730624687,
            0.4144819192059594,
            1.6898836540430888,
            -0.2911937907378199,
            3.2391577109496184,
            -0.10477767544468232,
            1.7058315486899163,
            0.464693843061357,
            2.0996225565860445,
            0.15075921120810476,
            1.2260996208183883,
            0.24228111894216434,
            0.2979298705586509,
            0.40815702593647274,
            -2.150051372250375,
            -0.5523053859194662,
            0.6586387834788473,
            1.791658183095498,
            -1.5706539285207266,
            -0.8436028200292621,
            -1.0573955927325493,
            -1.0189302958239341,
            0.6708992767763244,
            -0.2763255444114346,
            1.4116123848738975,
            0.816064078581526,
            0.2635745443762039,
            2.283327453059103,
            0.2770106291866559,
            0.44858913459183375,
            -0.9060019604443247,
            1.9996371532430945,
            0.7478825255087912,
            -0.8806609933297229,
            -2.1426605784106103,
            -2.510379220664821,
            -0.2540128968452605,
            0.0870032545665359,
            1.0660018606599206,
            -1.3148179924212906,
            -0.6708177675193225,
            -1.6899184690394884,
            0.3753844698701753,
            -0.4925831115567599,
            -0.08354681085350356,
            -0.7964778669292674,
            1.7179014130486057,
            -0.11628387292675928,
            1.9723763380394481,
            -1.0758074110084852,
            -0.37370641629685164,
            0.20805624181958274,
            -0.8261187700268525
        ],
        [
            1.9938545835703556,
            -0.656415596080648,
            0.0,
            -1.6190711609755373,
            -0.6953384394687493,
            0.5298160063056249,
            1.0366176808042957,
            -1.5362937844711375,
            0.6530612672698839,
            0.7213535282091088,
            1.167107586749619,
            0.1374466764020998,
            -1.1835012149690636,
            -1.0862086224312018,
            0.1316346693633718,
            -1.8535379616980405,
            1.489128247836786,
            -1.8430057808492264,
            -0.7275885799916272,
            -0.04618090684062538,
            -1.2723265455656598,
            -0.35521634723773216,
            -0.767086355003466,
            1.5467932141305285,
            -0.8409035788313557,
            -0.006946056448653082,
            4.100349002074003,
            -0.9084236173470587,
            1.5205027223920344,
            0.19599564367838979,
            -0.20857629128782287,
            -0.9400828036866875,
            0.6621950045679442,
            -0.5044463755589397,
            -1.2098207029038102,
            -0.5032917363475577,
            -0.41087460915090684,
            0.6425709881571453,
            -1.0642718624849288,
            0.149181738436295,
            -2.2376328556142613,
            0.6424514324194317,
            -0.15908206039378597,
            0.8863525736237176,
            0.7310693406971143,
            -0.537391827670259,
            -0.6261799082058744,
            -0.669919897479477,
            -0.7691674680669431,
            -0.49162182392600867,
            -0.8373219995338361,
            -0.20423638718618756,
            0.7067444246382875,
            -0.34018336271744243,
            -1.1635300164646551,
            -0.6969655745104719,
            1.1843789140556666,
            0.7366411919075398,
            0.49268040064827984,
            0.1700980024966894,
            0.5778953400745805,
            1.036894411493539,
            0.39060118662490945,
            1.1822332707417658
        ],
        [
            -0.48228594086126503,
            -0.22560925643996005,
            -1.6190711609755373,
            0.0,
            0.11473369023043647,
            0.9895185612916342,
            -0.21218746206542896,
            1.2679500178839294,
            0.8362004870816843,
            0.9104897835272032,
            -1.2596565794328731,
            -0.30216604662353647,
            1.527546206098783,
            -0.9158557736694303,
            0.06767539367342132,
            -0.6886654990214808,
            0.6863881448966612,
            -0.6945762474398038,
            0.7805802713008335,
            -0.4815893851905777,
            0.8994358537638066,
            -0.06153370863094338,
            0.07711846974862409,
            -1.5857302369042623,
            -1.3155880531052426,
            -0.5674589483373736,
            -0.7480557733923455,
            1.0458269180938558,
            1.919499997456104,
            1.082496805657932,
            0.6737564949183762,
            -0.2610375336754479,
            -1.0862637774886696,
            1.0819204434884895,
            0.8853202313843992,
            -0.1601478528076454,
            -0.5723154687426139,
            -0.9627922060365687,
            -0.8740124379383499,
            0.24390304064226387,
            0.13307977621149722,
            -0.4065809537533787,
            1.5195757319451468,
            0.05695798903757735,
            -1.514980963040364,
            0.8172097115532739,
            -0.2418399491785788,
            -0.41402672606634533,
            -2.2704621020442017,
            0.9502822433074547,
            0.39030505034436336,
            -2.3565802841053456,
            1.1982241513914185,
            -0.026690723424993908,
            0.6373847935031033,
            0.16573819973141438,
            -1.1222920838248496,
            0.5536606065012787,
            0.04771905940942303,
            0.25479423460254813,
            -2.3194833137080764,
            -0.12180901603975236,
            0.7116324865486111,
            -0.3726136151287702
        ],
        [
            -1.3187758597219992,
            0.5871830177146558,
            -0.6953384394687493,
            0.11473369023043647,
            0.0,
            -0.32270384788152917,
            1.910458085334801,
            0.2590028414387397,
            -1.3109111275964758,
            0.13873024796176495,
            -0.5471630336968218,
            -1.3875374605527178,
            -0.462988874500207,
            -0.13588887340423486,
            -0.09242212743904415,
            0.7573924228402903,
            -0.8943693085833744,
            -1.4673609504718574,
            0.21027121408428504,
            0.02468670734089298,
            -2.3003264449196736,
            -0.1601195171444087,
            0.7323897469387317,
            0.6027313229900413,
            -0.7131466285723443,
            -0.32861723452452746,
            -0.14925696355417475,
            0.5508724731196943,
            -1.1272000531000046,
            -0.4075037836193859,
            -0.12164370812287545,
            -0.6875944084895957,
            1.4291830382948882,
            -1.8896317602287196,
            -1.3906918824513697,
            -0.03489771844037775,
            -0.5804070750933013,
            -0.10277338472255443,
            0.06967103339997457,
            1.4210918727071462,
            -0.4567419932657677,
            1.65572569325471,
            0.7448419431055955,
            -0.34689238562175867,
            0.24526279878229,
            -1.1309651574446005,
            -0.5743889828066567,
            -1.4308019544190262,
            -0.09665851003023597,
            0.08044459684218055,
            -0.7346039599173745,
            0.46264613977210034,
            1.5287817048266992,
            1.829288609706575,
            0.2591038184159611,
            0.8662950768541028,
            -0.9759355420987949,
            0.01566876662087862,
            -0.43315433414543314,
            0.5857492733832044,
            0.32835489189318257,
            -0.2568093500987305,
            -0.8024188812558612,
            1.7223722597387547
        ],
        [
            -0.44548334443840554,
            -0.9727177494240397,
            0.5298160063056249,
            0.9895185612916342,
            -0.32270384788152917,
            0.0,
            -1.3830873863401951,
            0.09351970117599293,
            0.29305931660336687,
            -0.7595438775711593,
            -0.40907093834018765,
            -1.4315835378259938,
            -1.2953199488064453,
            0.3917303674609453,
            -0.8552536638481613,
            0.9276537329413462,
            0.5973749197957893,
            0.34338282077361343,
            1.514459284503166,
            -0.334997496462915,
            -2.13968734007313,
            -1.7447903360768018,
            -1.0079946331645955,
            0.22492801687602107,
            0.5946550233753052,
            -0.5712992309383104,
            1.6763587611256112,
            1.01855895192771,
            -0.09122293387971095,
            0.42210475993272034,
            0.33227661062366326,
            2.060098194698487,
            -0.9623877371289409,
            -1.1709954729608811,
            0.6215624255276112,
            -0.8028737319344813,
            -1.6945922725784923,
            0.41100227235863324,
            -0.41768263357275426,
            0.48180116035321596,
            1.195274088258712,
            -0.5885827233735077,
            0.6137132323973578,
            -0.008925026363239812,
            -0.014385191793607961,
            -0.6585951462939018,
            0.6681996693030983,
            -1.1493747686862932,
            -0.22975813416387972,
            0.36193262565062956,
            0.05925662850820812,
            -0.05568806047234759,
            -1.167773377920096,
            1.0954308912024524,
            -0.6632092619827037,
            -1.5754126691088302,
            0.01852353362371603,
            1.5603771747546602,
            -1.3572336255870645,
            0.023590397925703267,
            -1.986067842863775,
            2.832951364617354,
            -0.7042682230902557,
            0.2558341462031892
        ],
        [
            1.3777337291592664,
            -0.4930684855726365,
            1.0366176808042957,
            -0.21218746206542896,
            1.910458085334801,
            -1.3830873863401951,
            0.0,
            0.5153102466024165,
            -0.07224947726847458,
            -1.7728960952286952,
            1.021119549136461,
            -1.699170820556975,
            -1.023055389292727,
            0.813504638636233,
            0.4963625290093217,
            -0.9679856830017369,
            0.9436714307382406,
            -0.013371188536645493,
            -0.6183574103015956,
            -0.34377276146711794,
            0.4186094123226998,
            1.0298389766239862,
            0.8428804807703145,
            -0.5560200748747874,
            -0.7870882672542944,
            -1.2796611916400675,
            1.2817725057498037,
            0.06401870478102033,
            0.9703971438397385,
            0.23931386763062276,
            0.6202347125778065,
            -1.271612457403353,
            -1.0925160781913603,
            -0.6650406582858863,
            0.45582188378905786,
            -0.9197498323155894,
            0.2809355465221777,
            0.528207547354734,
            1.0273152452461838,
            -1.5071073222208182,
            -0.4244553055651815,
            -0.11941922970046799,
            -0.8527142719443328,
            0.17881382291511463,
            -0.6479958890676342,
            -0.7976336957827813,
            0.1465943912569703,
            0.5961246215250557,
            -0.10489700224728503,
            -0.3364790169400852,
            -1.2946418238590194,
            -0.4009248052628723,
            2.020702166133565,
            1.120273888411513,
            2.7420601342223856,
            0.7921122517504571,
            -0.4066570719482908,
            -1.774788499404538,
            -0.9792761151293148,
            -0.2605351474441157,
            -0.9253723106787103,
            0.09862486247685312,
            0.19954156076936574,
            1.6922598670475588
        ],
        [
            -0.23242141242276199,
            1.2470970776903878,
            -1.5362937844711375,
            1.2679500178839294,
            0.2590028414387397,
            0.09351970117599293,
            0.5153102466024165,
            0.0,
            -0.8063741718502785,
            -1.4409292486477219,
            0.3679882200590305,
            0.5007276385604309,
            -0.44357998167294815,
            1.62492981417931,
            0.0010017160334940163,
            0.6669384597846697,
            -0.1995937580504881,
            0.5526466825905727,
            -0.9921538846683108,
            -0.8777931629859337,
            -0.9463651263516486,
            -0.7528622758099368,
            0.8465386076355552,
            0.6842184730018688,
            0.3016094707554874,
            -1.493378763752405,
            0.08391414546168872,
            1.3093884812877343,
            0.5870829972847031,
            0.5935871665571748,
            0.1927266321668386,
            0.9794129304514445,
            -0.7199394354079136,
            -1.7718053228876294,
            0.9382068699206144,
            -0.1494797571411138,
            -0.2499287999330216,
            -1.077447874351716,
            -0.05451541867708375,
            0.36619724833055867,
            -0.32461483465526564,
            1.201056596954745,
            1.319703501793858,
            0.5995433273385339,
            -0.7623364142711624,
            -0.6259808448077993,
            0.634750616393416,
            1.1256595254875277,
            1.5620015383467403,
            -2.714084162710026,
            -0.7031985829049665,
            -0.3801974573893287,
            0.41080455862941817,
            -0.07937019517523043,
            -1.8459398124604387,
            1.510046548757856,
            -0.1394719135934275,
            1.3809582152025863,
            -1.2488522766053693,
            0.585028666952443,
            1.0317226107902913,
            -0.8016924639707517,
            1.7497876252634992,
            0.6669409391441653
        ],
        [
            1.2210904400265719,
            -0.4056172160291254,
            0.6530612672698839,
            0.8362004870816843,
            -1.3109111275964758,
            0.29305931660336687,
            -0.07224947726847458,
            -0.8063741718502785,
            0.0,
            -0.33180565401811785,
            -0.7736559140006772,
            -1.6600276924721316,
            0.031499290729690446,
            0.0036845789669843385,
            -1.042897509150141,
            -0.46600510951853824,
            -1.2259973028765068,
            -0.707301618678866,
            0.9138163054873198,
            -0.20972453986286746,
            0.3084264091326999,
            -0.5306496695468842,
            -0.6269435234720896,
            -1.642616843488154,
            0.11524586247694692,
            -0.017130157512201497,
            -1.0635236694940944,
            1.5559495575051108,
            -0.5998385134543369,
            -0.15920482975609135,
            0.30461641068733464,
            -0.20329586164352115,
            -0.03962679636410869,
            1.1028523140163162,
            0.20459002906852258,
            1.7785129989933681,
            -1.13741733037038,
            0.8515284185688697,
            0.5420939593665433,
            -0.04027207281694948,
            2.2374733921052963,
            -0.8219758388973035,
            1.854420749367292,
            1.5729051419325941,
            -0.19575234915417727,
            0.40891212001100635,
            0.859437394138734,
            0.8980245134726306,
            -0.875415503687159,
            -0.24060136377115696,
            -0.3474182543056743,
            3.0527501105336783,
            0.48081027417765615,
            -0.5255221806761153,
            -0.11511860906287891,
            -1.083526789821229,
            0.11849516358944061,
            -0.31427104561063335,
            -0.8278670575648076,
            -0.6819210521155693,
            0.6266970398457615,
            0.9786584986864076,
            0.2216533667096503,
            -0.6876362152937792
        ],
        [
            -0.6490333733204114,
            -0.6315912211310799,
            0.7213535282091088,
            0.9104897835272032,
            0.13873024796176495,
            -0.7595438775711593,
            -1.7728960952286952,
            -1.4409292486477219,
            -0.33180565401811785,
            0.0,
            0.4423436937447368,
            -0.6463273630712164,
            0.13699021265906958,
            -0.7622274994804377,
            -0.41498813306030374,
            -0.3045700804994949,
            -2.615513948736978,
            0.33631290333714947,
            -0.16917935681740925,
            -0.4998111079668794,
            1.0550165033358785,
            0.2509033206624938,
            0.44197985554791236,
            1.256551467035495,
            1.343750811445955,
            0.3032862235291814,
            -0.12185435671841442,
            0.21241277884893164,
            1.1467365645843028,
            -0.15797396417236206,
            -0.4688318910766578,
            0.28233962127386436,
            -1.21629166548424,
            0.6238826565451769,
            -0.898900310668526,
            -0.06571419334547644,
            0.46917904826161944,
            0.8637882935516074,
            -0.29685221047105,
            -0.5173309386170577,
            -0.09816789957742171,
            -1.6190165111675512,
            -0.6730924612146334,
            0.369782808608914,
            0.007993512735985215,
            2.403550167672497,
            -2.718963765403842,
            0.3150534195847449,
            -1.0492941413844665,
            -0.06897480397581428,
            0.9058287009032884,
            0.8519859407266436,
            -1.1543465963751036,
            -0.19919476010842294,
            -0.4366723916517393,
            0.24335500323547987,
            0.8500502991116752,
            1.8892923228081753,
            0.8720670247825868,
            -0.2550283415028803,
            0.5476031737465086,
            0.5813938870104857,
            0.9001571875862361,
            0.11983649530602593
        ],
        [
            -1.1204567294809344,
            -1.2593146041782963,
            1.167107586749619,
            -1.2596565794328731,
            -0.5471630336968218,
            -0.40907093834018765,
            1.021119549136461,
            0.3679882200590305,
            -0.7736559140006772,
            0.4423436937447368,
            0.0,
            0.7237582000342664,
            -0.3390502252448919,
            -0.28896232748090295,
            -0.644779490581793,
            -1.088347040355671,
            -0.5314927184005847,
            1.0952231777245807,
            1.3102618637745294,
            0.7292488894781881,
            1.1920471474652772,
            -1.515018758007776,
            1.8464097201516618,
            1.3633669354818612,
            -0.05066439952263584,
            -0.859451020223837,
            0.18243974745692723,
            0.9586536423562007,
            1.1991547758121033,
            0.11194269014733173,
            0.5108245683909196,
            0.7271040791939423,
            0.8869598580794852,
            0.33087639687786563,
            1.6825902430878816,
            0.28312612156971445,
            0.04720364789137192,
            -0.7806496208888605,
            -0.4398009645958708,
            0.5830619436842048,
            0.6273790692902371,
            -1.3464101075689692,
            0.3905750677268185,
            -1.2488659916228997,
            0.12318846991804094,
            0.9014813882613809,
            0.9635823473724627,
            0.1151931995372011,
            0.40888100439095426,
            0.03985180737620995,
            -0.7700568920124202,
            -0.3549090804574626,
            -1.7696511948984244,
            -0.4290429606038575,
            0.658346878158364,
            0.596078784343793,
            -1.2033401521984681,
            -0.4659541721654662,
            -1.1642195213092126,
            1.1160408941380688,
            2.3723756192263505,
            -0.8334127121979752,
            -1.0976150782956835,
            -0.27219066131357783
        ],
        [
            -0.37239673091704817,
            1.0378341730624687,
            0.1374466764020998,
            -0.30216604662353647,
            -1.3875374605527178,
            -1.4315835378259938,
            -1.699170820556975,
            0.5007276385604309,
            -1.6600276924721316,
            -0.6463273630712164,
            0.7237582000342664,
            0.0,
            -0.43375685553627685,
            1.5132281875105225,
            -0.1038469194446851,
            0.5910230076751339,
            -0.6008503520442056,
            0.35669233074732326,
            1.3252731837152345,
            1.2301644358319348,
            0.25331988530908406,
            1.0301217412085244,
            0.6670466382857732,
            0.456387712177911,
            0.32894276469411377,
            0.7471439479957822,
            -0.6743862271988541,
            0.5780739803393218,
            -0.14089980639252556,
            1.016650892594886,
            -0.5191858720184553,
            0.07127417371984854,
            -0.9848783019942886,
            1.7673710354408436,
            0.8508797844763194,
            0.24969789928229497,
            -1.959304078413047,
            0.419382473940869,
            -0.22403022632529332,
            -0.4744085963577369,
            0.23449031542448492,
            0.40273463556572986,
            -0.3720581280212959,
            0.08639800493929657,
            -0.46846461808569434,
            -0.9595313577880192,
            -1.049522714662603,
            0.17868241401382667,
            0.3274521213086207,
            0.7959853848435198,
            -1.1545863272412353,
            1.3856530634811206,
            -2.2211233804285873,
            -0.9639467962409055,
            -0.07068470607090763,
            1.184299967482388,
            -0.10773236312063114,
            0.06426539600039366,
            -0.5230311209797337,
            0.2829686771559324,
            -0.171487488795094,
            0.4326821467193894,
            -0.9154398234442344,
            0.284151312913127
        ],
        [
            0.5833710525765606,
            0.4144819192059594,
            -1.1835012149690636,
            1.527546206098783,
            -0.462988874500207,
            -1.2953199488064453,
            -1.023055389292727,
            -0.44357998167294815,
            0.031499290729690446,
            0.13699021265906958,
            -0.3390502252448919,
            -0.43375685553627685,
            0.0,
            -0.6510504892528807,
            -1.1843745357562185,
            0.05583519459534855,
            -0.36609964287149677,
            -1.066393751935436,
            -1.045569175433182,
            -1.2700495060873596,
            1.0535637788572911,
            0.7167914741078658,
            -0.5047274068723016,
            -1.2381033779033825,
            0.08699182285824958,
            1.2824242335586593,
            0.3992253460280693,
            0.11146037385625344,
            0.8365945332478215,
            0.09217572247073902,
            -0.7735626652017702,
            0.8089286827806418,
            0.5528044623771001,
            -1.7706740375624699,
            0.6125345719998859,
            -0.18162238365415465,
            2.484685432662789,
            2.5595433449271923,
            -0.43911559446131904,
            1.5649839894651718,
            -0.6245203904579101,
            -0.755394962828517,
            0.1421988109192801,
            0.754837917658967,
            0.5935753751292638,
            0.02404844932978161,
            -0.5272909116053097,
            -0.42635486927650285,
            -0.7373151073785471,
            -0.08984336202800303,
            -0.5973756517296951,
            0.2615817957871941,
            -0.49677942259759783,
            1.8658183441911516,
            -1.7265284460698398,
            -0.7852029467061193,
            1.777397143669665,
            -2.1680053577266856,
            -0.2602736635189838,
            1.6731203188905794,
            0.3315412689084694,
            -0.6475898858329066,
            -0.25842639714341303,
            1.5184036341495788
        ],
        [
            0.1125430624617036,
            1.6898836540430888,
            -1.0862086224312018,
            -0.9158557736694303,
            -0.13588887340423486,
            0.3917303674609453,
            0.813504638636233,
            1.62492981417931,
            0.0036845789669843385,
            -0.7622274994804377,
            -0.28896232748090295,
            1.5132281875105225,
            -0.6510504892528807,
            0.0,
            -0.3784087692506744,
            1.408399961867651,
            0.9232897598038193,
            -1.4404772584695755,
            -1.2885227948016433,
            1.100129605487225,
            -0.07204553348226053,
            1.0195891198063645,
            -1.2178362628895276,
            1.3267920504883894,
            0.05861601158557387,
            0.32678725564923,
            1.0348768331403226,
            0.080854411132886,
            1.0561910384081907,
            0.49378321388010854,
            -1.7457013371276286,
            0.1580853378693401,
            1.3985566935317433,
            -0.2172089344445986,
            0.5924100110786584,
            0.1816823397552941,
            -2.101955307396139,
            -1.666815132774144,
            1.163267770723191,
            1.0837610920854466,
            -0.8533572287742611,
            0.08177475862138311,
            0.3559457545674831,
            0.14722119627596666,
            -0.3686924021445138,
            -1.0938474645274288,
            1.0696440241460092,
            -0.630473424123726,
            -1.7519943305092556,
            0.8222615981920044,
            0.756609872649218,
            -1.148931935403004,
            -0.343020259875548,
            -0.8381281935931761,
            -0.6605968154300993,
            1.0608036786166113,
            0.4037182752540594,
            -1.0933263311399894,
            -1.1656667585407696,
            0.3861750676096062,
            0.051922775327156466,
            -1.3388523492411712,
            0.018341986930748205,
            0.1454826993393826
        ],
        [
            -1.0277897465442274,
            -0.2911937907378199,
            0.1316346693633718,
            0.06767539367342132,
            -0.09242212743904415,
            -0.8552536638481613,
            0.4963625290093217,
            0.0010017160334940163,
            -1.042897509150141,
            -0.41498813306030374,
            -0.644779490581793,
            -0.1038469194446851,
            -1.1843745357562185,
            -0.3784087692506744,
            0.0,
            -1.1845351672239786,
            1.2115188893028448,
            -1.438903011596702,
            -1.29409003542581,
            0.2204148729877105,
            -0.14332220586125818,
            -0.49088936553646934,
            1.9564851279177904,
            -0.3748559574024978,
            -0.5521419984706005,
            0.8781471323459042,
            0.12626401193113648,
            -0.21990979244661144,
            -0.5531974718331395,
            -0.8576238404642069,
            -0.1625121372851913,
            0.23593999043141095,
            0.43298328351379406,
            1.3350044046840235,
            -1.2037203392817075,
            -0.04653811186923462,
            0.5367775594390257,
            -1.2519989409107897,
            -0.19093354795926137,
            1.11757417188333,
            0.7304040724679468,
            -0.15041423982016291,
            -0.25142542988642463,
            -1.5021607312736576,
            -0.10798796546296506,
            0.7506713682145012,
            0.9527357971721444,
            -0.7099278712514019,
            -0.1579740440411025,
            1.4551691150660575,
            0.5138966743803428,
            -1.9647035838851554,
            -0.9021711930290863,
            0.11819465752984162,
            1.0667507389266402,
            -0.8342332400689907,
            -0.2800427595784169,
            -1.854339079148374,
            0.4007000834845577,
            1.7240408909498763,
            -0.9123670536866341,
            0.006569847498098149,
            -0.674636027270609,
            0.6478842398246313
        ],
        [
            0.9675042016248482,
            3.2391577109496184,
            -1.8535379616980405,
            -0.6886654990214808,
            0.7573924228402903,
            0.9276537329413462,
            -0.9679856830017369,
            0.6669384597846697,
            -0.46600510951853824,
            -0.3045700804994949,
            -1.088347040355671,
            0.5910230076751339,
            0.05583519459534855,
            1.408399961867651,
            -1.1845351672239786,
            0.0,
            0.011740210752292786,
            -0.5325968135470247,
            -0.9823781462786195,
            -0.09218027932766017,
            -0.8055609090207362,
            -0.5056267372149429,
            0.22160378492398092,
            -0.18623541528048193,
            0.14655469069342575,
            -2.2442335313398734,
            0.7731248490246573,
            -1.0163884384608295,
            -0.37330508446881067,
            0.04305314486934431,
            -0.5692258073194191,
            -0.6859059049327649,
            -0.37922577848208977,
            2.213878409050348,
            -0.18459504688226833,
            0.2793456863439718,
            1.0310330853341085,
            -0.33249473623489,
            -0.4284937232552114,
            -0.1201043433698752,
            -0.14199753392118458,
            0.5068577514794139,
            0.18841128995216433,
            1.1182821031282675,
            -0.48586063081630004,
            -1.0303708890191263,
            0.693603154571325,
            -1.3056350403423775,
            1.6285635348677177,
            0.6801376201007164,
            0.4161912572342764,
            -0.9899598940904878,
            -0.5689375139177651,
            0.9884400822249366,
            1.3478365219197854,
            0.25508955067945677,
            -0.7305729415685877,
            0.9597409367833339,
            -1.2595431721500283,
            0.761747550654054,
            0.47790182413960663,
            1.3504891489964865,
            -0.3250537732450203,
            -0.27605190963297466
        ],
        [
            -0.2825335094404301,
            -0.10477767544468232,
            1.489128247836786,
            0.6863881448966612,
            -0.8943693085833744,
            0.5973749197957893,
            0.9436714307382406,
            -0.1995937580504881,
            -1.2259973028765068,
            -2.615513948736978,
            -0.5314927184005847,
            -0.6008503520442056,
            -0.36609964287149677,
            0.9232897598038193,
            1.2115188893028448,
            0.011740210752292786,
            0.0,
            -0.26468845299180876,
            0.6047130039254911,
            0.8142313925899201,
            0.8696171885166138,
            -1.4915873068746779,
            -1.5163355840003905,
            -0.928405557079916,
            -1.976730830468835,
            0.9665920400687493,
            0.4041649442564161,
            -1.1258349455915397,
            -0.580684688761251,
            -0.47366301279861395,
            0.7007891106388386,
            -0.2811229638966954,
            0.67551715061577,
            -1.6307797456146553,
            0.9813988480036276,
            -1.523546471856146,
            -0.8773310609024777,
            1.5955762875861585,
            0.9714293251614154,
            2.059525086987736,
            0.81086393138964,
            0.43583766585309713,
            -0.13695365303055976,
            0.7525549217659872,
            0.186172743092867,
            -0.39315971342048145,
            -0.34711249737983463,
            0.4961346544943617,
            0.13857719470949928,
            -0.328600532404579,
            -1.194233563805649,
            -0.1809119738449892,
            0.8249020569583465,
            1.1127472465267338,
            0.2932648806947625,
            0.6441191067679352,
            -1.318934343245444,
            0.010235172657035087,
            0.931962210446661,
            -0.24362778988919845,
            -0.8595495136090265,
            1.121248578774011,
            0.10599218531468889,
            0.5147852634472472
        ],
        [
            -0.13098044536713072,
            1.7058315486899163,
            -1.8430057808492264,
            -0.6945762474398038,
            -1.4673609504718574,
            0.34338282077361343,
            -0.013371188536645493,
            0.5526466825905727,
            -0.707301618678866,
            0.33631290333714947,
            1.0952231777245807,
            0.35669233074732326,
            -1.066393751935436,
            -1.4404772584695755,
            -1.438903011596702,
            -0.5325968135470247,
            -0.26468845299180876,
            0.0,
            -0.8189156445581474,
            -2.515859549666637,
            -0.10079011505726308,
            -0.9456949004640484,
            -1.7085139308947288,
            0.40507481061495326,
            0.7568494339328694,
            -0.12473831635992273,
            -0.3404205423329342,
            -0.3169911049382878,
            0.7881336657132297,
            0.9629885120578325,
            -0.7676190809179968,
            -0.5614142470741682,
            0.15962709398306596,
            -0.5021168487932313,
            0.1538164783427207,
            -0.058152639712731095,
            0.9284399697917541,
            -1.1301136435453796,
            -0.7055429073579527,
            0.47316503609077476,
            -0.04887907208564198,
            0.05896704835243369,
            0.40011768268325526,
            -0.7209135886016743,
            0.9806106863265891,
            -0.6484673467390482,
            -1.8656369282304728,
            -0.34064286161643936,
            -0.2526621475854346,
            1.0521011319448303,
            0.9464353072230506,
            -0.1115378709526327,
            -1.0959212385905752,
            -1.5468114906119719,
            -0.061308048157756534,
            -0.1356251680377683,
            0.3934420005989981,
            -0.6178572485591343,
            0.48053275106797494,
            -0.20394048991560856,
            0.31543583083303833,
            -1.2891594213209632,
            2.0361192846381133,
            0.150190821981968
        ],
        [
            0.4614579890497896,
            0.464693843061357,
            -0.7275885799916272,
            0.7805802713008335,
