{
    "N": 64,
    "id": "7deaee49-b13b-40ff-9cbb-c7ebd3a17a60",
    "problem_type": "SK Spin-Glass",
    "distribution": "gaussian",
    "spins": [
        -1,
        -1,
        -1,
        -1,
        1,
        -1,
        1,
        1,
        -1,
        -1,
        -1,
        1,
        -1,
        1,
        -1,
        1,
        -1,
        1,
        -1,
        1,
        1,
        1,
        -1,
        1,
        -1,
        1,
        1,
        1,
        -1,
        1,
        1,
        -1,
        1,
        -1,
        1,
        1,
        -1,
        -1,
        1,
        1,
        1,
        -1,
        1,
        1,
        1,
        1,
        -1,
        1,
        1,
        1,
        -1,
        1,
        -1,
        1,
        -1,
        -1,
        1,
        1,
        1,
        1,
        -1,
        1,
        -1,
        -1
    ],
    "couplings": [
        [
            0.0,
            -1.935556425684497,
            -0.8242396065161588,
            0.25244106442448105,
            -0.28324922077873615,
            1.5114089078547215,
            -2.1824508449208415,
            0.5325761249392195,
            0.19111406482036605,
            1.481420303021701,
            -2.525565695110221,
            -0.7690449024106011,
            0.5304170978974889,
            -1.1157011131958947,
            -2.5500837454242222,
            -0.27198303296710824,
            -0.8131839637564353,
            -1.3790678631327111,
            0.3549023059759162,
            0.5641182531998196,
            -0.43852754871921357,
            0.56263183897953,
            -0.438824067961737,
            0.18152209569910985,
            -0.40869626331046965,
            1.390359763711136,
            -0.24016743272571528,
            -1.9069075036291168,
            1.4932708807667847,
            -1.7100922801534033,
            2.610019974195287,
            0.318628059874217,
            0.17978283666726014,
            0.8135013463457064,
            -0.46152812878743266,
            0.15732670721760825,
            -1.4366212383481487,
            0.004181626970206832,
            0.4908267878698345,
            -0.3377057574802072,
            0.005189459453893371,
            1.2041599335335162,
            -1.0216592913070788,
            -1.9459607289821765,
            -1.9695398717968362,
            -0.3214133668636948,
            -0.3221516712436768,
            0.4653391167147516,
            0.7144369364037101,
            0.03992220720827023,
            0.9169456623849245,
            -0.4405771492121755,
            -0.5147900089369328,
            1.996728274577462,
            1.292084397252548,
            0.63646133845445,
            -0.17001188929120695,
            -1.2539303602148097,
            0.5847109982274966,
            -1.3058538591831275,
            0.316012677241146,
            -1.2168865487099898,
            -0.6370485358925746,
            0.4963762240907962
        ],
        [
            -1.935556425684497,
            0.0,
            0.5342640775279116,
            -0.6430441711431896,
            1.633315129635116,
            0.2855696044896981,
            -1.4019927629905304,
            -1.1108311706535712,
            -0.017687213424559874,
            -0.4438189641737063,
            2.825789191968842,
            0.21302453990524386,
            0.25048837938225327,
            0.7956075279325606,
            -0.7655663546572886,
            -2.1220375867856998,
            0.4920135928786367,
            1.7417254073782764,
            -0.7347176723035808,
            0.7224797144825055,
            0.7386465389873436,
            0.5136968462494059,
            0.5179045245627937,
            -0.48836322560082757,
            -1.7219193490917648,
            0.039680912610038845,
            0.3186642843106497,
            -1.0734807979858196,
            0.5415659235788527,
            -1.0988266331145264,
            0.9082706511701041,
            1.0474706107287137,
            0.6720379800418991,
            -0.09421688070681894,
            1.5665297689599906,
            1.4230430981537816,
            0.6688963816039606,
            -1.4057916922308087,
            0.06834199892677574,
            -1.0038117987439612,
            -1.352241059867221,
            0.3458099558775334,
            -0.22595996763811968,
            0.03768702963615442,
            1.1451696791564627,
            -0.3960159693558754,
            -0.2638260859580666,
            0.6774147189733033,
            0.5225343294394903,
            -1.353721399473295,
            0.3259892661578655,
            1.242930064154951,
            1.0406085050524811,
            -0.18299203084272367,
            0.9583851512074776,
            0.05465829096943517,
            1.8402428237521962,
            0.09293458884271195,
            -0.3436265108662636,
            -0.060429697140082256,
            -0.22402140226654757,
            0.9755554539009118,
            -0.45304941212841765,
            -0.8021928176530003
        ],
        [
            -0.8242396065161588,
            0.5342640775279116,
            0.0,
            -3.1008646243469435,
            1.688524426209715,
            0.8169645258896291,
            -1.3495692445384349,
            -0.3749613444303943,
            -0.40495798795484633,
            -0.3695513549381666,
            -0.6174966708815626,
            0.2890079296767708,
            -0.6339007342234584,
            1.3198659091543044,
            1.0753468885497364,
            -1.3890469676219825,
            -2.3766099379984778,
            0.9074708946885356,
            -1.252455271089555,
            -0.154741153369431,
            0.39561700210002837,
            -0.5599958055275359,
            0.5207873899567852,
            -0.8447203154153445,
            -0.6471524825581083,
            0.05344904740046295,
            -0.8064509816508181,
            0.2260487249363112,
            -0.5485022310644984,
            0.8712249483313019,
            0.2489615430646572,
            1.4395206753482368,
            2.3310999031083557,
            -1.33003323534678,
            0.6553034307364063,
            -0.05721908188754065,
            -0.4344243204677358,
            1.4280198852095385,
            0.07758043970224911,
            0.22619475203490794,
            0.30190370406841116,
            -0.5956836222642755,
            0.4296435710692074,
            1.1652305862510257,
            0.4550511269709687,
            1.2965443508129377,
            -1.922546117758282,
            -1.7994207216648404,
            2.180200963453305,
            -0.5909169732184437,
            0.8600629662453924,
            0.6238216011127883,
            -0.06398673518094858,
            0.007325356467483695,
            -1.723285246827206,
            -0.29784484498469943,
            0.7844577856428704,
            0.21627609249797639,
            -0.8239536172736969,
            -0.2624869716121803,
            -0.09992525043807554,
            -0.3381339694922004,
            1.2129678764595935,
            1.2860085828263406
        ],
        [
            0.25244106442448105,
            -0.6430441711431896,
            -3.1008646243469435,
            0.0,
            0.1744678131269773,
            0.07054804712629964,
            -0.6144551558352219,
            -1.0280138131324645,
            -0.22679988326543316,
            -0.4174622106788023,
            0.6022922444807018,
            -0.6682732827486727,
            -0.10227891937676051,
            0.8775973143353684,
            -0.04791797649231497,
            0.1827946473105967,
            2.022494949721178,
            -0.7245124027472069,
            -0.04859708240735029,
            -0.1804868629231953,
            0.1844079070270274,
            1.0922471393499928,
            -0.2448600566533467,
            1.0401415278213137,
            -0.3789907873918445,
            0.08321741434374604,
            1.3191479375120687,
            0.6946386412760459,
            -0.27824444673973264,
            -0.10948783582515126,
            0.19293494393721808,
            -0.8864643845734489,
            -0.24403705863393163,
            -1.6387820035835883,
            -0.39179430639850743,
            0.4255835462988629,
            0.34813258546246206,
            0.11737132380499544,
            0.9253986389062063,
            -0.25497298619958136,
            0.6023192317797689,
            -0.9349716643832557,
            0.4190116329141651,
            -1.2575086392986463,
            -1.8113209069009033,
            0.10765057052058355,
            -0.5707299690677334,
            -0.48718992475409373,
            -0.21940693306697642,
            -0.12993823932478715,
            0.030129170469823417,
            0.26783460375081153,
            0.25873088336594957,
            -1.0550146534537694,
            0.7661417211771362,
            1.1407009029316346,
            0.6044468649613792,
            0.7790263084160725,
            1.0963955236064487,
            0.2467006551709064,
            -0.05863809288528331,
            0.28713095910969744,
            0.10584642650846413,
            -0.7864407099568653
        ],
        [
            -0.28324922077873615,
            1.633315129635116,
            1.688524426209715,
            0.1744678131269773,
            0.0,
            0.8783863028384693,
            0.10784934463585645,
            -0.2545626866266746,
            0.8434204266451902,
            0.6008325840780602,
            0.5901060708880315,
            -0.9124963324384939,
            0.531403862950999,
            -0.40838530753388885,
            -0.786896606467867,
            -0.2449776270139735,
            -0.3664119781019705,
            0.4494254091918884,
            -0.25103520893211134,
            0.06295235729784547,
            -0.12661709047969905,
            -0.7387052108111589,
            1.623499583621412,
            -0.7462410341406305,
            0.4203342525132945,
            -1.9209137055809025,
            -0.5165991691787043,
            -1.7790537720649282,
            -0.9674935964196281,
            -0.15242199986925078,
            -0.35939758499837704,
            -0.14493285245267598,
            -1.6033451405588892,
            -0.20542931062110928,
            1.7565940914767268,
            -0.05873966170818985,
            -0.3842608159373976,
            -1.2903626704062914,
            0.7000185711682362,
            -1.447126243392368,
            0.9836268797241436,
            -0.9750297015824722,
            -0.18334343674069462,
            0.8840068729883718,
            0.09399587080701007,
            0.31761545180143647,
            -3.314816690177591,
            -1.3121326276926144,
            0.3497399741122583,
            -0.22584579735389157,
            -0.232976540836031,
            -1.3148438828982982,
            0.47130974913989365,
            -0.7345666535354081,
            0.476067380260511,
            0.4110542827516714,
            0.7570816497283157,
            -0.4971257962296798,
            -0.8281704630886233,
            -1.8410904043327985,
            -1.5312312442690958,
            2.243388218890893,
            1.3061331403316279,
            0.6870399009074911
        ],
        [
            1.5114089078547215,
            0.2855696044896981,
            0.8169645258896291,
            0.07054804712629964,
            0.8783863028384693,
            0.0,
            -0.1474989297921749,
            1.5359625215958435,
            1.9947756963668195,
            -1.2793852937684,
            0.8029548493825893,
            0.7208555681609689,
            -0.36775153282315537,
            -0.5810640669527855,
            -0.44592155432554514,
            1.0791793276601878,
            0.46122606139973144,
            1.6857902406460967,
            -2.151744883919444,
            1.3610280494544544,
            0.8711584667899183,
            -0.4044133298158269,
            1.9335111041138946,
            0.0916379202158237,
            -0.08911770860777728,
            0.6386009332118905,
            0.32085227375032627,
            -0.678438230005751,
            -0.8627673243040278,
            -0.36255029695714475,
            1.8676875693109045,
            1.1684255283763285,
            2.048317380200875,
            -0.07263684611751725,
            0.18251155062980373,
            -0.9315597874490728,
            0.3139031130824731,
            -0.2457010806147819,
            -0.7144405612086856,
            0.6181397891718586,
            -0.6227297782568795,
            0.6432588471493973,
            -0.9781501683726108,
            1.079275771723432,
            -0.12832126225077314,
            0.6583055377537009,
            1.2563969195348603,
            2.448867861889712,
            -0.0818875462056274,
            -0.4071262147425233,
            -0.8163448242610882,
            1.0371215198632902,
            1.3786162155854176,
            0.3028606796658029,
            1.4171784583560405,
            0.2728877874090623,
            0.9807990837508448,
            -0.44585532006476286,
            0.7752288605284852,
            0.3252698178260804,
            -0.15974550755504896,
            -0.40999677137270646,
            0.03523740815649865,
            0.07396583616622095
        ],
        [
            -2.1824508449208415,
            -1.4019927629905304,
            -1.3495692445384349,
            -0.6144551558352219,
            0.10784934463585645,
            -0.1474989297921749,
            0.0,
            0.670591430059298,
            -1.2743072691232737,
            0.8465373946236523,
            0.19336643774818518,
            0.8785281866491755,
            -0.8023049917223434,
            -0.7122110846340503,
            -2.2844143603431504,
            -0.8567102222068536,
            1.0985388654619885,
            0.30347696484998443,
            0.5454555565707797,
            0.7726006262612678,
            -0.48022129313933837,
            -0.6457300815827752,
            -0.16345976303167037,
            -0.04552302132184054,
            -2.5519879324535193,
            2.5152774484994436,
            -1.5216826249749325,
            2.2828669778511927,
            0.6316218539293289,
            0.5937294143342625,
            0.038517911852853574,
            -0.962142865822969,
            2.3844406050533102,
            -0.9694385039259754,
            0.1789742766833168,
            0.46443061180676287,
            -0.9849987028423987,
            0.7332236479351781,
            -1.0415223086810006,
            -0.1497649998033326,
            -0.7516489787609963,
            0.8734820053602022,
            -0.6005738010244449,
            -1.9851796019976178,
            -0.1607241598427375,
            -0.16912821505751133,
            0.0009512495114705279,
            0.5199574267615443,
            -1.385149213130537,
            -0.41180158624765406,
            1.4769991238422202,
            0.7249671509777752,
            -0.5465947807428899,
            -1.0234356464490448,
            2.7803996519956806,
            2.403337539723319,
            0.9397056962763083,
            -2.306580919158328,
            -2.0540653203289327,
            -0.9846163294427731,
            -1.1447669451710567,
            0.3428419712997955,
            1.1988484908939394,
            -0.7161621939690759
        ],
        [
            0.5325761249392195,
            -1.1108311706535712,
            -0.3749613444303943,
            -1.0280138131324645,
            -0.2545626866266746,
            1.5359625215958435,
            0.670591430059298,
            0.0,
            -1.0328163052171286,
            0.19899497396732707,
            -0.7575253634095496,
            -0.6128590377772725,
            0.13960628678441042,
            -0.2865804269880857,
            0.8699358907390735,
            1.186264052934238,
            0.09988462153791319,
            -0.15272100620643747,
            0.06867331629755528,
            -0.20117279942344488,
            -0.44535619122926223,
            0.7971938074549861,
            0.31045778906637544,
            0.09246458383818792,
            1.4863523326866541,
            0.5044864764769205,
            -0.7715014212866182,
            0.10265060533624822,
            0.20808699997143867,
            0.2420745263433739,
            0.6702795922260976,
            -0.8479864038975964,
            0.6408496359774412,
            0.13349083698989728,
            0.09651805295225331,
            -1.815455504511942,
            0.13435753046380677,
            -0.23127455318059809,
            2.2478088314264872,
            -0.4887372229104004,
            0.3417019111453557,
            -0.6687748162584367,
            1.4106777313879775,
            1.2852898803815043,
            -1.4496844087110619,
            0.971280357903623,
            -0.272597466056228,
            -0.7310740349221004,
            0.8432190343666269,
            -2.5359030310586443,
            0.9695063763781832,
            0.8486391620911472,
            0.7937153302782807,
            -0.9333135692099969,
            -0.7066420136830525,
            -1.3447756762479017,
            0.3582288119212194,
            -0.3239211962086746,
            0.6601662106320227,
            1.0236774734346703,
            -0.7314386850799485,
            -0.6386630105297592,
            0.44626490800771845,
            1.2961102414006784
        ],
        [
            0.19111406482036605,
            -0.017687213424559874,
            -0.40495798795484633,
            -0.22679988326543316,
            0.8434204266451902,
            1.9947756963668195,
            -1.2743072691232737,
            -1.0328163052171286,
            0.0,
            -0.03928579878626322,
            -0.741432728822697,
            -0.6997069861587948,
            -1.3136737706638222,
            0.1583327422213017,
            0.09587940924151805,
            0.35915580833797245,
            0.66589195946673,
            0.42942142795329746,
            -0.12642264166573025,
            -0.8811963213596279,
            -0.5441113285615461,
            -0.397587804274914,
            1.300867414397235,
            -0.17472328071755913,
            0.9928081495115425,
            0.5215328877746136,
            -1.3786665888690146,
            0.5973181067112159,
            0.6035276724124176,
            0.6662699838118349,
            -0.4553222535375414,
            0.069274752300647,
            0.49332013540804226,
            -1.0452826259393444,
            1.1208785633125773,
            1.7385615313082472,
            -0.07889338577025869,
            -0.010663695759057772,
            -0.10964131909595314,
            -0.06253863666381905,
            -0.28377352368943765,
            1.2171023975801065,
            1.0815902861900109,
            -0.8909216927783908,
            0.19063166300642534,
            2.057113672136253,
            0.23980972837474607,
            0.6231644006165181,
            0.6247449757385843,
            -0.5859118795417791,
            -1.6161015027931627,
            0.24690555473879264,
            2.197550446269155,
            -2.2910978219406233,
            -1.5683048029297735,
            -1.793025699746125,
            0.18727605156670005,
            0.34860769643049166,
            -0.7360250857311204,
            1.3206987006474116,
            0.9894371191438475,
            -0.3998982072497482,
            -0.20435381662209415,
            -0.8622495386463085
        ],
        [
            1.481420303021701,
            -0.4438189641737063,
            -0.3695513549381666,
            -0.4174622106788023,
            0.6008325840780602,
            -1.2793852937684,
            0.8465373946236523,
            0.19899497396732707,
            -0.03928579878626322,
            0.0,
            -0.9274165036397374,
            -0.24634844808922918,
            0.6794457442657258,
            -1.2706702070318443,
            -0.8385448094984898,
            -0.8973481258919958,
            -0.1910484851566287,
            1.0313760547601132,
            -0.2700320957289414,
            -0.34159090795194197,
            -2.3102868513771893,
            0.3079526214348491,
            1.1722972408420111,
            0.5747638869751596,
            0.43202564429956936,
            1.8078802519654447,
            2.0154053654471156,
            -0.9835101945887705,
            0.766856301230574,
            0.3802908218477637,
            -0.3334206051348194,
            -0.194152705653351,
            0.37371129520918056,
            1.159402083729671,
            0.5419262867113647,
            -0.5153316722370953,
            0.03639038789792215,
            1.9422246138277892,
            0.18795494798809936,
            -0.7183751295058738,
            2.586252851156104,
            1.2508697068643,
            -2.0018677984581936,
            0.18888965849589828,
            0.07823858925777576,
            -0.6875241527859549,
            3.191123084880913,
            -0.9026340470479979,
            0.32292516574581237,
            -0.11429584647685298,
            0.03394066488152311,
            -0.9866200114051531,
            -0.32554343282355264,
            -0.3387562550100394,
            -1.1550352750698774,
            -0.7750394957360666,
            0.32818126959159255,
            -0.3155515853344551,
            -0.18312452036360152,
            -0.3010507759604741,
            -1.6336746287239172,
            -1.0341546448849508,
            0.43814186618417283,
            1.155969622710686
        ],
        [
            -2.525565695110221,
            2.825789191968842,
            -0.6174966708815626,
            0.6022922444807018,
            0.5901060708880315,
            0.8029548493825893,
            0.19336643774818518,
            -0.7575253634095496,
            -0.741432728822697,
            -0.9274165036397374,
            0.0,
            0.34945774870811813,
            -0.8222539919840954,
            -1.257482218474337,
            1.1476724364056496,
            -0.9328543876590903,
            -1.6231158465580584,
            -0.968128633399051,
            -0.4481907849277094,
            0.5520403059339237,
            0.235440893780922,
            1.1736959617451252,
            -1.4656600736595955,
            0.40593217418765404,
            0.6175939650062465,
            -0.4649840983207168,
            2.660406039652544,
            0.2631748429469984,
            -1.0163211299137929,
            -0.3178177431824942,
            2.758843026690532,
            -0.7800163622556796,
            -0.5122663305254316,
            -2.249172932612634,
            -0.3661475416032795,
            -1.5211411935896326,
            0.13273164080979272,
            0.6842768304807323,
            1.9920370535255276,
            -0.11022796767351539,
            0.5552376086625149,
            0.24947849355819873,
            1.0334873369222524,
            0.262961009685333,
            -0.4279006893120901,
            -2.4513325910182755,
            0.18394943743410794,
            0.09168368992632434,
            0.7835705770507287,
            1.0814059239398242,
            -0.2851665643944598,
            0.9448941755479154,
            2.616226817737338,
            -0.4412355173720807,
            -0.8037058734311778,
            0.8762366235068069,
            0.7029930618905883,
            -0.49680533355388107,
            -1.4389288882711655,
            0.06189799687057638,
            0.4172833864453791,
            0.001839453345954602,
            -0.74091096520012,
            -0.7878850693727046
        ],
        [
            -0.7690449024106011,
            0.21302453990524386,
            0.2890079296767708,
            -0.6682732827486727,
            -0.9124963324384939,
            0.7208555681609689,
            0.8785281866491755,
            -0.6128590377772725,
            -0.6997069861587948,
            -0.24634844808922918,
            0.34945774870811813,
            0.0,
            0.6492532958563274,
            -0.41191661985689526,
            0.5605788633301113,
            0.47530715160352077,
            1.3163226886575472,
            -1.2242896713054463,
            -1.0950931178812138,
            0.6794856795423257,
            0.08442781705568249,
            0.5137010942247389,
            -1.5473426208403678,
            -0.47651938817551737,
            -0.05661039703688834,
            1.7115270545161705,
            0.7560135399856959,
            0.34261419305712754,
            -0.4754055640908602,
            1.0447551366100902,
            1.1715795064992305,
            -3.4363452443907585,
            0.7848814390049551,
            0.36851794016927497,
            0.9741998482757296,
            0.6808026522194485,
            1.5532901742569116,
            0.17136299375760924,
            -0.3565484895229954,
            -0.1887007254355276,
            -0.07374277545563647,
            0.40079510336823815,
            -0.2980522188125031,
            2.147937053279305,
            0.17719829884322696,
            -0.552352028723173,
            1.5771778365416484,
            -0.21450925184250733,
            0.5046408957933658,
            -1.2206609932035477,
            -0.4233764109216696,
            -1.0702034164546148,
            -0.05833291906644002,
            0.737303635264356,
            1.0615667241760463,
            -0.3760635237117561,
            0.9979137000467085,
            -0.4643655918897531,
            -0.6625081325211502,
            0.5084311629279324,
            -0.14523942309721846,
            0.021922174808797837,
            1.9027823743576093,
            -0.7546037543522238
        ],
        [
            0.5304170978974889,
            0.25048837938225327,
            -0.6339007342234584,
            -0.10227891937676051,
            0.531403862950999,
            -0.36775153282315537,
            -0.8023049917223434,
            0.13960628678441042,
            -1.3136737706638222,
            0.6794457442657258,
            -0.8222539919840954,
            0.6492532958563274,
            0.0,
            0.7456322178872705,
            0.11290251720667269,
            1.4376903032855526,
            0.08878812105352259,
            -0.3298346515411007,
            1.4142169331591041,
            0.3850408104636285,
            0.5470553487050858,
            -0.8554753333841262,
            1.861651878688983,
            -0.05626300851492808,
            0.03806527244001262,
            -0.6177974050168166,
            0.5809681104898206,
            0.7193175675563808,
            -1.7418456166616398,
            0.9523264744283235,
            0.009556883841199255,
            1.3892534348330914,
            2.3653515849899396,
            0.4712354965994546,
            -0.29775963956246587,
            0.8747655827489862,
            -0.45046041338709125,
            1.247068337356272,
            -0.4823783936260049,
            -0.34389334587027665,
            -0.7975160754653469,
            0.7950120747605152,
            -0.17094341686650488,
            0.38212526343370007,
            2.0441853433345067,
            -0.7771541073067403,
            0.5100461969371373,
            -0.8739631697849253,
            0.47172230461848397,
            0.20120567192770641,
            -0.39024761845005046,
            0.0918863324515403,
            -0.975259287126737,
            -0.482616791276068,
            0.011068091300108291,
            -0.2737514151822381,
            -0.20006024125409244,
            0.8966474432989575,
            -1.5025065300905882,
            0.013495348979888775,
            1.0088597304586622,
            0.17331283962112784,
            -1.3340494880290743,
            -0.5656927568228903
        ],
        [
            -1.1157011131958947,
            0.7956075279325606,
            1.3198659091543044,
            0.8775973143353684,
            -0.40838530753388885,
            -0.5810640669527855,
            -0.7122110846340503,
            -0.2865804269880857,
            0.1583327422213017,
            -1.2706702070318443,
            -1.257482218474337,
            -0.41191661985689526,
            0.7456322178872705,
            0.0,
            1.3715153143431469,
            -0.4902106454032565,
            -2.0999938578635406,
            1.4154716261551408,
            -0.7211201030768678,
            1.2722856623268188,
            -0.9034761410453145,
            -0.6756742998531621,
            1.0013218684833483,
            0.021460446603838317,
            -1.8749352657884044,
            0.4328010024014432,
            -0.47987886121807644,
            0.5401223060703023,
            0.6690800660020775,
            -1.394446077566672,
            0.9670766856955908,
            -0.07361021311847779,
            0.5523552522895971,
            -0.240016054809267,
            1.453560231161447,
            -0.6838226452942249,
            1.3758348072521718,
            -1.22663320113656,
            0.09691644531872927,
            1.1430468703489094,
            -2.0298998851770453,
            2.698734150201738,
            -0.9899147545753031,
            0.05280029991021357,
            1.424093058263493,
            1.074708742190895,
            1.4964924893251894,
            -1.5304950834762974,
            0.10824935059005251,
            0.6564209535733435,
            -0.11613242664935135,
            1.1822180191576757,
            0.058434248790987735,
            -1.8284610684138665,
            0.34836013516881953,
            -0.5379750653166862,
            -1.7056176495087754,
            2.466374507464176,
            -0.11837052658374803,
            -0.3525150021728858,
            0.36337177986747293,
            0.39739136039755746,
            -0.16626159668761673,
            1.260590088743241
        ],
        [
            -2.5500837454242222,
            -0.7655663546572886,
            1.0753468885497364,
            -0.04791797649231497,
            -0.786896606467867,
            -0.44592155432554514,
            -2.2844143603431504,
            0.8699358907390735,
            0.09587940924151805,
            -0.8385448094984898,
            1.1476724364056496,
            0.5605788633301113,
            0.11290251720667269,
            1.3715153143431469,
            0.0,
            -0.2530484273518218,
            0.002093972635399578,
            -2.2184892039160826,
            0.1367199269218282,
            0.20107587706172095,
            -1.79337231741966,
            -0.7745161781252231,
            -1.363736496446103,
            0.6276366462870059,
            -1.0557834067458434,
            1.8348987590304089,
            -0.8371352616170631,
            -0.44477044081113076,
            0.009667142749737501,
            2.1814193307747307,
            0.6533579000255899,
            0.2530766996855305,
            -0.926992597488631,
            -0.4330799776383739,
            -1.3215863939876757,
            -0.7559374587908073,
            0.6162526969883144,
            -0.0036949176162378813,
            0.6654917247330036,
            1.8511012677738299,
            1.0189179570522446,
            0.896744026330501,
            1.105370075544858,
            -1.3867495078870604,
            -0.029163158066960328,
            0.5743553560908006,
            1.8018140079923073,
            -1.9158075987000245,
            1.381450054832903,
            0.41383766739594297,
            -0.6469204642464386,
            -0.15359347532806789,
            -0.9238845024663701,
            0.05009135888275876,
            1.1363771491792105,
            -1.3752500625644641,
            1.4280768864975297,
            1.5645902508718041,
            1.4104018362982245,
            -0.4203363203055493,
            1.2622202691386144,
            -1.2476098232022534,
            -0.7819241643402158,
            0.1186930710506673
        ],
        [
            -0.27198303296710824,
            -2.1220375867856998,
            -1.3890469676219825,
            0.1827946473105967,
            -0.2449776270139735,
            1.0791793276601878,
            -0.8567102222068536,
            1.186264052934238,
            0.35915580833797245,
            -0.8973481258919958,
            -0.9328543876590903,
            0.47530715160352077,
            1.4376903032855526,
            -0.4902106454032565,
            -0.2530484273518218,
            0.0,
            0.6002071685398339,
            0.8557724747068368,
            1.4719562149393122,
            0.3731228632168103,
            -0.333349620088219,
            0.45047850232863923,
            -1.7150817607977191,
            -0.5240125093018694,
            -0.4261591399731494,
            0.4850456086223513,
            -1.416374687669467,
            1.143504161391901,
            0.7559731356490379,
            -1.5931630238891028,
            1.5200469304392317,
            -0.06587628698823908,
            0.3560862814572717,
            -0.8800681711655495,
            0.07146689705597084,
            1.0779340174876917,
            -0.9657541274591608,
            -2.229324420087562,
            0.30675155457928954,
            0.9121344135511957,
            0.3770980028525552,
            1.219664546694922,
            -1.2141316331619179,
            0.5987511225097886,
            0.23358202994260893,
            1.544918777805168,
            0.33902447115587325,
            1.4330232093737614,
            -0.9810407303894462,
            -1.9497834451406053,
            1.225968595432848,
            -0.8887161496807426,
            -0.0837259867279607,
            -2.23180384713062,
            0.8317521875486994,
            -0.20124733143469087,
            -0.6222800780619249,
            1.6987925784429023,
            -0.6670191854555846,
            0.9371107429409083,
            2.3929864785220993,
            -1.5830083823810892,
            -1.4108897927551423,
            -1.268332830002722
        ],
        [
            -0.8131839637564353,
            0.4920135928786367,
            -2.3766099379984778,
            2.022494949721178,
            -0.3664119781019705,
            0.46122606139973144,
            1.0985388654619885,
            0.09988462153791319,
            0.66589195946673,
            -0.1910484851566287,
            -1.6231158465580584,
            1.3163226886575472,
            0.08878812105352259,
            -2.0999938578635406,
            0.002093972635399578,
            0.6002071685398339,
            0.0,
            0.7161888198098839,
            -0.5235223552515302,
            -1.3118420329916636,
            0.9266818965778193,
            -0.29108737537542545,
            1.0799055304670835,
            -1.431143103028312,
            -1.3910536433536254,
            -0.6716998442449109,
            -0.36306226593122937,
            0.970972018231001,
            -0.2807860319740576,
            0.14746259347218701,
            -1.290838999363166,
            -1.3820465068594583,
            1.2302158195143515,
            0.21499672603611258,
            -1.4524596830599628,
            -1.4386756798115505,
            0.45284272616589444,
            2.0294985454818972,
            -1.4309316657083053,
            -0.5518823859226238,
            -0.4773446357143208,
            -1.2525243905632433,
            2.0938774578144685,
            0.0952443634414037,
            -0.9902218611935253,
            0.042134395219844224,
            0.33849520925350585,
            -0.251525986502479,
            -0.6532715256559184,
            -0.6205018253749718,
            -0.6368064720615435,
            -0.5099905417379008,
            -0.24379902091427133,
            1.273798740071844,
            0.7627143545321619,
            1.0061262161119584,
            -1.1489055666051764,
            0.6508906749573959,
            -2.076057172000945,
            0.06398307400289836,
            0.9618430802601815,
            0.3027243383355119,
            2.939072865584301,
            0.06551219860142611
        ],
        [
            -1.3790678631327111,
            1.7417254073782764,
            0.9074708946885356,
            -0.7245124027472069,
            0.4494254091918884,
            1.6857902406460967,
            0.30347696484998443,
            -0.15272100620643747,
            0.42942142795329746,
            1.0313760547601132,
            -0.968128633399051,
            -1.2242896713054463,
            -0.3298346515411007,
            1.4154716261551408,
            -2.2184892039160826,
            0.8557724747068368,
            0.7161888198098839,
            0.0,
            0.2747220023760821,
            -0.22312099801685353,
            -1.6025285558645503,
            -0.26533059287122446,
            1.0043644356670443,
            0.009305451887910564,
            0.48151608631639475,
            -0.20621651202897803,
            1.4981716559515972,
            -0.1714609757888816,
            -0.18276087552565928,
            -0.8077514600683465,
            0.2938980967354465,
            0.7100863725801779,
            -1.865574143011313,
            1.6813548190942005,
            1.4652557733021843,
            0.8425921055074859,
            0.47745682273619566,
            0.5780245942708409,
            1.8863388633583065,
            -0.5174260132128788,
            -1.1219378566868479,
            0.6707144370018194,
            0.5795456239226946,
            0.49976029797313687,
            0.4305211135602952,
            -0.05524047246251932,
            -1.371497613594483,
            1.679681958132547,
            -0.2297979798990499,
            0.6381998572802381,
            0.4794526220252701,
            -0.11368079256631816,
            -0.8711377188219327,
            -0.26196524290148687,
            -0.18972943408484524,
            -0.14938605996972898,
            0.6091985425005392,
            -0.5989694156978765,
            -0.9023834778034824,
            -0.009407498205352431,
            0.5343056770445118,
            2.737729930243377,
            0.3203124907784753,
            0.14211147232330237
        ],
        [
            0.3549023059759162,
            -0.7347176723035808,
            -1.252455271089555,
            -0.04859708240735029,
