{
    "N": 64,
    "id": "c11ff28e-bf96-4bbe-b8da-fd374472cd29",
    "problem_type": "SK Spin-Glass",
    "distribution": "gaussian",
    "spins": [
        -1,
        1,
        -1,
        1,
        -1,
        1,
        1,
        -1,
        1,
        -1,
        -1,
        1,
        1,
        -1,
        -1,
        -1,
        1,
        -1,
        -1,
        -1,
        -1,
        -1,
        1,
        -1,
        1,
        -1,
        -1,
        1,
        1,
        -1,
        -1,
        1,
        -1,
        -1,
        -1,
        1,
        1,
        1,
        1,
        -1,
        1,
        1,
        1,
        1,
        1,
        1,
        -1,
        1,
        -1,
        1,
        1,
        -1,
        1,
        1,
        -1,
        -1,
        1,
        -1,
        1,
        -1,
        -1,
        1,
        -1,
        1
    ],
    "couplings": [
        [
            0.0,
            -1.7692752772488805,
            -1.8275992409614825,
            0.8432071419691752,
            0.5456015391928217,
            0.9181017920045402,
            0.2067386086894545,
            -0.6183206403952297,
            -0.2747439263178997,
            -2.6955184395587013,
            -1.4020259517438676,
            -1.343134988033407,
            1.5648511947420896,
            0.5842412593883712,
            0.31042134352939255,
            -0.4798344921960582,
            0.059513566713719455,
            0.561907817512566,
            -0.8574038664386352,
            1.8296760272608943,
            -0.714682078557238,
            0.12936651550282835,
            0.20597567558022742,
            0.45763839100705733,
            0.8666795918998805,
            -0.10060337448277903,
            0.9568575046163122,
            2.1679284046975633,
            -1.0161204046159122,
            -0.43958386471020255,
            1.4041636274277225,
            0.18797878887212063,
            -0.8898550997525368,
            0.6615615960901864,
            0.3687764641508745,
            0.7250664686323802,
            -0.4598977611123121,
            -1.088628286172787,
            0.9132438515956364,
            1.3749481746187633,
            -0.6361209142336017,
            -1.808652640280646,
            -0.9104384558857723,
            1.2293324813448752,
            -0.11959046386922335,
            0.8094002939206443,
            0.33290466834526644,
            -1.094112824579297,
            -1.0243115734976602,
            -0.16786395443331373,
            1.1092300243233326,
            0.5809899175944409,
            1.0656586128174932,
            0.8726383901387312,
            -0.34638500394191535,
            -0.5397756951315941,
            -1.0871806851405525,
            0.06593860663345283,
            -1.1461125895702209,
            -0.23486038750570087,
            0.9114196386408474,
            -0.462083932714981,
            0.43915229167708547,
            -1.7533415819486484
        ],
        [
            -1.7692752772488805,
            0.0,
            0.5697983477830714,
            -0.9226077810554334,
            -0.6480915086092409,
            -0.8515959071368635,
            -1.1303013886019122,
            3.328724922406335,
            -2.2517550954946937,
            -0.45937418891317533,
            -0.8529360846004175,
            0.36672566583632293,
            1.4803100053401688,
            -0.04916613185984278,
            -0.46554473476354724,
            -0.27321151388958725,
            0.5639237873134624,
            1.224947951005672,
            -1.4761401395956566,
            -1.5025106466016456,
            -0.17355238217940724,
            0.84963120020598,
            -0.3083651580078965,
            -0.7230370268015057,
            1.8475109604926194,
            0.35816966487998686,
            -0.7094149841615355,
            0.1177113173586212,
            0.002927949771532517,
            -1.0942701523119114,
            1.4776540550475692,
            -0.8512949696118027,
            -0.5935981674137824,
            -0.6115511957319039,
            -1.3636266827713983,
            0.14132015589793973,
            -1.76028573756354,
            0.8036824608341453,
            0.6778978965596828,
            0.810264808891291,
            1.3440054791005176,
            0.4016850268411345,
            -0.4597978063189875,
            -0.19029875756390896,
            -0.8552471871901229,
            0.27533427022626017,
            -1.6663986090640268,
            -2.0064345168844113,
            0.0014385503788243088,
            0.017648751426470956,
            0.684465640996746,
            0.5900963556415706,
            0.2130918338506856,
            0.6004808326444285,
            0.6195131360108699,
            1.1436529205339274,
            1.2683517131608266,
            0.33823617612233264,
            -0.5967530742216951,
            -0.9407019106316692,
            0.6067834616052069,
            0.9668261349031442,
            0.6686789808673591,
            -1.260837247495747
        ],
        [
            -1.8275992409614825,
            0.5697983477830714,
            0.0,
            0.196767644411216,
            0.23744531049328146,
            -0.1818072911217626,
            0.36110102762257235,
            -2.029261678290943,
            0.4183754986791642,
            1.768645853323187,
            -0.754673749873819,
            -0.5032957296237777,
            -0.5655443402248482,
            1.5899232427976377,
            1.8072174594512462,
            0.16776299593557867,
            0.7838800126131945,
            1.1225937666905128,
            -2.122530746569939,
            1.8661634029459253,
            -1.740724574521303,
            0.6274322355326795,
            0.8373287533472401,
            1.1543446760656648,
            -0.2465835212915516,
            0.631839810723311,
            1.1014174949991749,
            -2.1523970861259105,
            1.3063998283517075,
            0.183508923561616,
            0.5063262054962797,
            1.7126352952360486,
            0.6047813257168858,
            -0.9895237297049126,
            -0.2826516338638314,
            -2.379223855509466,
            -2.34372984319598,
            0.752443345228027,
            0.3430075432441552,
            0.19679233142264824,
            -2.716843327976964,
            -1.5340019431975547,
            0.7321741982048855,
            0.21452712899848322,
            -1.1513227950546767,
            -1.3563611660193318,
            -0.4301248563570347,
            -0.9624743856240913,
            -0.4080226184111541,
            -0.09965560749616637,
            0.6933349633206688,
            -1.0485246629009184,
            -0.9618884971431074,
            -1.369662386253188,
            0.7403700934818841,
            0.8340324350752462,
            -0.8737643974077063,
            0.1860541649262586,
            -0.6270443898328028,
            -0.7780487053136608,
            -0.5758678578603582,
            0.5548204585354303,
            0.8813645194196021,
            -1.314731649589675
        ],
        [
            0.8432071419691752,
            -0.9226077810554334,
            0.196767644411216,
            0.0,
            -1.7654898201451683,
            -1.8640824331398154,
            -0.5229128402631582,
            -0.8085473624288729,
            1.245340563421033,
            -2.7273263681872035,
            -2.118011052181709,
            1.5618084921903117,
            1.6093424780358727,
            -0.26361857238226594,
            1.5739769087675408,
            -0.468303642200716,
            1.3039908497964487,
            -0.25722523051712837,
            0.3001940331371447,
            -0.7409590049654431,
            1.3566409392997298,
            -2.657018123868531,
            0.9397247703883995,
            0.23782539787685855,
            0.22560598418719363,
            0.13605895322406528,
            -2.840846683410412,
            -0.5322317665205275,
            1.2661894246952319,
            -1.0441755465423186,
            0.6334854233606397,
            2.0194061834470145,
            -0.4884639502636003,
            -0.11369514868871193,
            1.352721352398554,
            -0.3091671133870698,
            -0.1713351826374254,
            -0.7849251668403269,
            0.09973549822856315,
            0.18240539187826807,
            -1.3782657478843876,
            -0.26034904489642907,
            -1.8330411539325386,
            -1.6474337283346832,
            1.9396679844007791,
            -1.5162454478662746,
            1.3697506986204935,
            1.4103849499967926,
            1.2680363466252205,
            -1.0031835153228175,
            -0.5847413626235907,
            -0.4848837771079164,
            0.21421963235361116,
            1.0273024225717886,
            -1.142490001950625,
            -1.8286509684654042,
            -0.33547392621341715,
            0.22622798605957906,
            0.023810494985613353,
            0.9881862598827693,
            1.201024640995198,
            -0.08667983511749607,
            0.8227768814111955,
            -0.824231194831842
        ],
        [
            0.5456015391928217,
            -0.6480915086092409,
            0.23744531049328146,
            -1.7654898201451683,
            0.0,
            -0.543131480991682,
            0.9520684092484106,
            0.701639273916272,
            0.3991685225624352,
            -1.6892349223653413,
            -0.11304392399667036,
            -0.6079624091679073,
            -0.9351653870808606,
            0.2365991815629233,
            -1.6425577450593922,
            0.8677003295085537,
            -0.40648992050050586,
            1.1460161988628936,
            -0.3676384289835566,
            1.0208927491978368,
            -2.564584161271005,
            -0.5650024350929795,
            -0.8093468589453451,
            2.5839546945969696,
            1.5913573036977646,
            0.35856015414177306,
            -0.39926888500859326,
            -0.3302267909838509,
            0.8457073445616721,
            0.5231210734195738,
            -0.2634921816775936,
            0.5051015800779464,
            -0.8162394043216454,
            -1.0228430370606567,
            -1.3369068574209768,
            2.0553697590737903,
            -0.8895661470705264,
            -0.6410459234996573,
            -0.4336815357488083,
            0.44824271277538746,
            0.6524227130343301,
            0.10204163713767615,
            -1.2663772949703715,
            -0.17290377794108552,
            -0.7170414316006912,
            -0.4611347808113291,
            -2.2550693237446104,
            0.8230660936991304,
            0.9187898280393412,
            -0.7535268990187215,
            -0.027800410795328467,
            -1.200511178469122,
            -0.39764824091070106,
            -0.36963537907706967,
            -2.0440807153660936,
            2.3342200824874633,
            -0.613726341528979,
            0.8154130268556582,
            -0.1943972235055892,
            -0.3628020326220249,
            -0.018184674031980458,
            0.7825451724160538,
            -1.8557563913783854,
            0.007162683740890883
        ],
        [
            0.9181017920045402,
            -0.8515959071368635,
            -0.1818072911217626,
            -1.8640824331398154,
            -0.543131480991682,
            0.0,
            -0.5321999359247204,
            -0.643634264332034,
            -0.09490382792682131,
            0.6328422905106744,
            2.3055083159169283,
            1.9222871786629439,
            -1.2716362487987216,
            1.78587336701403,
            -0.9729853986173962,
            -0.5224056492016954,
            -1.336909847398875,
            -2.140939218588597,
            -1.184260379654582,
            -0.8667940536502263,
            0.8642616438625211,
            0.57171597567944,
            0.31250671184472745,
            -1.6733458962359187,
            0.09772119964559069,
            -0.24180101180051547,
            -0.5874920699181801,
            -1.4059260119390635,
            1.802516591828663,
            0.1667049906305833,
            0.36654925796379784,
            -0.37639489048493063,
            0.37020312911088477,
            -0.6985117085150827,
            0.7398990933941011,
            1.562462282481773,
            -0.8611262292115363,
            0.48557477198362275,
            1.9237472696491953,
            -0.2311970329074601,
            0.70690307031101,
            0.030171318525083226,
            -0.39122329748686485,
            0.4863324811161413,
            1.2120002854329524,
            0.46141610678802397,
            -2.432804176559242,
            1.3172362452159934,
            1.2616932756780297,
            0.4096311872827169,
            0.7064262395763192,
            -1.3462080263811431,
            -1.0009354903603078,
            -0.44139037499832207,
            0.9571796772203343,
            0.8250523854010253,
            -0.7182352098280854,
            0.06706541580535151,
            -0.24305581583467578,
            -2.0554962775069066,
            2.328330295890122,
            -1.011060480959695,
            -1.257580346477248,
            -0.801296714961697
        ],
        [
            0.2067386086894545,
            -1.1303013886019122,
            0.36110102762257235,
            -0.5229128402631582,
            0.9520684092484106,
            -0.5321999359247204,
            0.0,
            0.10784357373376072,
            0.28065157159396326,
            -0.4623743758919517,
            0.7212888562207529,
            0.6853140391658313,
            0.7473075164607966,
            -0.7078257674839189,
            -0.5591141305612101,
            -0.5076680223576759,
            -0.11525697604917291,
            -0.17235203425270265,
            -1.6285212317178868,
            -0.8639767897878635,
            0.4454800012185673,
            -0.1964900370891465,
            0.5692611734351037,
            -0.01834314896458725,
            -0.8740651672589187,
            0.14273545009589925,
            2.034135514743135,
            -0.8992826493851094,
            0.729480207435428,
            -0.225343980478223,
            -2.120999476087211,
            -1.2845769026671237,
            -0.8394799056595085,
            -0.4975635956771299,
            -0.45709791958779167,
            1.3055841045134808,
            -0.4285951524932301,
            -0.9184803407767264,
            -1.3077255416031948,
            0.8328219645277771,
            1.432138775446625,
            1.9242379348843124,
            2.469437305046567,
            -0.45421429599188795,
            0.6156530270177717,
            -0.7971358669283654,
            0.6043213187930602,
            0.26251977834946655,
            -0.7272628614456296,
            0.27706445622844683,
            -0.4299506856319474,
            -0.2552332634282755,
            -1.3753013418667186,
            0.8871356183013093,
            -1.0291763339538345,
            1.0352638539780419,
            1.3896760311221719,
            -1.7204785755736227,
            -1.0360169232932233,
            0.17069444189208846,
            0.2953400786490056,
            1.0759577508515086,
            0.45384328795135614,
            0.47932283625399574
        ],
        [
            -0.6183206403952297,
            3.328724922406335,
            -2.029261678290943,
            -0.8085473624288729,
            0.701639273916272,
            -0.643634264332034,
            0.10784357373376072,
            0.0,
            -0.08268965307439242,
            -0.07458686399878746,
            0.9107759752011648,
            -0.6225453291396653,
            1.1510801793468575,
            0.5007472653602949,
            0.2690518348559234,
            0.08223564319680618,
            0.1135653804472035,
            -1.0105968689259002,
            -1.0899512541704286,
            0.305701316352387,
            -1.3578224626871567,
            -0.7164124284749743,
            -1.4504627080258945,
            0.4129983496028744,
            0.49687925298598185,
            -0.5178232672504518,
            0.9312204957305499,
            0.40829138812299903,
            -0.19634225455667714,
            -2.1309073467434465,
            1.2144945493771788,
            -1.3652851168855382,
            -1.4057739171030659,
            -0.3558431148344077,
            2.1780175269137048,
            -0.012050370064028863,
            1.6184452996130323,
            -0.1990248820247799,
            -0.3813736315477,
            1.4147068673067105,
            0.37669337120611296,
            0.0032513976993808567,
            -1.5690686847512976,
            -0.8133583326826723,
            -0.9249396262056342,
            0.15772158644431997,
            -0.2546302734342379,
            0.3488259155890825,
            0.4358406040837881,
            -1.3943891004322206,
            -0.38524915659302067,
            -0.3522915172799255,
            0.12161040698109256,
            -0.0442393953802376,
            -0.12718337267308888,
            1.3450308888281137,
            0.6034985994667988,
            -0.8944171272224903,
            0.6434867429551308,
            1.2475426969049679,
            -0.013060486630022293,
            -1.0569132722351062,
            1.731933639496196,
            -0.809333572380564
        ],
        [
            -0.2747439263178997,
            -2.2517550954946937,
            0.4183754986791642,
            1.245340563421033,
            0.3991685225624352,
            -0.09490382792682131,
            0.28065157159396326,
            -0.08268965307439242,
            0.0,
            -1.9288735384092224,
            -1.4365233947059608,
            -0.6601357993052559,
            0.7358952869815576,
            0.4066618296241807,
            -2.2795741840498356,
            0.3793605046866683,
            -1.479044186034171,
            -0.16227406673639444,
            -0.4049902692807028,
            -1.5814718499186777,
            -0.37621863957842716,
            -0.04758840915894153,
            0.25654406429249027,
            1.4191697735403892,
            -0.3593468468179068,
            -1.5964646303091006,
            -1.1236541184698072,
            -1.3116668961382054,
            0.12406683149632305,
            0.2728541764776785,
            -0.780483139089313,
            0.7469717105821464,
            -1.3396348966117027,
            -0.30612532859258734,
            0.40524549173594604,
            0.7885085715978732,
            -0.34833601059088326,
            -0.7027101666295932,
            1.5811479407776659,
            0.0730943082488402,
            -1.4105248891644888,
            0.6810734362786062,
            -0.08490435461820076,
            0.3065518090784351,
            -0.14611093005910353,
            -1.6018004224024323,
            -0.7082981807007014,
            -0.18626262612002167,
            0.5481383987547569,
            -0.041611798070695455,
            0.5694196775721787,
            0.43854010041410196,
            -1.3554360936231016,
            -0.8732879696104667,
            -0.10256684038711772,
            0.3844888843423196,
            0.9916320371010152,
            0.125702675636105,
            1.0009649969124226,
            0.8450813522556279,
            -1.3315826385507146,
            0.8625267233730864,
            -0.5027920098916226,
            -0.7337172365814183
        ],
        [
            -2.6955184395587013,
            -0.45937418891317533,
            1.768645853323187,
            -2.7273263681872035,
            -1.6892349223653413,
            0.6328422905106744,
            -0.4623743758919517,
            -0.07458686399878746,
            -1.9288735384092224,
            0.0,
            -1.8310965320661863,
            -0.5969191542082394,
            -0.5220287780778035,
            0.8879692295376624,
            1.2140174358613227,
            -0.5144761023865257,
            1.3340712774167032,
            1.0523772330550045,
            -1.6385012485261075,
            -0.40307058715200644,
            -0.15518972222968053,
            0.03128457574048067,
            1.9623859256098215,
            0.21203282308432722,
            -0.018320090480433027,
            0.4266360184570093,
            -0.524869929195629,
            0.27952944008038166,
            -0.39303626729989527,
            0.9135866075043324,
            -0.13343398065500867,
            -0.24722345570047488,
            0.8404113613197354,
            -0.14163158539901669,
            -0.7992376443759428,
            -0.20226810687740585,
            -0.2680094291715906,
            1.4926209472565977,
            -0.28071698973464554,
            -1.368280467427878,
            0.8800055821985819,
            -0.30247302243651486,
            0.8013479482210161,
            0.26872681846061924,
            -1.140565530196725,
            -1.5701448546819121,
            -0.1336134278208656,
            0.3707741074827603,
            -0.4743200467597741,
            1.5906179145717665,
            -0.5429816276265,
            0.039175316021065054,
            -1.209947369519893,
            -1.403128258956638,
            0.403278245370155,
            -0.12199547565372262,
            -1.3072834167470644,
            0.8978549571098214,
            -1.09044447679745,
            -0.8270409101045192,
            0.3928332733725559,
            0.1471676810716585,
            -0.4432313058874908,
            -0.5946665213353088
        ],
        [
            -1.4020259517438676,
            -0.8529360846004175,
            -0.754673749873819,
            -2.118011052181709,
            -0.11304392399667036,
            2.3055083159169283,
            0.7212888562207529,
            0.9107759752011648,
            -1.4365233947059608,
            -1.8310965320661863,
            0.0,
            -1.9446772180655956,
            0.16855436588692924,
            -0.9142770255975141,
            -2.4283878737263045,
            -1.375551012605639,
            -0.48125667621889096,
            -0.07094461656364824,
            0.5024548660917801,
            -0.3163153803352248,
            0.2958832551667878,
            1.4676614972189257,
            -0.940200386591436,
            -2.287893589327307,
            -0.27641507429410556,
            2.5199380664321556,
            0.9054696284544195,
            -1.3098016627473328,
            0.8550862434295624,
            -1.7095210279807158,
            1.4764486894267117,
            -1.4714627816220442,
            1.6835553328360884,
            -1.1352124342650858,
            -0.0649938416726302,
            -1.4062502845023883,
            -2.1254455145961093,
            0.4503438811180288,
            -0.2987072855861402,
            -1.1016337216901488,
            0.7594393869491028,
            -0.9911981264968863,
            1.0345968690786849,
            -1.305996529740554,
            -0.23495746388190242,
            -0.8123113614651023,
            -0.22905385103217848,
            2.361613320623954,
            -1.4474528311864079,
            -0.7005100592611215,
            -0.24482310045092284,
            -0.749125797279159,
            -0.21458009696743696,
            -2.4845168889209073,
            0.24644742331711017,
            -2.0594621174316536,
            0.9204184661132744,
            -1.3118439891182558,
            0.4981463057531484,
            1.0358623592869467,
            0.843160737650028,
            0.45082505767177,
            -1.2546446554822825,
            0.3558704112156255
        ],
        [
            -1.343134988033407,
            0.36672566583632293,
            -0.5032957296237777,
            1.5618084921903117,
            -0.6079624091679073,
            1.9222871786629439,
            0.6853140391658313,
            -0.6225453291396653,
            -0.6601357993052559,
            -0.5969191542082394,
            -1.9446772180655956,
            0.0,
            -1.313311327183782,
            -0.9495716258047102,
            0.029274899887717688,
            1.4859191769812,
            -0.07305393147885773,
            0.10951653337719618,
            0.019890409919953455,
            0.4514438216817916,
            -0.11733967746591956,
            -0.3114025524080253,
            1.1740884351695409,
            -0.2654318113860076,
            0.8499744385715854,
            1.504016111011428,
            -1.52285051499781,
            0.49953756509316777,
            -0.3744572416308981,
            0.009821348644400731,
            -0.8231571066204998,
            -0.30024176729036806,
            -0.36314565882317257,
            2.5085449774354758,
            2.0851159326113513,
            -0.3519630053759074,
            1.2678850763633347,
            0.8009251258504578,
            0.6382178937757541,
            0.018593615545499074,
            1.5291613874028174,
            1.368724841403761,
            -1.3865150677769391,
            0.4473813909118192,
            -0.8538092253573929,
            0.046316370260155254,
            2.8170957248804194,
            -1.0431697350996225,
            0.7699999752644102,
            -0.07688406517867492,
            -0.044075344645579405,
            0.5711113701801224,
            0.6267033095148216,
            0.051278488544312044,
            -0.6700403709983196,
            1.0934770273354966,
            -1.3999503775258562,
            -0.23236719248490956,
            0.44426347310894726,
            -0.7511933122065544,
            -1.2365549288548146,
            1.2379033891295197,
            0.24556909381575137,
            1.7238560356135804
        ],
        [
            1.5648511947420896,
            1.4803100053401688,
            -0.5655443402248482,
            1.6093424780358727,
            -0.9351653870808606,
            -1.2716362487987216,
            0.7473075164607966,
            1.1510801793468575,
            0.7358952869815576,
            -0.5220287780778035,
            0.16855436588692924,
            -1.313311327183782,
            0.0,
            1.685590547100183,
            0.06041468578003945,
            -0.41495836324585444,
            -1.1638218835733423,
            0.9724648221122241,
            0.5495848153097846,
            -0.18842526456348543,
            0.4105185140190939,
            0.9430853091896315,
            0.3118080404695666,
            -0.04036759832977877,
            -0.8077578619418706,
            1.6620508024835186,
            -0.7633628615120633,
            -0.35727634105684364,
            0.7578124124595238,
            1.117128566363546,
            -1.2389856333580545,
            -0.48220298248545806,
            -0.2918343091578349,
            0.05421962132646871,
            1.732825616053006,
            -1.8402488939968278,
            -1.9819945802743117,
            -0.6557311538108573,
            -1.2402772586136497,
            1.012134037168628,
            -0.4090221134544085,
            0.36637161011125724,
            0.5404744866443886,
            2.8143833248130132,
            -0.3202961820183086,
            -0.04603831181666482,
            0.5479561835415576,
            -0.41597931942143856,
            -0.679109743479758,
            -0.754719967999928,
            -0.4820442230317187,
            0.03838897299526444,
            0.35929700298414435,
            1.0380677004154988,
            -0.5892395382372799,
            -1.294820376171248,
            1.5417550108186286,
            -0.9334374287068035,
            -1.1066788336345443,
            -1.1030335959626976,
            -0.5126037549915667,
            0.43588989614872087,
            0.4642769356280929,
            1.0313344855977251
        ],
        [
            0.5842412593883712,
            -0.04916613185984278,
            1.5899232427976377,
            -0.26361857238226594,
            0.2365991815629233,
            1.78587336701403,
            -0.7078257674839189,
            0.5007472653602949,
            0.4066618296241807,
            0.8879692295376624,
            -0.9142770255975141,
            -0.9495716258047102,
            1.685590547100183,
            0.0,
            1.7614841236532375,
            -1.2310403006774562,
            -0.42012773378446483,
            1.3445568789757718,
            -0.8777285469643379,
            0.9029464647733274,
            -0.5495123957639454,
            -0.09808345039654698,
            -1.1547376324163015,
            -0.47003193640610513,
            -0.3694186597393124,
            -1.2456943689422817,
            -0.37263197353536853,
            -0.6858832342509859,
            0.7610107959127241,
            0.6790703393004442,
            1.3914582532811204,
            0.3994059826041894,
            1.0293985766577762,
            -0.8791580480619317,
            -0.43123452346204405,
            1.9898813149482706,
            -1.5066517793843879,
            -0.5060666909532188,
            0.5010268549844518,
            -0.5253477569289416,
            -0.3530946615625323,
            -0.9998553613088561,
            -0.18803300351248628,
            -0.4483078700293386,
            -0.9009929619565438,
            -0.29714800822140786,
            -0.8109731194158275,
            0.22834038089565817,
            1.9489455618235494,
            0.07008097601019332,
            -0.21063976104029736,
            -0.17828243917365297,
            0.673888361714758,
            -0.34645382808986674,
            -1.1616793604732447,
            0.62363313496739,
            -0.4088209482106141,
            -0.29704864753916793,
            -1.1556360709706008,
            -1.0699713936626356,
            -1.5791308113752152,
            0.2905726703883804,
            -0.9491503193181167,
            0.45815275571171793
        ],
        [
            0.31042134352939255,
            -0.46554473476354724,
            1.8072174594512462,
            1.5739769087675408,
            -1.6425577450593922,
            -0.9729853986173962,
            -0.5591141305612101,
            0.2690518348559234,
            -2.2795741840498356,
            1.2140174358613227,
            -2.4283878737263045,
            0.029274899887717688,
            0.06041468578003945,
            1.7614841236532375,
            0.0,
            -0.5656422619651172,
            -0.60793066599773,
            -0.5601300989969968,
            0.7548868222671364,
            -0.2805872349785201,
            0.4526717109509409,
            0.10864124716661808,
            0.5731193793858332,
            -0.30559552221059455,
            -0.04240546384173219,
            -0.382084198364377,
            1.3477921889857416,
            -0.953421983000348,
            2.227003726768837,
            -0.6307898218883697,
            0.05034039925105466,
            1.1492947674240925,
            -0.05647398826048179,
            0.2877063572504044,
            -0.2140458354965717,
            -0.8074897159782716,
            -1.0347733456941517,
            0.06980532628387495,
            -0.8635512316662443,
            -0.35510084265140757,
            1.217781072665338,
            1.689773759642208,
            0.5137714720374941,
            1.2675028508308281,
            -1.9633917439027804,
            0.34030517656889725,
            -0.7026516075431851,
            -0.7268561249932258,
            0.8915393550430006,
            0.6859900476190764,
            3.0924223558260673,
            0.6284755554565937,
            -0.6227349946848312,
            0.6918158327643875,
            0.2792434825526677,
            2.182601958396632,
            -2.0400740757539353,
            -0.6727390413853925,
            1.3481627184656795,
            -1.2464169716503521,
            -0.09891176386020369,
            1.5672378837436398,
            1.5694647238793273,
            -1.4127015943662535
        ],
        [
            -0.4798344921960582,
            -0.27321151388958725,
            0.16776299593557867,
            -0.468303642200716,
            0.8677003295085537,
            -0.5224056492016954,
            -0.5076680223576759,
            0.08223564319680618,
            0.3793605046866683,
            -0.5144761023865257,
            -1.375551012605639,
            1.4859191769812,
            -0.41495836324585444,
            -1.2310403006774562,
            -0.5656422619651172,
            0.0,
            -0.691043991517378,
            -0.8195871082268523,
            -1.6127392342084192,
            0.07197406943085224,
            1.6002911795672718,
            1.0099896555975159,
            1.206797476652018,
            -1.4977780243893426,
            1.8083668833155166,
            -0.1277886839972822,
            0.5294677162410306,
            -0.703199343404766,
            -0.13599308440158775,
            0.7540495417823815,
            1.360009973163083,
            2.480659343041629,
            -1.5760985696074088,
            0.3615827116482479,
            2.165736672361085,
            0.8261526974785697,
            1.460249740228217,
            -0.2552993076885553,
            0.26039317605384493,
            -1.007088973629166,
            1.1034128452735683,
            0.13423735664174238,
            -0.9668107579140893,
            0.6180851709131698,
            -0.3135651159520835,
            -0.18466718315802674,
            -0.02616520695101317,
            1.1502985136203827,
            0.8719039715919016,
            1.9063710033061334,
            -0.14531133823666167,
            -1.5607493365639598,
            1.0786835399241856,
            0.0651302504812066,
            2.1219022222008395,
            -0.40054418012194837,
            -1.4899155412225462,
            -0.7552282497161699,
            0.3427916969552868,
            0.880617084208099,
            1.1484491154675214,
            0.348571952427137,
            0.8368990506199535,
            -0.28594345516658154
        ],
        [
            0.059513566713719455,
            0.5639237873134624,
            0.7838800126131945,
            1.3039908497964487,
            -0.40648992050050586,
            -1.336909847398875,
            -0.11525697604917291,
            0.1135653804472035,
            -1.479044186034171,
            1.3340712774167032,
            -0.48125667621889096,
            -0.07305393147885773,
            -1.1638218835733423,
            -0.42012773378446483,
            -0.60793066599773,
            -0.691043991517378,
            0.0,
            -0.16147834203890862,
            -0.2072416512162152,
            0.7796393506561413,
            0.3031758963511255,
            1.2461841363440949,
            0.293704308040571,
            0.22154806934632462,
            -0.15118344574798182,
            1.6046406053579123,
            0.33788935795611247,
            0.5232076006188334,
            1.5913571722631479,
            -2.344976368774958,
            -0.1604427632656958,
            0.15778361935520213,
            -1.125754288260354,
            -0.47385253210800016,
            -0.5839652733516807,
            -0.3349856873083137,
            -1.1730646061014385,
            -0.7408880388363949,
            -0.9014539026005505,
            -0.31637573095245636,
            0.1556728382842926,
            0.026023379791235715,
            0.4227369238685909,
            0.3378136539847674,
            0.42388403279869263,
            0.07738223239651777,
            1.460552156982566,
            -0.5817791481298298,
            -0.36994955801542745,
            -2.043924073457674,
            0.22064329315167597,
            -0.8074647519720144,
            1.2835441650642283,
            0.2203094313071635,
            -1.2743122193347975,
            -0.9592988374202451,
            0.9836647291699306,
            0.8909100743036671,
            0.21041652137637035,
            -0.5486792665929918,
            -0.20727490789255332,
            -0.6877691187603049,
            -1.4914765589874461,
            1.025725507513067
        ],
        [
            0.561907817512566,
            1.224947951005672,
            1.1225937666905128,
            -0.25722523051712837,
            1.1460161988628936,
            -2.140939218588597,
            -0.17235203425270265,
            -1.0105968689259002,
            -0.16227406673639444,
            1.0523772330550045,
            -0.07094461656364824,
            0.10951653337719618,
            0.9724648221122241,
            1.3445568789757718,
            -0.5601300989969968,
            -0.8195871082268523,
            -0.16147834203890862,
            0.0,
            0.480174599307581,
            0.0672100040368051,
            -0.28508773170584056,
            0.8065791997137858,
            0.04760408438325468,
            -1.6603038093012876,
            -0.08241656426095789,
            0.6376348427549993,
            0.7132432359756735,
            0.34587621104523675,
            0.05856872427093862,
            1.5091018401430139,
            -2.237898050170387,
            0.2944627837122742,
            -0.7813069788509711,
            0.5572904652339079,
            -0.14383954898115095,
            -1.536479816804154,
            1.5110587299584801,
            -2.338606924800368,
            -0.791662285471823,
            1.791820914039143,
            2.0688201343378876,
            -0.045612713625031734,
            1.1208948873646216,
            -0.3337457115564067,
            -0.18126117673171613,
            1.7595797246597389,
            1.051155620858941,
            -0.49487208083654693,
            1.258051987658449,
            -1.613604858917883,
            -1.1015379898787705,
            -0.38943928265750194,
            0.9905815635239525,
            -1.1318699626543842,
            -2.0423418758189036,
            0.49193964883671837,
            0.4033252536736518,
            1.1755075215357884,
            0.15509498621175205,
            0.7205603609655452,
            0.18868343069944168,
            -0.43531799231465934,
            -0.8795471342813067,
            -0.9641553006700909
        ],
        [
            -0.8574038664386352,
            -1.4761401395956566,
            -2.122530746569939,
            0.3001940331371447,
            -0.3676384289835566,
            -1.184260379654582,
            -1.6285212317178868,
            -1.0899512541704286,
            -0.4049902692807028,
            -1.6385012485261075,
            0.5024548660917801,
            0.019890409919953455,
            0.5495848153097846,
            -0.8777285469643379,
            0.7548868222671364,
            -1.6127392342084192,
            -0.2072416512162152,
            0.480174599307581,
            0.0,
            0.39023020790918306,
            -0.9542751904633628,
            -0.0754510005149557,
            1.0696886731979558,
            -1.1598846679015176,
            -0.039199057731604973,
            0.4850701897016091,
            -0.47737974903419406,
            0.8465931779509936,
            -0.7866923397311651,
            0.4976262773776895,
            -1.8802593905716174,
            0.6936329467103197,
            -1.1273766336438884,
            1.4838336754952004,
            2.051320126871202,
            1.122331047748204,
            0.6720555321854141,
            1.2477540237515505,
            2.1123885656588226,
            0.5738306517665674,
            -0.0509362968585833,
            0.7490871950652157,
            0.19454708866273385,
