{
    "N": 32,
    "id": "f77fbbc3-6762-4229-9efe-555d9269c0f2",
    "problem_type": "SK Spin-Glass",
    "distribution": "gaussian",
    "spins": [
        -1,
        -1,
        1,
        -1,
        -1,
        -1,
        1,
        -1,
        1,
        -1,
        1,
        -1,
        1,
        1,
        1,
        1,
        -1,
        -1,
        1,
        -1,
        -1,
        -1,
        -1,
        -1,
        -1,
        -1,
        -1,
        -1,
        1,
        1,
        1,
        -1
    ],
    "couplings": [
        [
            0.0,
            -1.092043016984886,
            -0.01520217481918764,
            0.2418755613103185,
            -0.21497392864811204,
            0.4484586946627597,
            0.240703185384415,
            -1.731840979245683,
            0.01472982004359941,
            0.42826486812385073,
            -2.721990513586453,
            0.6120124755116874,
            -1.2888440090470337,
            -1.5316850216752855,
            -0.8726958314350416,
            0.3101347690915396,
            1.9900384909512472,
            2.7646095889929514,
            -0.3438074071909014,
            -0.09387233948956063,
            -0.5738950750065032,
            1.2261396074001838,
            -1.2547734256065437,
            0.6004934975205485,
            0.20412791655840926,
            -0.8703896715334973,
            -1.5116742269534016,
            0.24174965860159275,
            -0.9698565547936032,
            0.5567812304840944,
            -0.05961319122777861,
            -0.6281811896891767
        ],
        [
            -1.092043016984886,
            0.0,
            -1.327119522217721,
            0.6087156042354336,
            -1.5367013328738635,
            1.6113806518325555,
            0.7437638378974181,
            -0.6488459314896928,
            -0.2506478518245562,
            1.8524574138887986,
            0.9761252821047355,
            -1.053199445584788,
            0.9971313624905955,
            -1.3574374936475329,
            0.9420241215924594,
            0.22633782305730507,
            -2.655867284166267,
            -0.9446783231718037,
            -0.020324538757565326,
            -0.8488631886381193,
            0.76006942335945,
            1.092714927384716,
            -0.4150103331819732,
            -0.551625700216133,
            -1.5441137706674897,
            -0.8893911539331852,
            0.1503885658379337,
            0.6189152580323196,
            0.38891362728756085,
            -0.39741926072115197,
            -0.40199691895723183,
            0.46424688645066814
        ],
        [
            -0.01520217481918764,
            -1.327119522217721,
            0.0,
            -0.7998379865876396,
            -0.5463304889496684,
            0.43444422164365276,
            -1.2027260244241798,
            0.7830678754617376,
            -0.06866409041995342,
            0.40155204080950185,
            -2.6892390465602434,
            1.2253096805657184,
            1.2666532922745544,
            -0.39755903642123164,
            -1.0671856320996593,
            -1.3884918747535342,
            1.5963917313573535,
            -1.6685686888858309,
            -1.6150515527593672,
            1.144962316635224,
            -0.5882852824719043,
            -1.025971598844862,
            -0.9045322223069996,
            -0.10819326218410999,
            1.235059569077146,
            -1.1182348866026066,
            -1.5694922647640066,
            -0.6087474204783064,
            -1.2745482121897718,
            2.0847363560738175,
            -0.11729559480308673,
            -0.6404649546811301
        ],
        [
            0.2418755613103185,
            0.6087156042354336,
            -0.7998379865876396,
            0.0,
            -1.7225905188262902,
            0.7398196962569613,
            -1.0850930347206025,
            0.4427105524205842,
            -1.9801549644166196,
            -0.0066641884559231965,
            -0.9969717611799385,
            -0.0794654776393954,
            -0.20755254317521066,
            1.6061840535620326,
            -3.5461210217604906,
            1.1254147486170023,
            -1.1959022617540023,
            0.5426653993887475,
            -0.2747508108270215,
            0.32865177900087716,
            2.793355555012476,
            -1.236541627808201,
            -1.2133845448830458,
            -0.08549190244393974,
            0.24710076408846174,
            1.6199446967617743,
            -0.5040660970395098,
            0.17849451420739243,
            1.4182739599142569,
            0.3951522504824458,
            0.19796095768301714,
            0.15868005034321123
        ],
        [
            -0.21497392864811204,
            -1.5367013328738635,
            -0.5463304889496684,
            -1.7225905188262902,
            0.0,
            -0.38485713969061774,
            -0.0971949366065406,
            -0.4301309778760245,
            2.0623211946967053,
            1.187671195557197,
            1.1764806934971364,
            -0.6156038001771977,
            -0.7196584628925478,
            -1.686819192378291,
            0.2105529898205544,
            0.24852618649535593,
            -0.08209352339198737,
            -1.5816606138188885,
            -0.24005711073045516,
            1.3961721158719007,
            -1.4038436658302398,
            -1.1718537262850326,
            0.4282436367899122,
            -0.5631008002946959,
            0.04752445412137057,
            -0.36436227310589103,
            2.65157133544546,
            -0.663852886107557,
            -0.9787659724873766,
            -0.24424755922020663,
            -0.6042632173078065,
            -0.5104499473552536
        ],
        [
            0.4484586946627597,
            1.6113806518325555,
            0.43444422164365276,
            0.7398196962569613,
            -0.38485713969061774,
            0.0,
            -0.11649625222879162,
            -1.7758679858137598,
            0.3092695579013452,
            -0.10580830765708968,
            -0.04833840998028077,
            0.9352292603913316,
            1.011593395597785,
            -0.698963490394047,
            0.44261665502187,
            -0.055896185462083525,
            2.7296728522696183,
            0.428026039030406,
            1.088859366169739,
            -1.7123521301735187,
            -0.1703347482415482,
            -1.532665114157634,
            1.3288553650586363,
            0.4821351227237782,
            -0.13573642768768046,
            -0.6666268568962666,
            -1.0710013331726702,
            0.8963085981663078,
            0.8069145669442337,
            0.7480332581906983,
            1.4083031414646021,
            -0.18440539763625963
        ],
        [
            0.240703185384415,
            0.7437638378974181,
            -1.2027260244241798,
            -1.0850930347206025,
            -0.0971949366065406,
            -0.11649625222879162,
            0.0,
            0.3586086025927745,
            -0.6839989223499898,
            1.0656747882158653,
            -0.2848551326289867,
            0.598715002108363,
            -0.754916357262528,
            -0.8715032835530019,
            -1.1242043367307224,
            -2.082368330326836,
            1.2006752951219406,
            -0.7167399360802457,
            1.9914095737540884,
            -1.3070397777263119,
            -0.4147247076647646,
            1.8734258763775204,
            -0.2943328476665703,
            1.1219082289221858,
            -0.1297729855631122,
            1.1772463756789948,
            1.1385850530065296,
            0.6360784050761266,
            0.42798081494982254,
            -0.25966530579236224,
            -0.8720466749727601,
            0.2661571251882888
        ],
        [
            -1.731840979245683,
            -0.6488459314896928,
            0.7830678754617376,
            0.4427105524205842,
            -0.4301309778760245,
            -1.7758679858137598,
            0.3586086025927745,
            0.0,
            1.1604930096724488,
            0.7709267035315824,
            0.19431711786620098,
            0.5116889016543885,
            -1.9324066471556838,
            0.12007316278468332,
            -0.06400782316529699,
            -0.4477972035928395,
            2.1753782797924752,
            -0.10195867373448216,
            -0.8315162238771552,
            -0.08282450733189584,
            -0.13550029102712044,
            -1.7112454800975367,
            -0.8897303015924993,
            -0.7105107368202517,
            1.027954710524804,
            1.3757700133434292,
            -0.05158692464813443,
            0.5138405561108066,
            -0.9517818463563347,
            -0.9830432331902049,
            0.5664626295484148,
            -0.3936625792729679
        ],
        [
            0.01472982004359941,
            -0.2506478518245562,
            -0.06866409041995342,
            -1.9801549644166196,
            2.0623211946967053,
            0.3092695579013452,
            -0.6839989223499898,
            1.1604930096724488,
            0.0,
            -1.5676132917994783,
            -1.640118548954368,
            -0.37162671835446326,
            -1.074198930138106,
            -1.016829457089903,
            1.4106830733735178,
            0.9567290469991574,
            -0.8606764934453085,
            -1.3189292636798833,
            0.245605160157041,
            -0.9873196528866106,
            -0.8295020107141104,
            0.13312163663732873,
            0.6940991997942288,
            -0.12789939060134042,
            -0.5902684894030337,
            1.4667253684638508,
            0.3892586639644791,
            0.8234210909663303,
            0.6288915496217641,
            -0.233094489343731,
            -0.5470569240691131,
            2.2343645380049244
        ],
        [
            0.42826486812385073,
            1.8524574138887986,
            0.40155204080950185,
            -0.0066641884559231965,
            1.187671195557197,
            -0.10580830765708968,
            1.0656747882158653,
            0.7709267035315824,
            -1.5676132917994783,
            0.0,
            1.8140428858032303,
            -1.1409618890410704,
            -0.7355449401274007,
            0.4948536083974172,
            -0.21186835880761112,
            -1.459770640090486,
            0.09055199317015884,
            0.9459854281316318,
            -0.5601127423838455,
            0.5784264041075238,
            0.9867730115112189,
            0.34504522292734824,
            0.8263499146337758,
            -0.7676864228049913,
            0.9119176534015991,
            2.527594317622583,
            0.6173642867903179,
            -1.6308471148407413,
            -1.1954628511706962,
            0.06135845544188614,
            0.4212885226116767,
            2.022745231263576
        ],
        [
            -2.721990513586453,
            0.9761252821047355,
            -2.6892390465602434,
            -0.9969717611799385,
            1.1764806934971364,
            -0.04833840998028077,
            -0.2848551326289867,
            0.19431711786620098,
            -1.640118548954368,
            1.8140428858032303,
            0.0,
            0.19174637224314098,
            -0.7702339654999878,
            0.3926969315580249,
            -0.3724989097163626,
            -0.19906464736312765,
            0.7847590984159173,
            -0.28244012972773025,
            0.11091189333016518,
            0.10163107721805198,
            1.3405578743897255,
            -0.2883505696460005,
            1.3945581446226978,
            -2.9054720160347793,
            0.5351375601853152,
            0.04353660372217877,
            -0.27592153794997176,
            0.9916334984996442,
            -0.7343336641916984,
            0.08968515323911222,
            -1.0382907190852144,
            -0.8493392910365172
        ],
        [
            0.6120124755116874,
            -1.053199445584788,
            1.2253096805657184,
            -0.0794654776393954,
            -0.6156038001771977,
            0.9352292603913316,
            0.598715002108363,
            0.5116889016543885,
            -0.37162671835446326,
            -1.1409618890410704,
            0.19174637224314098,
            0.0,
            0.1988408039072075,
            -0.17879420321734762,
            -0.3650774655496991,
            -2.70904297928426,
            -0.026869557393822473,
            -0.5776089547557,
            0.18292985680653928,
            0.3800841125555751,
            0.20048023626769665,
            0.339407889543815,
            -0.18189532670878727,
            0.3715618365642729,
            -1.561979309497196,
            1.1028983634663274,
            0.4185403391551771,
            -0.3409160302297876,
            -0.01832110794227768,
            -1.920562172764967,
            1.213330952348244,
            -0.31566374053348706
        ],
        [
            -1.2888440090470337,
            0.9971313624905955,
            1.2666532922745544,
            -0.20755254317521066,
            -0.7196584628925478,
            1.011593395597785,
            -0.754916357262528,
            -1.9324066471556838,
            -1.074198930138106,
            -0.7355449401274007,
            -0.7702339654999878,
            0.1988408039072075,
            0.0,
            0.04074903266127446,
            0.1921446326821866,
            1.0042800179976834,
            -0.39219072198312627,
            -1.3568634988911517,
            0.16626159522738487,
            0.39812365648361664,
            -0.25140074547163827,
            -0.3097263256186903,
            0.31891341718982763,
            -1.3744334366155266,
            -0.9855665531116091,
            0.432875344651615,
            -1.5998051231833412,
            -0.12046405412607314,
            -0.6801835983563375,
            1.243838945911591,
            1.4519422590266309,
            -0.30320821724280056
        ],
        [
            -1.5316850216752855,
            -1.3574374936475329,
            -0.39755903642123164,
            1.6061840535620326,
            -1.686819192378291,
            -0.698963490394047,
            -0.8715032835530019,
            0.12007316278468332,
            -1.016829457089903,
            0.4948536083974172,
            0.3926969315580249,
            -0.17879420321734762,
            0.04074903266127446,
            0.0,
            -0.4393930152811633,
            -0.11459608039520346,
            -0.20065303127126932,
            -0.027153205790775486,
            -1.9807571277722182,
            0.15498397543985898,
            1.161106894542076,
            -1.1228963391263138,
            -0.7500490706199182,
            -0.04251337658470619,
            0.7898443887393779,
            0.10223939411647966,
            -1.0776549629256063,
            -0.5228191380929423,
            0.3487612879283915,
            -0.4156913223996699,
            -0.4268211489779521,
            0.33383558308067457
        ],
        [
            -0.8726958314350416,
            0.9420241215924594,
            -1.0671856320996593,
            -3.5461210217604906,
            0.2105529898205544,
            0.44261665502187,
            -1.1242043367307224,
            -0.06400782316529699,
            1.4106830733735178,
            -0.21186835880761112,
            -0.3724989097163626,
            -0.3650774655496991,
            0.1921446326821866,
            -0.4393930152811633,
            0.0,
            -0.7389509816413432,
            -2.0394769308842338,
            -0.5035527758988173,
            -0.613405478153958,
            0.7613119451469773,
            0.6052249406814542,
            -1.4570011086338466,
            0.01103898875733044,
            -0.6970952060159621,
            0.05061301660828147,
            -0.00017408620338510626,
            -0.8340835537797582,
            2.7185421827852987,
            -1.7317621595031885,
            1.1573270264911408,
            1.7448213942344981,
            -0.4760208731212529
        ],
        [
            0.3101347690915396,
            0.22633782305730507,
            -1.3884918747535342,
            1.1254147486170023,
            0.24852618649535593,
            -0.055896185462083525,
            -2.082368330326836,
            -0.4477972035928395,
            0.9567290469991574,
            -1.459770640090486,
            -0.19906464736312765,
            -2.70904297928426,
            1.0042800179976834,
            -0.11459608039520346,
            -0.7389509816413432,
            0.0,
            0.48930224894127133,
            -0.4502430200290475,
            1.4487079994489178,
            -0.8418201475308251,
            -0.47407931502745226,
            0.1861572223604168,
            0.5184398775554541,
            0.18608589191569205,
            0.5522435896588579,
            -0.7945191722388396,
            0.8505741721084971,
            -0.6981759818884402,
            -0.7101116511532304,
            -0.926046068292129,
            -0.3313550227033195,
            0.3735539710673096
        ],
        [
            1.9900384909512472,
            -2.655867284166267,
            1.5963917313573535,
            -1.1959022617540023,
            -0.08209352339198737,
            2.7296728522696183,
            1.2006752951219406,
            2.1753782797924752,
            -0.8606764934453085,
            0.09055199317015884,
            0.7847590984159173,
            -0.026869557393822473,
            -0.39219072198312627,
            -0.20065303127126932,
            -2.0394769308842338,
            0.48930224894127133,
            0.0,
            0.7021092769023525,
            1.0234123580940429,
            -0.606263548155396,
            -1.891510617848571,
            -1.8212729636201368,
            -0.30989142945633824,
            -0.9494373569212922,
            -1.3743903675721367,
            0.5608822053846424,
            0.4567147515280855,
            -1.7065360890240202,
            0.8639264991212231,
            -0.11903865873154341,
            0.4436653082466148,
            -0.6603060935123711
        ],
        [
            2.7646095889929514,
            -0.9446783231718037,
            -1.6685686888858309,
            0.5426653993887475,
            -1.5816606138188885,
            0.428026039030406,
            -0.7167399360802457,
            -0.10195867373448216,
            -1.3189292636798833,
            0.9459854281316318,
            -0.28244012972773025,
            -0.5776089547557,
            -1.3568634988911517,
            -0.027153205790775486,
            -0.5035527758988173,
            -0.4502430200290475,
            0.7021092769023525,
            0.0,
            -1.6426501162715899,
            0.28048814482629675,
            0.28372417444986764,
            -0.8139651484900933,
            -0.4182140498085713,
            -2.139256952826607,
            0.5330225062063008,
            -0.31894785842144724,
            0.6830773278351846,
            2.111526761553841,
            -0.07000907659934899,
            0.9769546411887228,
            0.29400981849916696,
            1.2444380178935182
        ],
        [
            -0.3438074071909014,
            -0.020324538757565326,
            -1.6150515527593672,
            -0.2747508108270215,
            -0.24005711073045516,
            1.088859366169739,
            1.9914095737540884,
            -0.8315162238771552,
            0.245605160157041,
            -0.5601127423838455,
            0.11091189333016518,
            0.18292985680653928,
            0.16626159522738487,
            -1.9807571277722182,
            -0.613405478153958,
            1.4487079994489178,
            1.0234123580940429,
            -1.6426501162715899,
            0.0,
            1.6249033408895261,
            1.7547926841897972,
            0.5016426309116049,
            0.37715935004581985,
            -0.6528068459519536,
            0.33920320135039683,
            -0.19253447173291716,
            0.7037866346617806,
            0.2548279246761169,
            0.5473020432070856,
            0.4896781618604785,
            -0.0584321324235506,
            1.9441671786273795
        ],
        [
            -0.09387233948956063,
            -0.8488631886381193,
            1.144962316635224,
            0.32865177900087716,
            1.3961721158719007,
            -1.7123521301735187,
            -1.3070397777263119,
            -0.08282450733189584,
            -0.9873196528866106,
            0.5784264041075238,
            0.10163107721805198,
            0.3800841125555751,
            0.39812365648361664,
            0.15498397543985898,
            0.7613119451469773,
            -0.8418201475308251,
            -0.606263548155396,
            0.28048814482629675,
            1.6249033408895261,
            0.0,
            -0.7453987072872874,
            -1.3202622168022284,
            -0.4496262910162917,
            1.2492589764908362,
            -0.7488717359520642,
            -0.6264705133340456,
            0.5304039942505604,
            -1.5583042105566838,
            0.5838631488521322,
            -0.511345737641456,
            1.3147766141934702,
            -2.0638757511805963
        ],
        [
            -0.5738950750065032,
            0.76006942335945,
            -0.5882852824719043,
            2.793355555012476,
            -1.4038436658302398,
            -0.1703347482415482,
            -0.4147247076647646,
            -0.13550029102712044,
            -0.8295020107141104,
            0.9867730115112189,
            1.3405578743897255,
            0.20048023626769665,
            -0.25140074547163827,
            1.161106894542076,
            0.6052249406814542,
            -0.47407931502745226,
            -1.891510617848571,
            0.28372417444986764,
            1.7547926841897972,
            -0.7453987072872874,
            0.0,
            0.7118955560540922,
            0.2673898373736092,
            -1.2111043556380368,
            -1.2091584617336009,
            -0.5407283777312365,
            0.3339562582329117,
            -0.05303629267409986,
            -1.625489363424779,
            -0.4901285228628651,
            2.011276769199523,
            -0.7920353115992331
        ],
        [
            1.2261396074001838,
            1.092714927384716,
            -1.025971598844862,
            -1.236541627808201,
            -1.1718537262850326,
            -1.532665114157634,
            1.8734258763775204,
            -1.7112454800975367,
            0.13312163663732873,
            0.34504522292734824,
            -0.2883505696460005,
            0.339407889543815,
            -0.3097263256186903,
            -1.1228963391263138,
            -1.4570011086338466,
            0.1861572223604168,
            -1.8212729636201368,
            -0.8139651484900933,
            0.5016426309116049,
            -1.3202622168022284,
            0.7118955560540922,
            0.0,
            0.3312804917602142,
            -0.7714163900256161,
            -0.024298722918715297,
            -0.13854792988609296,
            0.5699303258286965,
            -2.201462520928567,
            1.4001970630847491,
            1.0056838185840886,
            0.0429635848156923,
            0.07240718733015708
        ],
        [
            -1.2547734256065437,
            -0.4150103331819732,
            -0.9045322223069996,
            -1.2133845448830458,
            0.4282436367899122,
            1.3288553650586363,
            -0.2943328476665703,
            -0.8897303015924993,
            0.6940991997942288,
            0.8263499146337758,
            1.3945581446226978,
            -0.18189532670878727,
            0.31891341718982763,
            -0.7500490706199182,
            0.01103898875733044,
            0.5184398775554541,
            -0.30989142945633824,
            -0.4182140498085713,
            0.37715935004581985,
            -0.4496262910162917,
            0.2673898373736092,
            0.3312804917602142,
            0.0,
            0.9143626654385725,
            -0.7246770856724978,
            -0.32467513073851356,
            -0.888679557529257,
            0.4973598165690947,
            -0.3615913265022536,
            -2.1726224204603257,
            0.5540790857725589,
            0.7718335323036419
        ],
        [
            0.6004934975205485,
            -0.551625700216133,
            -0.10819326218410999,
            -0.08549190244393974,
            -0.5631008002946959,
            0.4821351227237782,
            1.1219082289221858,
            -0.7105107368202517,
            -0.12789939060134042,
            -0.7676864228049913,
            -2.9054720160347793,
            0.3715618365642729,
            -1.3744334366155266,
            -0.04251337658470619,
            -0.6970952060159621,
            0.18608589191569205,
            -0.9494373569212922,
            -2.139256952826607,
            -0.6528068459519536,
            1.2492589764908362,
            -1.2111043556380368,
            -0.7714163900256161,
            0.9143626654385725,
            0.0,
            -1.1362454177567267,
            0.48295406653512957,
            1.4808389145604166,
            2.0278953331955814,
            0.8406821505314851,
            -0.37351288821648093,
            1.83234950867847,
            0.06620330095969298
        ],
        [
            0.20412791655840926,
            -1.5441137706674897,
            1.235059569077146,
            0.24710076408846174,
            0.04752445412137057,
            -0.13573642768768046,
            -0.1297729855631122,
            1.027954710524804,
            -0.5902684894030337,
            0.9119176534015991,
            0.5351375601853152,
            -1.561979309497196,
            -0.9855665531116091,
            0.7898443887393779,
            0.05061301660828147,
            0.5522435896588579,
            -1.3743903675721367,
            0.5330225062063008,
            0.33920320135039683,
            -0.7488717359520642,
            -1.2091584617336009,
            -0.024298722918715297,
            -0.7246770856724978,
            -1.1362454177567267,
            0.0,
            0.0109166699050256,
            1.0199992882156184,
            -0.4323930453875808,
            -1.653389559159533,
            0.9218226273872041,
            0.8826974889992786,
            0.6171150084421382
        ],
        [
            -0.8703896715334973,
            -0.8893911539331852,
            -1.1182348866026066,
            1.6199446967617743,
            -0.36436227310589103,
            -0.6666268568962666,
            1.1772463756789948,
            1.3757700133434292,
            1.4667253684638508,
            2.527594317622583,
            0.04353660372217877,
            1.1028983634663274,
            0.432875344651615,
            0.10223939411647966,
            -0.00017408620338510626,
            -0.7945191722388396,
            0.5608822053846424,
            -0.31894785842144724,
            -0.19253447173291716,
            -0.6264705133340456,
            -0.5407283777312365,
            -0.13854792988609296,
            -0.32467513073851356,
            0.48295406653512957,
            0.0109166699050256,
            0.0,
            0.5616384729188744,
            -0.49169904082463795,
            0.26164522952050034,
            1.185514415423343,
            -0.09549335049866424,
            0.6822060046299907
        ],
        [
            -1.5116742269534016,
            0.1503885658379337,
            -1.5694922647640066,
            -0.5040660970395098,
            2.65157133544546,
            -1.0710013331726702,
            1.1385850530065296,
            -0.05158692464813443,
            0.3892586639644791,
            0.6173642867903179,
            -0.27592153794997176,
            0.4185403391551771,
            -1.5998051231833412,
            -1.0776549629256063,
            -0.8340835537797582,
            0.8505741721084971,
            0.4567147515280855,
            0.6830773278351846,
            0.7037866346617806,
            0.5304039942505604,
            0.3339562582329117,
            0.5699303258286965,
            -0.888679557529257,
            1.4808389145604166,
            1.0199992882156184,
            0.5616384729188744,
            0.0,
            -0.46477504408328585,
            -0.08131625435206877,
            -0.8881522009699225,
            -1.018895389885471,
            1.185848295569908
        ],
        [
            0.24174965860159275,
            0.6189152580323196,
            -0.6087474204783064,
            0.17849451420739243,
            -0.663852886107557,
            0.8963085981663078,
            0.6360784050761266,
            0.5138405561108066,
            0.8234210909663303,
            -1.6308471148407413,
            0.9916334984996442,
            -0.3409160302297876,
            -0.12046405412607314,
            -0.5228191380929423,
            2.7185421827852987,
            -0.6981759818884402,
            -1.7065360890240202,
            2.111526761553841,
            0.2548279246761169,
            -1.5583042105566838,
            -0.05303629267409986,
            -2.201462520928567,
            0.4973598165690947,
            2.0278953331955814,
            -0.4323930453875808,
            -0.49169904082463795,
            -0.46477504408328585,
            0.0,
            1.0781702747032713,
            -0.7492319112096538,
            2.035881025282266,
            1.045443622817493
        ],
        [
            -0.9698565547936032,
            0.38891362728756085,
            -1.2745482121897718,
            1.4182739599142569,
            -0.9787659724873766,
            0.8069145669442337,
            0.42798081494982254,
            -0.9517818463563347,
            0.6288915496217641,
            -1.1954628511706962,
            -0.7343336641916984,
            -0.01832110794227768,
            -0.6801835983563375,
            0.3487612879283915,
            -1.7317621595031885,
            -0.7101116511532304,
            0.8639264991212231,
            -0.07000907659934899,
            0.5473020432070856,
            0.5838631488521322,
            -1.625489363424779,
            1.4001970630847491,
            -0.3615913265022536,
            0.8406821505314851,
            -1.653389559159533,
            0.26164522952050034,
            -0.08131625435206877,
            1.0781702747032713,
            0.0,
            -0.8825925112717089,
            1.8795721568932964,
            0.5950621751390595
        ],
        [
            0.5567812304840944,
            -0.39741926072115197,
            2.0847363560738175,
            0.3951522504824458,
            -0.24424755922020663,
            0.7480332581906983,
            -0.25966530579236224,
            -0.9830432331902049,
            -0.233094489343731,
            0.06135845544188614,
            0.08968515323911222,
            -1.920562172764967,
            1.243838945911591,
            -0.4156913223996699,
            1.1573270264911408,
            -0.926046068292129,
            -0.11903865873154341,
            0.9769546411887228,
            0.4896781618604785,
            -0.511345737641456,
            -0.4901285228628651,
            1.0056838185840886,
            -2.1726224204603257,
            -0.37351288821648093,
            0.9218226273872041,
            1.185514415423343,
            -0.8881522009699225,
            -0.7492319112096538,
            -0.8825925112717089,
            0.0,
            1.692567454924254,
            -0.2978470661770011
        ],
        [
            -0.05961319122777861,
            -0.40199691895723183,
            -0.11729559480308673,
            0.19796095768301714,
            -0.6042632173078065,
            1.4083031414646021,
            -0.8720466749727601,
            0.5664626295484148,
            -0.5470569240691131,
            0.4212885226116767,
            -1.0382907190852144,
            1.213330952348244,
            1.4519422590266309,
            -0.4268211489779521,
            1.7448213942344981,
            -0.3313550227033195,
            0.4436653082466148,
            0.29400981849916696,
            -0.0584321324235506,
            1.3147766141934702,
            2.011276769199523,
            0.0429635848156923,
            0.5540790857725589,
            1.83234950867847,
            0.8826974889992786,
            -0.09549335049866424,
            -1.018895389885471,
            2.035881025282266,
            1.8795721568932964,
            1.692567454924254,
            0.0,
            -1.1773285620795153
        ],
        [
            -0.6281811896891767,
            0.46424688645066814,
            -0.6404649546811301,
            0.15868005034321123,
            -0.5104499473552536,
            -0.18440539763625963,
            0.2661571251882888,
            -0.3936625792729679,
            2.2343645380049244,
            2.022745231263576,
            -0.8493392910365172,
            -0.31566374053348706,
            -0.30320821724280056,
            0.33383558308067457,
            -0.4760208731212529,
            0.3735539710673096,
            -0.6603060935123711,
            1.2444380178935182,
            1.9441671786273795,
            -2.0638757511805963,
            -0.7920353115992331,
            0.07240718733015708,
            0.7718335323036419,
            0.06620330095969298,
            0.6171150084421382,
            0.6822060046299907,
            1.185848295569908,
            1.045443622817493,
            0.5950621751390595,
            -0.2978470661770011,
            -1.1773285620795153,
            0.0
        ]
    ],
    "best_energy": -128.00348035863408,
    "best_spins": [
        -1,
        1,
        -1,
        -1,
        1,
        -1,
        1,
        1,
        1,
        1,
        1,
        -1,
        -1,
        -1,
        1,
        1,
        -1,
        -1,
        1,
        -1,
        1,
        1,
        1,
        -1,
        1,
        1,
        1,
        -1,
        -1,
        -1,
        -1,
        1
    ],
    "time_to_solve": 1.0042383670806885
}