{
    "N": 64,
    "id": "4abac5e8-3a5d-4ae3-827c-0f6b7b020cd8",
    "problem_type": "SK Spin-Glass",
    "distribution": "gaussian",
    "spins": [
        1,
        -1,
        1,
        -1,
        1,
        1,
        -1,
        -1,
        -1,
        -1,
        1,
        -1,
        -1,
        1,
        -1,
        -1,
        -1,
        1,
        -1,
        -1,
        -1,
        -1,
        -1,
        1,
        -1,
        1,
        1,
        1,
        1,
        1,
        -1,
        1,
        1,
        1,
        1,
        -1,
        1,
        1,
        1,
        -1,
        1,
        1,
        -1,
        -1,
        1,
        -1,
        1,
        -1,
        1,
        -1,
        -1,
        -1,
        1,
        -1,
        -1,
        1,
        -1,
        1,
        -1,
        -1,
        1,
        -1,
        1,
        1
    ],
    "couplings": [
        [
            0.0,
            0.9116819412981897,
            -0.6138052349109756,
            0.07583643885930395,
            -0.644163309334806,
            1.9104204310214916,
            -1.1531882593915,
            0.9162799341149859,
            -0.5161065981623948,
            1.1254092464576417,
            -0.9258209188335736,
            -0.6714667224040078,
            1.1302823525711365,
            -0.49092895412235926,
            0.638599575043382,
            -0.20820620099841697,
            1.8936063266439138,
            0.6989164495675392,
            0.21151668463874135,
            -0.4046964158247046,
            -0.4191435095306212,
            -0.20166564581292715,
            0.7126942024558576,
            0.5093973769538053,
            -0.29451623519983805,
            0.24660482297830014,
            -2.6507586812787407,
            -0.06997911470607265,
            -0.06871111261927203,
            -0.2831676218134301,
            1.4238672303727689,
            -0.9487254300941111,
            0.6114678835127112,
            -1.111723393270376,
            1.875545723503896,
            -0.42162162771241124,
            1.2186283001227332,
            -0.4755624527993723,
            -0.5183254008361733,
            -0.8590324759758825,
            0.3020079186672769,
            -0.07467040339885392,
            -1.362570871697215,
            0.4353962997732549,
            1.7040737582905798,
            -0.33348469512253087,
            1.152180664276321,
            -0.566631201652751,
            -0.12867824680688658,
            0.7957972162171308,
            -0.5439735335403345,
            0.7743431974055212,
            0.8348468037551842,
            0.23426346114858843,
            -1.3247518882355218,
            -0.44827378571551113,
            -0.08552146512095088,
            0.6730342661169383,
            0.36867421356245217,
            -1.0576320495073082,
            -0.693654880386774,
            -0.919262788401122,
            0.2935977410269107,
            -1.0124395346623862
        ],
        [
            0.9116819412981897,
            0.0,
            -0.6791939449407952,
            -0.6994290998123671,
            0.6852210164196724,
            1.0167042343213304,
            2.08732852543721,
            -0.7404558847417175,
            -0.6105112284846121,
            -0.6039925189433795,
            0.5261052886922923,
            -2.304976445666873,
            0.535554331058267,
            -0.16677761529710042,
            -0.5168269643300154,
            0.9429174407140684,
            -0.33313080464816375,
            -0.09403280110102515,
            0.17551756038452979,
            -0.35932012564698995,
            0.427747283900298,
            1.1947313705622045,
            -0.21208506873563732,
            0.03239861757637648,
            -0.2321851664492488,
            1.7557355025784789,
            0.16963513144663392,
            0.8139123620098061,
            -1.798726104736915,
            0.47792009473905345,
            -1.3807852633962447,
            0.5850591721118175,
            -1.1932055430240174,
            0.7276928462589506,
            -0.6950026520867973,
            0.13280179809269407,
            -0.807929571778664,
            -0.25139141873913146,
            -1.1637293145562702,
            0.8052927180205852,
            -0.24318242764831244,
            -2.6853200786344815,
            1.4565628562987611,
            -0.031249411877637346,
            -0.5514666801616092,
            0.13006482717082632,
            -1.6564412248271976,
            -0.3533493456927814,
            -1.0974666291023434,
            1.4378578452248663,
            -0.4312075884912719,
            0.6859254724078901,
            0.251347854928317,
            -1.5999772159413925,
            -0.524750078834424,
            0.11997908025896613,
            -1.458867900704235,
            -0.1863174414192944,
            -1.1242749139549124,
            -0.916732249383059,
            1.635404317367172,
            1.0602298118115832,
            -1.3488438306002106,
            -0.47042634473611866
        ],
        [
            -0.6138052349109756,
            -0.6791939449407952,
            0.0,
            -0.932594190888951,
            -0.26657542563865744,
            0.6281568854950781,
            0.46426956431930505,
            1.9749223890099474,
            -0.7471361070938821,
            0.7551857368771437,
            0.00990394260392162,
            -0.2443601375461028,
            1.8315791567831228,
            0.7923342155974594,
            1.0429875861377877,
            0.1408645711317318,
            0.023310951237337438,
            -1.2051878117782995,
            0.483941691184929,
            1.0829044566883541,
            1.5349146978243258,
            -0.6470637654116219,
            -0.3352452028434215,
            0.33474510035340754,
            0.3178343654783769,
            -0.39053553738041275,
            -0.8931774906328438,
            -0.12702061381376792,
            -0.14451571493686316,
            -1.7692530636138828,
            -0.4639702212943689,
            1.933720182181476,
            -0.6877678041211757,
            0.44343197445430277,
            -1.0570114484544355,
            1.3406772568572907,
            -0.2246842693299544,
            -0.6722423598067626,
            0.16827845855227336,
            -0.5176910202073078,
            0.16360870000107303,
            -0.8309839380568121,
            -0.13149959923234678,
            -0.14305276591258193,
            -0.6609125930542064,
            2.5394582099018015,
            -0.14026866553690714,
            -0.8544514902937919,
            -0.1251275170253686,
            3.636821991900562,
            -0.6644658805613356,
            -1.4672010293745528,
            -0.8966360834133357,
            -1.512705365985405,
            0.9219654374321286,
            -0.9098313529967561,
            -0.8015152878264322,
            -0.9925640675067211,
            0.1267063876167624,
            -0.2804659009286392,
            -0.18988765182957462,
            0.206454093211107,
            0.7996643346403011,
            0.24824878981591897
        ],
        [
            0.07583643885930395,
            -0.6994290998123671,
            -0.932594190888951,
            0.0,
            0.37017919514390074,
            -0.7180305927200691,
            1.0179111939352805,
            1.7942005091763942,
            1.1401862453280405,
            0.44355467842929475,
            1.654287376120342,
            -0.1294600890422504,
            1.6012800167801384,
            1.0381017046111691,
            0.1376597048797422,
            -0.580881948765014,
            -0.5820733080256906,
            -1.2334146388329374,
            0.9009494172434624,
            0.4932922897974625,
            0.1660061599198545,
            -0.5613655999240352,
            0.4755795160158943,
            0.5273440649810498,
            -0.6538585913231644,
            -0.15923812262102188,
            -1.0271521927667107,
            1.1125309640857115,
            0.8526373807951295,
            -0.19073750104823464,
            -0.3691956847059651,
            -1.4840075556857015,
            0.17512869440587395,
            0.6279557474417298,
            -0.5609385118833222,
            1.2985806030453437,
            -0.9401026734077569,
            0.33201283983488233,
            -0.32889233412486607,
            0.4129241032603223,
            0.6615986386921333,
            0.4468132051808418,
            1.7291854187004776,
            0.27003269288198856,
            -0.46639127472475334,
            0.8914548327149376,
            -0.5631151523617177,
            -0.6850795899732313,
            0.7943504678458216,
            -1.455568524409467,
            0.6189842218277202,
            -0.592714322232048,
            -1.5981286493496571,
            0.30535938122131917,
            -0.41608635821054113,
            0.48736797090589556,
            0.6106576695578582,
            1.069875264456507,
            -0.3621277260604976,
            0.15399485763663545,
            -1.9966492035176986,
            -0.5669521374271337,
            0.8827092617454392,
            0.4676584452064316
        ],
        [
            -0.644163309334806,
            0.6852210164196724,
            -0.26657542563865744,
            0.37017919514390074,
            0.0,
            1.8354755321916367,
            0.5266294249828685,
            0.8240337175187432,
            0.004454697789002166,
            -1.7427206029544184,
            -2.0779284005173118,
            0.10635549453524883,
            0.27014848305730205,
            -0.6955608133143717,
            0.10379841330124426,
            -1.2341809558561927,
            0.9168003423639045,
            -0.4756062950541564,
            1.3208256768636188,
            -0.07460324180195793,
            1.516974115675481,
            0.1025888947470123,
            -1.1815514837357255,
            0.011659336024396727,
            0.6838514430888742,
            -0.19116753307870113,
            1.1445232602479751,
            -0.21042722465206368,
            -0.70201615071417,
            0.21133001951219677,
            0.9162520338213436,
            0.854775085553224,
            -0.06929720185640587,
            0.4272218126950796,
            -1.6984868042437071,
            -0.13652728775693038,
            1.7712291509252571,
            0.9333810484070708,
            0.07494824945069163,
            -0.595265914616746,
            -0.9293735812071837,
            1.129380493940471,
            -0.9758271702564607,
            0.9642059764158759,
            -0.8486520410838443,
            -1.531558472876153,
            -0.635067300357762,
            -1.6793187412300237,
            2.3000299468770824,
            -0.04016558159026583,
            2.4626962148871816,
            0.8610558121741821,
            0.6151493931896246,
            0.19922237417213132,
            -0.035677719508198674,
            -0.3747156738971585,
            -1.7190737104474245,
            -0.5071339565210695,
            -0.6555794332831462,
            0.7986693392876921,
            -1.0312809119633422,
            -1.5208790399524739,
            0.25624756822462097,
            0.9036247726606744
        ],
        [
            1.9104204310214916,
            1.0167042343213304,
            0.6281568854950781,
            -0.7180305927200691,
            1.8354755321916367,
            0.0,
            0.29496694817205094,
            1.1683157507014392,
            0.4261340329252403,
            -0.13798762964705716,
            -1.0255159292767673,
            0.4688288820150114,
            0.8987201098156917,
            -0.19829917227027152,
            -0.7558547585527989,
            0.36262896171163644,
            -1.208859234117844,
            -1.1947427620954494,
            0.05953708280708917,
            -0.4415913465776808,
            -0.3829543946310604,
            -0.14207562838624893,
            1.2933575362393885,
            0.39302645146468196,
            1.349431856650549,
            2.0193827861384763,
            -0.4087743174841363,
            0.70951329226113,
            -0.3892399231308982,
            0.036108526720834005,
            -0.008184385936951219,
            -0.008536592898347318,
            -1.337164079410208,
            0.11812507183936775,
            -1.4161255544803248,
            -0.5327794988784702,
            0.5242531997300824,
            0.4641889695011913,
            1.2243278745760477,
            0.624625067691118,
            1.3538084318264907,
            0.3056936071617824,
            -1.2780140117208745,
            2.092683397759048,
            -0.31348477219087223,
            -1.234225335647562,
            -0.4055009163391296,
            0.13398698052612543,
            -0.6364803500165277,
            -0.8394062930205619,
            -0.8788327246106945,
            -0.48146293777298077,
            1.8180948320608363,
            -0.7859592115394963,
            0.8104444817523682,
            -0.9544684728908318,
            -0.577012378272228,
            0.5751225276108639,
            0.7510879557242284,
            -1.4796516749504105,
            1.4398497101780394,
            0.7561389180786909,
            2.027999658944309,
            -0.6377222936597098
        ],
        [
            -1.1531882593915,
            2.08732852543721,
            0.46426956431930505,
            1.0179111939352805,
            0.5266294249828685,
            0.29496694817205094,
            0.0,
            0.27176312850458406,
            0.5974114293797046,
            0.8506700309494274,
            -2.0778119776806814,
            1.1679915303016166,
            0.26847432875656196,
            -1.1288824288928745,
            0.8124627444926266,
            -0.44158843409110143,
            1.1641580946747883,
            -1.6553079571937097,
            -0.16144895239549645,
            1.4517150524753584,
            1.0901358162316175,
            -0.7375621735302712,
            -0.8604097285575959,
            -0.07410587649510547,
            -0.14401338816375617,
            -1.5537050764646223,
            0.22351568307808628,
            -0.7179999180711435,
            1.3529646508647724,
            -1.1158703510351846,
            0.8991862055652535,
            1.11754217744848,
            0.18287890516609004,
            1.714245044363229,
            -1.1111644592249326,
            -2.516627244554789,
            -0.8092287846141691,
            0.5219889202209255,
            0.7243572730596725,
            -0.5022517294432126,
            0.1895655322200143,
            -1.1997663343234186,
            -0.08925540782110884,
            1.9590672113512522,
            -1.1016069670861477,
            -0.5595880102488586,
            0.6086657522178307,
            -0.8773053655372799,
            0.2988541407395276,
            -0.14840462532083493,
            2.05852165475972,
            0.13852030514963418,
            1.1377526943466387,
            0.5860336718269028,
            -1.4721558950436702,
            0.33719126179357384,
            -1.2000447271276846,
            0.07434508061345232,
            0.2999491001053253,
            -0.21254875504983523,
            -0.5951129852439351,
            -0.015814439816745598,
            1.6793643558942197,
            -0.579115512752475
        ],
        [
            0.9162799341149859,
            -0.7404558847417175,
            1.9749223890099474,
            1.7942005091763942,
            0.8240337175187432,
            1.1683157507014392,
            0.27176312850458406,
            0.0,
            1.5188181362085134,
            0.6146892793231634,
            -0.5851011243665516,
            -0.16969684931033988,
            -0.314296470501029,
            -0.550833815619525,
            1.4520092995958664,
            -1.2361089307391677,
            1.6700167864319662,
            1.081957135939755,
            0.3022246222999987,
            -1.6990941127871892,
            -1.4404323188339772,
            -1.6989174152430413,
            1.1842042916583673,
            0.10713025848279008,
            -0.6492227215234705,
            2.20567193925898,
            0.6126515973186233,
            0.45648626236920736,
            0.5451539468551765,
            -0.14904415187605122,
            1.589783137251828,
            -0.021512787853821252,
            -0.29201536406917816,
            -0.6432634494499089,
            -2.3068024971308327,
            1.0944250687959818,
            -1.0125447315225984,
            -1.0959978776425934,
            -0.8353128233016778,
            2.421311201118989,
            -1.6893508668314734,
            -0.6273895945107686,
            -2.8335589137219994,
            -0.7872116129999203,
            0.9167791337162706,
            0.4095875598460832,
            1.8524351564391088,
            -0.9704234847371155,
            -1.3281400201805675,
            0.8982000373594898,
            0.3691993877086467,
            -0.8342631328692655,
            -1.216534306062722,
            0.9631289120719865,
            -0.1849101990319086,
            0.670630184572897,
            -0.06470936865425668,
            0.5679285231455585,
            0.8922623559749481,
            0.32138030075679386,
            -0.8998120063735561,
            0.09327226720334943,
            0.21706917798269343,
            0.0578992963962041
        ],
        [
            -0.5161065981623948,
            -0.6105112284846121,
            -0.7471361070938821,
            1.1401862453280405,
            0.004454697789002166,
            0.4261340329252403,
            0.5974114293797046,
            1.5188181362085134,
            0.0,
            -0.1609769799380996,
            0.0034001570035854726,
            0.7801276686150717,
            0.4779174819310036,
            0.5598125479731375,
            -0.7220803089108594,
            -0.007091297726966157,
            0.93704372348798,
            0.843806903006761,
            1.4709981415538311,
            0.13808851925320298,
            1.4334737705892906,
            0.5538911744230169,
            -0.09496594715340763,
            -0.20239639185870317,
            -2.047456618261468,
            -0.8217376421734869,
            0.8443657181686672,
            0.8216646401816904,
            -1.8127230435913553,
            0.21204483379444536,
            0.10535052283429554,
            -0.7926517522717562,
            -0.0096315222724999,
            -0.7086775902955477,
            1.2919962619525345,
            -2.4210725215901556,
            0.5332896921799688,
            -0.008724147187919827,
            0.6936184651664089,
            0.3591937200182131,
            -0.45766134793279056,
            -0.07749205193594914,
            0.3480841726790281,
            -1.9326160765142393,
            0.8766685764429073,
            1.2134402586620934,
            0.18747877827300935,
            0.18879057538455457,
            1.2371864038458011,
            -1.7422770769362694,
            0.8507114854511038,
            -0.9989370112067115,
            1.1558705517716605,
            1.0797575706876512,
            1.8058518121093934,
            -0.8823363382735157,
            0.5193656549226413,
            1.2189305068588814,
            -0.08382167960685216,
            0.2887569006073431,
            0.10827539226105017,
            2.325732191045182,
            0.14454185004590706,
            -0.039740922319059735
        ],
        [
            1.1254092464576417,
            -0.6039925189433795,
            0.7551857368771437,
            0.44355467842929475,
            -1.7427206029544184,
            -0.13798762964705716,
            0.8506700309494274,
            0.6146892793231634,
            -0.1609769799380996,
            0.0,
            0.6760019958209962,
            -1.3669672104828932,
            0.3379035368845142,
            0.5974064554178214,
            0.7752384952970471,
            1.6302237724527182,
            -1.2229219274373788,
            -1.177050737147404,
            0.8827672081380731,
            0.3427318904972651,
            -0.9960236253627901,
            2.332495153548499,
            0.5160198052504906,
            1.0250734774051466,
            -1.374800132696088,
            0.8643343638409335,
            0.10318485172393267,
            0.23051548016073162,
            0.18219428396529322,
            1.0714608868631192,
            -0.44182608198246576,
            -1.4049975032688373,
            0.40633968289090233,
            1.9303449673493362,
            -0.8789238496612548,
            -1.4310690293437562,
            -0.9865731821601968,
            -0.7923111120508926,
            0.6248442494298212,
            1.1061432259215755,
            0.12112099832965992,
            2.2404707181192745,
            -1.7873111668050237,
            -0.5363169669768283,
            0.09513504363682729,
            0.8652263559196173,
            0.7317009430150585,
            -1.3237214866000924,
            0.25817594544956685,
            0.4112710837673675,
            -0.865233027335818,
            -0.8481049584913813,
            1.4783296770930032,
            -0.6323721230975098,
            -0.24697982508948954,
            -1.3682643230879015,
            -1.5190009753576013,
            -0.9962117863046285,
            0.08226980738185777,
            -1.7692323274234774,
            -0.225057601937075,
            -0.535602240129483,
            0.306666183942677,
            0.3948917328236203
        ],
        [
            -0.9258209188335736,
            0.5261052886922923,
            0.00990394260392162,
            1.654287376120342,
            -2.0779284005173118,
            -1.0255159292767673,
            -2.0778119776806814,
            -0.5851011243665516,
            0.0034001570035854726,
            0.6760019958209962,
            0.0,
            0.23630969770868243,
            1.3466284047308237,
            0.1629562124355176,
            0.3110545958776006,
            -2.6975564098831617,
            -0.08252067317441275,
            -0.6191953610658574,
            1.0330717070841975,
            -1.6455216494028078,
            -1.6549407827831732,
            -0.2741934247928598,
            -0.44925981569473694,
            -0.8292819872586807,
            0.4216269852648813,
            0.08775525069078101,
            0.8856944340643114,
            0.6893492990853016,
            -0.9702524840071796,
            0.2904496873563526,
            0.656977875355574,
            -1.5497501764479982,
            -0.0011629187158997815,
            -0.4311269258274102,
            0.9505803571929572,
            -0.6970339539815632,
            0.632026091849195,
            -0.3569863967376915,
            -1.400911552607669,
            -0.4943092336059494,
            1.31690364674864,
            0.44103405005121804,
            -0.35243979313575624,
            1.8330355384800374,
            0.25900234997249116,
            0.22532710363222094,
            -1.7836809933757087,
            -0.3482759761734031,
            -0.2588205680999225,
            0.38942991724512394,
            -0.42581757087472183,
            -0.9884439757863801,
            -1.4630094819576056,
            -1.1063581309890278,
            0.5507037352914891,
            1.7559849291435026,
            -1.5112284345473905,
            0.8790133949780223,
            0.2696546928411405,
            1.9258119621180565,
            -1.357416133602525,
            -0.292329288810514,
            -0.5363905128300865,
            0.5958283218067254
        ],
        [
            -0.6714667224040078,
            -2.304976445666873,
            -0.2443601375461028,
            -0.1294600890422504,
            0.10635549453524883,
            0.4688288820150114,
            1.1679915303016166,
            -0.16969684931033988,
            0.7801276686150717,
            -1.3669672104828932,
            0.23630969770868243,
            0.0,
            -0.19325820324063428,
            -0.3854492078237124,
            1.761476980428014,
            -0.192151007685754,
            -0.21389081892762,
            -0.01097814720959758,
            -0.7048207291905447,
            -0.4243137593511443,
            0.7591008075647507,
            0.6320367845202138,
            0.5685767046557594,
            -0.9225069367989023,
            -0.9106591484376143,
            -0.6639809754764753,
            0.4484768432858646,
            0.04715534927699399,
            -0.09886258594080359,
            0.060495463858554,
            1.6744461078872916,
            0.8781399039083322,
            0.3272018212913351,
            1.7529669028184889,
            0.7452859301684659,
            -0.5906639534378981,
            1.7156447040824068,
            -1.667869583875682,
            -1.9465442940548257,
            0.5613309296711881,
            0.4905395066028035,
            -0.03470273270272801,
            -0.5192026472095898,
            0.971207203825064,
            -1.2560761591892948,
            0.9707276779740261,
            0.4662759600941182,
            0.8087875744233359,
            1.4274256604318434,
            0.40842099986520347,
            -1.0802476275600614,
            0.6725434792094935,
            0.02842560538890227,
            -0.21276479519175737,
            0.13251629592538816,
            2.0790773695093065,
            -0.3452676101260815,
            -1.0320011235750723,
            -1.6974891262440261,
            -0.9111540453007487,
            -0.7283826649130514,
            -0.7624274578886806,
            -0.9705417562138964,
            0.7163498574607406
        ],
        [
            1.1302823525711365,
            0.535554331058267,
            1.8315791567831228,
            1.6012800167801384,
            0.27014848305730205,
            0.8987201098156917,
            0.26847432875656196,
            -0.314296470501029,
            0.4779174819310036,
            0.3379035368845142,
            1.3466284047308237,
            -0.19325820324063428,
            0.0,
            -0.4926314164422583,
            -0.2716165563135326,
            0.06941673998978606,
            -1.5098976283845023,
            0.6651333779281344,
            -0.028086044135899404,
            -0.10395785386158168,
            -1.3224192988427177,
            1.0494295475465496,
            0.8797531564983067,
            -0.6655072938619542,
            -0.14716204152211754,
            -1.578794674780869,
            -1.3427006144757057,
            1.5851176713460937,
            -1.6798950286251997,
            1.699743159166458,
            -1.902811541244727,
            -0.077074263963663,
            -0.6088338091379997,
            -0.040108918394497865,
            -1.5819774171086325,
            0.6404342274300355,
            -0.0695035631478406,
            -1.0726631638083854,
            -0.06562182281887503,
            -0.347261870019885,
            0.2049300423002498,
            2.125514432747135,
            1.9386475974900728,
            -0.5918289591046063,
            0.550311231134832,
            -0.9199126792161998,
            1.0953448032884805,
            -1.007663506518715,
            -0.38539321273718374,
            -1.5129007293607597,
            -0.4735392921338347,
            -1.2599048840501095,
            0.15412704505099822,
            0.24744846903443377,
            -1.4719748722481079,
            0.06067527773657227,
            0.3347654257593723,
            1.3834612540546205,
            0.6822126420033559,
            -0.3681302794933362,
            0.21953830246935968,
            0.6669032037768587,
            -2.451873201792911,
            -0.5669829421275554
        ],
        [
            -0.49092895412235926,
            -0.16677761529710042,
            0.7923342155974594,
            1.0381017046111691,
            -0.6955608133143717,
            -0.19829917227027152,
            -1.1288824288928745,
            -0.550833815619525,
            0.5598125479731375,
            0.5974064554178214,
            0.1629562124355176,
            -0.3854492078237124,
            -0.4926314164422583,
            0.0,
            1.7707579942310592,
            2.591852389804563,
            1.616693910657971,
            -0.7293239069749006,
            -0.4962627554360574,
            -1.0660556784901973,
            -0.47262268119587464,
            -0.21003608443589877,
            0.5893708928180931,
            0.6565279675534894,
            0.4901648333639422,
            -0.64723392956731,
            1.5304564034485197,
            0.9018968484129534,
            -0.9533240025196805,
            0.29720066521947863,
            1.1778074675264971,
            -0.057701387376528954,
            -1.6913828823001367,
            -0.5322107003920201,
            0.6111733556074511,
            0.2126211181361139,
            0.4782680356421475,
            -0.8306190416782259,
            -1.309202639784719,
            -0.5214139094319001,
            0.5313877073613337,
            -0.13905609648707132,
            0.1556315017007978,
            1.7843818166733802,
            -0.5280510484728742,
            1.4705885166952546,
            0.15211324381061334,
            -0.8690810099465925,
            2.5474623258010034,
            -0.6921580546899497,
            -0.47083711439073306,
            -0.17401013699739526,
            -0.26917447983121207,
            0.40120454861231797,
            -0.9537565964086836,
            -2.2181966391328602,
            -0.14044646815193693,
            1.1843186607502547,
            -0.07284711312670931,
            -0.481230635894795,
            -0.785776815017026,
            -0.8146171746683073,
            0.6669780846596993,
            0.20354197613052277
        ],
        [
            0.638599575043382,
            -0.5168269643300154,
            1.0429875861377877,
            0.1376597048797422,
            0.10379841330124426,
            -0.7558547585527989,
            0.8124627444926266,
            1.4520092995958664,
            -0.7220803089108594,
            0.7752384952970471,
            0.3110545958776006,
            1.761476980428014,
            -0.2716165563135326,
            1.7707579942310592,
            0.0,
            -0.5675915254843745,
            0.7205137886863803,
            -0.9234742592108679,
            0.8865865354445152,
            0.47559486235779697,
            1.1761347801997981,
            0.6208287420541824,
            0.4624008348251041,
            0.20593909703500407,
            -0.5630517428303532,
            -1.577037348064485,
            0.5404486915124459,
            -0.0442437401964814,
            0.569741834384462,
            0.23859763606986303,
            0.9381868317280234,
            0.6051351014144197,
            -1.0539408469900877,
            -0.950687162954512,
            -0.1424107259639203,
            -0.5901885381910572,
            -0.0002623046518422132,
            1.2761873539512136,
            0.10257034473589145,
            1.431016057983526,
            -0.991876639618048,
            1.246913334705604,
            0.888736333635468,
            -0.5890358112537167,
            -0.12403085677143749,
            0.28135619055519645,
            0.42006775531000873,
            -0.12180262776726777,
            -1.169605461457667,
            -1.3211601198787915,
            0.06420041864783947,
            1.2857140498247845,
            -0.07858383051428482,
            0.9165552177924643,
            1.0922670252860847,
            -0.6444272935501858,
            0.015479142057528074,
            -0.010009272124241872,
            -1.7328486008568613,
            -0.12759172647761682,
            -1.120977438148269,
            0.1741944249970105,
            1.2848193331441111,
            -2.181682789756783
        ],
        [
            -0.20820620099841697,
            0.9429174407140684,
            0.1408645711317318,
            -0.580881948765014,
            -1.2341809558561927,
            0.36262896171163644,
            -0.44158843409110143,
            -1.2361089307391677,
            -0.007091297726966157,
            1.6302237724527182,
            -2.6975564098831617,
            -0.192151007685754,
            0.06941673998978606,
            2.591852389804563,
            -0.5675915254843745,
            0.0,
            -0.317531493936708,
            0.3688173101934409,
            0.01681733250226469,
            0.04242114793640824,
            -0.2820846471138264,
            1.2569951765723046,
            0.2978377003093517,
            -1.5685423042562336,
            0.16194284608794274,
            0.7298141198908049,
            0.6546407837931216,
            -0.0623202251139316,
            -0.8438918829624239,
            -0.22055765438386052,
            -2.6501550680862946,
            -0.27603852137729057,
            0.6128488236718332,
            -0.037124153926416416,
            0.3609623006642917,
            1.6270681279757828,
            -1.8754989271407774,
            -0.5110164577397445,
            0.13708758273677588,
            -0.13592385597829543,
            0.6111949408237176,
            -0.45248230349753554,
            -0.7654786174156192,
            0.8949250525576758,
            1.3192079328556663,
            0.9908881618972619,
            0.3004240797625224,
            -0.5594752261553378,
            1.7878270121894373,
            -0.7090742737525922,
            1.456559548723976,
            2.3166479714547172,
            -1.4233851204436234,
            -1.0716457750867587,
            -1.8816257803707002,
            0.7138229730747734,
            -1.1847756479975005,
            -0.2432048853938638,
            0.3782519991686944,
            -0.4797109434142592,
            -1.6828511594588706,
            -0.1032876654214481,
            -0.7669156955176779,
            -0.7427442019612116
        ],
        [
            1.8936063266439138,
            -0.33313080464816375,
            0.023310951237337438,
            -0.5820733080256906,
            0.9168003423639045,
            -1.208859234117844,
            1.1641580946747883,
            1.6700167864319662,
            0.93704372348798,
            -1.2229219274373788,
            -0.08252067317441275,
            -0.21389081892762,
            -1.5098976283845023,
            1.616693910657971,
            0.7205137886863803,
            -0.317531493936708,
            0.0,
            0.30248910175914745,
            0.6500033592480018,
            0.21549995503319916,
            -1.4341112156304225,
            0.6481155460354222,
            -0.09728343484127876,
            -0.7728872693907073,
            -1.2402135844180728,
            -0.3167801703138546,
            -0.006421115074174132,
            1.536515966157971,
            0.1930655561800733,
            -2.1789329082393003,
            0.42185424121461995,
            0.2814906101841107,
            0.5557205648740837,
            -0.8719244773893587,
            0.2817606949392547,
            -0.046209847453382295,
            -1.3747071925320054,
            -0.732197266983923,
            -0.9248678684665065,
            0.8714668344568306,
            -0.20347211416906474,
            1.0619832277814234,
            -0.16489559994169892,
            -0.9672213071621141,
            -0.5961780571970837,
            -0.6000978468431852,
            -0.048237217688017954,
            -0.5605534160192733,
            -1.2638684281610484,
            -0.3347146486717401,
            -0.28046567171318454,
            -1.1278356868817796,
            -0.6858614224981572,
            -1.6156051701842065,
            -1.1290886355040926,
            0.46130603502226786,
            0.3577606470659074,
            0.47800619171894887,
            1.4174012260285385,
            0.11879003790892946,
            -0.2883244662847009,
            0.7379229041590263,
            -1.4515665301987428,
            -0.2834942858970222
        ],
        [
            0.6989164495675392,
            -0.09403280110102515,
            -1.2051878117782995,
            -1.2334146388329374,
            -0.4756062950541564,
            -1.1947427620954494,
            -1.6553079571937097,
            1.081957135939755,
            0.843806903006761,
            -1.177050737147404,
            -0.6191953610658574,
            -0.01097814720959758,
            0.6651333779281344,
            -0.7293239069749006,
            -0.9234742592108679,
            0.3688173101934409,
            0.30248910175914745,
            0.0,
            -1.381482153956386,
            0.5471384513339485,
            -0.5820139648156224,
            -0.4836082066087828,
            -1.3919930409286236,
            0.46448043791561466,
            0.7617957180937979,
            -0.8858341876773265,
            1.0429824232001168,
            -1.0437522610195824,
            0.036392456970239975,
            -2.253203838798761,
            2.4667200254295385,
            0.42477148136997717,
            -2.174985977803897,
            0.18680178746572615,
            -1.5464793818603162,
            0.4344719374594987,
            1.286361888679815,
            0.3747877251925699,
            0.3955331661901225,
            1.1885044914743832,
            -2.6616637140703925,
            -0.3974287317299685,
            -0.2383123852309157,
            0.7779919677448989,
            -1.1518016668965567,
            -0.9654656097643683,
            1.6451209969099738,
            -0.7627649893967584,
            1.052080210391509,
            -0.9686153888220412,
            -0.7654526059526205,
            0.7747091494261142,
            -0.6831080528978598,
            1.1876275021096276,
            1.046042121298952,
            0.3855218286288154,
            0.9571787249500312,
            -0.4685579519725985,
            1.2165150765079262,
            -1.3764581327451528,
            -0.6353374174012509,
            0.7446847471704869,
            0.09437603213499368,
            1.1240537526980021
        ],
        [
            0.21151668463874135,
            0.17551756038452979,
            0.483941691184929,
            0.9009494172434624,
