{
    "N": 64,
    "id": "7bce1b49-a951-4d2c-a77f-758a01bae2ac",
    "problem_type": "SK Spin-Glass",
    "distribution": "gaussian",
    "spins": [
        -1,
        -1,
        1,
        1,
        -1,
        -1,
        1,
        1,
        1,
        1,
        -1,
        1,
        1,
        -1,
        -1,
        -1,
        1,
        1,
        -1,
        -1,
        -1,
        1,
        1,
        1,
        1,
        -1,
        1,
        -1,
        1,
        1,
        -1,
        1,
        -1,
        -1,
        -1,
        1,
        -1,
        1,
        1,
        -1,
        1,
        -1,
        -1,
        1,
        1,
        -1,
        -1,
        1,
        -1,
        -1,
        -1,
        1,
        1,
        1,
        1,
        -1,
        -1,
        -1,
        1,
        1,
        -1,
        1,
        -1,
        1
    ],
    "couplings": [
        [
            0.0,
            -0.6983536508386,
            -1.062007729914312,
            -0.5956155905686299,
            -1.9374769657244553,
            -0.3840600735234373,
            -0.9577681015344391,
            0.28305483069980397,
            0.052789733665823624,
            -0.1534207158714402,
            0.5236962003615923,
            0.495794257458546,
            -1.9479615715386958,
            -0.8998991853956282,
            -0.8459446371088805,
            1.8065916738413692,
            1.6237998790833943,
            0.27841347598689514,
            0.8968697855123894,
            0.05422052026440966,
            0.7132542849175283,
            1.8299834422004737,
            -1.0371846264435303,
            0.2221657504075179,
            0.3595295821586368,
            -0.40591102221960246,
            -1.223789672515301,
            -1.442794109094964,
            0.3883430631033442,
            0.8005172552509568,
            -0.25542632928244335,
            1.5224312135909843,
            -1.5091640485018065,
            0.30582105982323066,
            0.34917456475913494,
            -0.02107600161571337,
            -1.4183044258056718,
            0.10789195428541215,
            -0.017700686047893273,
            2.299133560665099,
            1.0008360403648668,
            0.7632122895175101,
            -0.26814211562731655,
            0.7124870715126235,
            -0.17582550618233359,
            -0.26907689914082605,
            -1.07985578602801,
            0.2216798593859714,
            0.027961326381174472,
            -0.30948299349507097,
            -0.5591063444778231,
            0.6958497523430253,
            -0.21883329282467348,
            0.4636258722100143,
            -0.3858808165622567,
            2.781876947007758,
            0.6321745734149401,
            0.10607526933583863,
            0.511011302901814,
            1.5955476896093523,
            -0.4062458045111026,
            -1.3105464420937771,
            1.5436601183498122,
            0.009427985811313462
        ],
        [
            -0.6983536508386,
            0.0,
            0.9720468926951145,
            -1.4608777133993442,
            0.07134201687497113,
            0.3415668352362434,
            0.25201591090016123,
            0.7373980660686046,
            -0.037856924502399025,
            -0.5139547615651687,
            -0.23663653536531548,
            0.13735531112372484,
            0.03691810298379126,
            -1.8785405411096279,
            -1.7563367941570192,
            0.1607390763845866,
            0.5535440720581178,
            -0.34592798450538353,
            -0.42659071250044506,
            -0.479624921965792,
            0.4502188527320591,
            0.403609396950229,
            0.401205362541747,
            -0.19011609799168686,
            -0.44764533007281004,
            0.4090266443035521,
            -0.15200869968305974,
            -0.6638930271726556,
            1.3052299836336665,
            1.1656360869754372,
            0.10381014839193202,
            0.0728734355704864,
            0.9767196627412649,
            0.6097578425789347,
            0.9309401711762632,
            0.38134941803604994,
            -1.3488610122995373,
            -0.17886575029682056,
            -0.2218611050180065,
            0.43569173667258243,
            0.23451377207843457,
            -0.301574330815113,
            1.6137803847009589,
            -0.20601672885922193,
            -1.324542422333858,
            0.6127445749227896,
            1.2265431738143437,
            -1.1545317076961379,
            -0.12492492989033573,
            0.3773871658171273,
            -1.8161688443220705,
            0.9196523841851615,
            0.991173390521296,
            -1.431008883387198,
            -0.3790057867830563,
            -0.623265504798705,
            -0.09465284017445952,
            -0.1154644927295915,
            1.0518571522236881,
            0.013257020886426293,
            -0.25658698247185086,
            0.1065188429648996,
            -0.813870469266067,
            -0.3481993165838431
        ],
        [
            -1.062007729914312,
            0.9720468926951145,
            0.0,
            0.3264932042081807,
            -0.8885844277344037,
            1.054321213279057,
            -1.287785494842436,
            -1.2595301626598585,
            -0.17074465888653942,
            -0.25310618698577964,
            -0.3669985994346246,
            0.4324107066849404,
            0.08951038478151017,
            0.6518200839426987,
            0.3853104487268896,
            -0.18640418967887626,
            0.857296004267995,
            0.7405876076877902,
            0.14200343344338015,
            -1.3383728516401279,
            0.02750393731855623,
            -1.6814920435728202,
            -1.4989902913826623,
            1.027738347414895,
            1.672140245876395,
            -0.8453877140049575,
            0.5487129444253485,
            0.22543844903994767,
            -0.31098839871489203,
            0.2874507943142036,
            -0.4089787237514319,
            -0.5479417589356443,
            1.304376766998203,
            1.0704221641072644,
            -0.5998762783311553,
            -0.3270548238670574,
            -0.09946291070803553,
            0.18748294829922324,
            0.7159302957443386,
            -0.9342082899232316,
            1.2334782191931648,
            0.25368916279175624,
            0.979691930864398,
            -0.7048646735793784,
            -0.18003274858030244,
            -0.745527285354002,
            -0.28149246871645056,
            -0.1593174050887373,
            0.04937640446962272,
            0.43053149968910925,
            1.3932330970490863,
            0.16345537710644487,
            -2.3736198987607393,
            -0.22266127329266835,
            0.6928452063980562,
            -0.5241649340483185,
            0.8248575971154283,
            0.11430021646506083,
            -0.5566515625132452,
            -0.1411621209632136,
            1.829439500297456,
            -0.46254898125348043,
            -1.1384105332849637,
            -0.8958849098239413
        ],
        [
            -0.5956155905686299,
            -1.4608777133993442,
            0.3264932042081807,
            0.0,
            -0.08889074323768094,
            -1.1935576111882051,
            -0.00040693266959415214,
            2.1037902067716217,
            -2.8595949627263275,
            -0.9793615415660877,
            -0.09784031771527398,
            0.7253216142064653,
            -0.4565709392015449,
            -1.406864423194523,
            0.41501740136002496,
            0.27043049621577675,
            0.0855573554106151,
            1.4193592239085704,
            0.21352823885866368,
            1.0141950465190626,
            1.0384073615263514,
            0.9182464304640441,
            -0.25608603527940355,
            -1.4579219294524441,
            0.5469336985974548,
            0.05919723597815329,
            0.43246122886066085,
            -0.09803109453718625,
            1.8962794296123904,
            -1.8127987682751148,
            -0.04748104672118027,
            -0.12305003604951074,
            1.9290420859886743,
            -2.480058259978113,
            0.011162413787735519,
            2.091132554062622,
            -0.28468096247179436,
            1.0224932149037895,
            -0.1553567555712504,
            1.0659051028746318,
            2.1498902290869153,
            -0.4614834308370059,
            0.3764742578241736,
            -0.7391169202112328,
            -0.30658114542329,
            -0.641718202888773,
            0.6597704753091318,
            -1.9450886672715224,
            0.8871614537382428,
            0.8833303008457056,
            -0.4845711201825845,
            -0.25068705408895087,
            0.42006949225170076,
            -1.9195858110948594,
            0.18168977644017822,
            2.4501278419675536,
            0.21066193886546022,
            0.31087142791811767,
            1.3397761740350727,
            2.209554023635812,
            -1.0247222938392009,
            -0.9179531843489084,
            -1.1819294998631622,
            0.37504735744566775
        ],
        [
            -1.9374769657244553,
            0.07134201687497113,
            -0.8885844277344037,
            -0.08889074323768094,
            0.0,
            -0.6359620620132114,
            1.1100719824577665,
            -1.3051256302359313,
            -2.862364370584446,
            -0.15607017690653183,
            -2.5962563366598106,
            1.179468213579148,
            0.40379849967133397,
            1.0164347003843632,
            -0.45994271163227496,
            -0.9554876696003386,
            -0.7442290023535657,
            0.4595133671871509,
            0.7872832795592757,
            2.3534408520591237,
            0.6822138805742801,
            1.7813460958905898,
            0.8118206186384307,
            0.3398418089032821,
            -0.8317421366688205,
            0.5601711946104604,
            -0.5001318953329396,
            -1.4465427501684638,
            0.02057772063491071,
            0.3439171464146433,
            0.2616253023235842,
            -2.5371307190812757,
            -0.7468215683806655,
            -1.4124353861973822,
            -0.21063572945029346,
            0.25932636869269476,
            -0.5664143638729324,
            0.3837061249445061,
            0.8489947384295125,
            0.8712532850334559,
            0.4847376935470021,
            1.384058802682119,
            1.6327204513408677,
            0.900437010649232,
            -1.7272217466534319,
            0.5642868200023207,
            2.261724771345137,
            -1.8290274898286227,
            -0.7799194962279036,
            -0.8052310021057805,
            -1.9898739341975125,
            0.8595137617820977,
            1.1317294155458766,
            -0.9920570414837687,
            -0.046828310390208724,
            0.3527764156668604,
            -1.0853882344561523,
            -0.7740248037056128,
            -0.27040144430245305,
            -1.4843507305105426,
            -0.7009021744158883,
            1.848863140942623,
            0.7861212582934874,
            1.5745966763819563
        ],
        [
            -0.3840600735234373,
            0.3415668352362434,
            1.054321213279057,
            -1.1935576111882051,
            -0.6359620620132114,
            0.0,
            -0.7623266695734235,
            -0.31891337066869335,
            1.7370093151435944,
            -1.5969100057262773,
            -0.9211597452921207,
            -0.28876788366101974,
            0.08112351498946366,
            -0.11277265528385863,
            -1.9308326299304166,
            0.1261045799908144,
            -1.1115520422757867,
            0.12721062057661295,
            -0.7305886450818795,
            0.12244671975694223,
            0.7772837120857622,
            -1.0804284601165148,
            -0.6835941915240141,
            -0.2428585844193428,
            -1.1000526541846518,
            0.4693593233542193,
            0.6413004143768603,
            0.1351386128748853,
            1.1706837939349617,
            -2.3377674123557264,
            0.7817343805113189,
            -0.028274914376359258,
            0.14256597421499947,
            0.08679863557153435,
            -1.0509956085811494,
            0.9715890884907358,
            2.403693068493614,
            -0.5777276133053957,
            -1.3748458369577021,
            -2.5843725609313584,
            -0.1834390784036968,
            -1.5873681183262995,
            -1.5650829899354162,
            -0.9697506170444277,
            0.11195013360527242,
            -0.6602720324324863,
            -0.3267709818903482,
            -0.0802391695221279,
            0.4252546404518773,
            1.7817085389710754,
            0.33453560294693974,
            -0.8026656260498009,
            0.4120791519141328,
            -0.41983812880777516,
            0.25455512894790877,
            0.4977987366554996,
            1.598965826183284,
            -0.8511094614686907,
            1.244404034121589,
            -2.018950394049669,
            0.7684171368673218,
            -0.03653177939989055,
            0.9374852106582441,
            0.6606600381711876
        ],
        [
            -0.9577681015344391,
            0.25201591090016123,
            -1.287785494842436,
            -0.00040693266959415214,
            1.1100719824577665,
            -0.7623266695734235,
            0.0,
            -0.33962233498593414,
            -0.6271802591344341,
            1.5256614701917126,
            -1.0341795393831192,
            -0.45871002578016934,
            -0.5503745966944571,
            -1.2569673172301619,
            0.8304864450510566,
            0.15991638696708899,
            1.1320738599430862,
            -0.01611494974547874,
            -0.985691685572654,
            -0.3038070816131488,
            0.5086208900625505,
            -2.213673137324361,
            -0.609927392008658,
            -0.12209042676806216,
            -0.4276498050889316,
            1.114357975387921,
            0.4324818405873168,
            -0.3361432389147086,
            0.7731993618698312,
            1.7567689729386966,
            -1.013376447409777,
            -1.176051683888253,
            0.6695696513360392,
            0.02160917936545751,
            -0.6955899989960183,
            0.5266806599875553,
            -0.22691929678287054,
            0.07410888356376556,
            0.12388853839446508,
            1.1086116048219108,
            1.3224020483322128,
            -1.1185318074339101,
            -1.091858070160582,
            0.7266948826687745,
            -0.34633735239909624,
            -1.2674908718822566,
            1.6470343198603898,
            -1.2218447066233058,
            1.7854768925835967,
            -0.520467999012804,
            0.8482105368133388,
            0.13653563305486568,
            0.38415879165169536,
            -0.6069303553701891,
            -0.04736582258372992,
            -0.4493289861141662,
            -1.1446968344120172,
            -0.9477023662966224,
            -0.7032520059821193,
            1.3677722911952015,
            0.9371757485702009,
            0.03508702182065956,
            -1.3341600962342333,
            -1.7747827608932967
        ],
        [
            0.28305483069980397,
            0.7373980660686046,
            -1.2595301626598585,
            2.1037902067716217,
            -1.3051256302359313,
            -0.31891337066869335,
            -0.33962233498593414,
            0.0,
            2.5272648912249984,
            -0.14610417787068117,
            0.08858524705875986,
            0.21432651560188037,
            0.6382542172073309,
            -1.1330876860376684,
            -0.8461730761834042,
            -0.25293490956217607,
            -0.21868106026617934,
            0.15723078759928524,
            0.5122390449397713,
            1.2654452597959853,
            -0.18553621061389974,
            -0.5988983891127373,
            -0.3091059149137022,
            2.707259118308136,
            -0.6490486753069236,
            -0.6592985207571419,
            0.21892090763288996,
            -1.5853983324221825,
            0.04983728482634516,
            -0.24131664825029947,
            -0.6056145187686625,
            -0.3209957840450698,
            1.5901552453092338,
            0.31336669996339794,
            0.33063632352078626,
            0.301204754633479,
            -1.2288846695947733,
            -1.3126145121088753,
            0.3584769672911288,
            0.9542464744242539,
            0.9888573401839176,
            0.2209325416339198,
            0.0681380779433685,
            0.7037495680653962,
            -0.5711201507316157,
            -1.4052555163467597,
            -0.7320797719974954,
            -1.9238311235795063,
            -1.2219186284040737,
            0.16334778020098714,
            0.6434507514176577,
            1.565350012388899,
            0.16899071051032727,
            -0.7912527404854887,
            -0.4506194634778829,
            -2.7303166824153253,
            -0.4798921663524865,
            0.33976851019190163,
            1.181775916628926,
            0.3655509900019001,
            -1.2052810818091508,
            -0.17314856683567525,
            0.9925295594425535,
            0.11295137463361349
        ],
        [
            0.052789733665823624,
            -0.037856924502399025,
            -0.17074465888653942,
            -2.8595949627263275,
            -2.862364370584446,
            1.7370093151435944,
            -0.6271802591344341,
            2.5272648912249984,
            0.0,
            -0.7515507221816339,
            -0.7243026637843453,
            -0.44264226526800776,
            1.7838111371301377,
            0.3755694109205475,
            0.24971015911522912,
            0.41232112361105056,
            2.511576673316671,
            -0.9113123845269926,
            -1.2976830206104886,
            -1.893480164990916,
            0.050273255477906835,
            1.0192954299091368,
            1.3297307104415481,
            -0.29946729119008036,
            0.8509102101426301,
            -0.14410428286617497,
            -0.6157021198872236,
            0.6019991751235245,
            1.2834698721232054,
            -1.6862358625685632,
            0.4846200119377576,
            -0.48131841901068656,
            0.14295104142152135,
            1.0838776457451156,
            1.9527713620448284,
            -0.41444377479393385,
            1.5648565123018858,
            0.5900387241336792,
            0.2291966142287965,
            2.233159464770356,
            0.7906725968509126,
            0.20657066571822258,
            0.0792689730310102,
            0.5990334582479702,
            -0.0334257075581995,
            1.3245772324162002,
            0.5520636254345641,
            -0.7903313691435293,
            -0.28664361639757474,
            -0.3384222216782135,
            0.3174352871320576,
            -0.7499411096911472,
            -1.3958656183695075,
            -0.8629112758799883,
            -1.1712478380397784,
            -1.6793743487360242,
            1.4944008356785048,
            0.9382141651603298,
            0.8341580196873539,
            1.8179604648245233,
            1.3590468575082462,
            -0.564665374242541,
            -0.11526733143360117,
            0.1792860919515041
        ],
        [
            -0.1534207158714402,
            -0.5139547615651687,
            -0.25310618698577964,
            -0.9793615415660877,
            -0.15607017690653183,
            -1.5969100057262773,
            1.5256614701917126,
            -0.14610417787068117,
            -0.7515507221816339,
            0.0,
            1.3680125547188222,
            0.04801560394629639,
            0.42045998298073267,
            -1.9880643219000964,
            -0.9518549518947227,
            0.2756796877433533,
            0.10745529689036568,
            1.1296755872358046,
            0.8949750144632421,
            -0.5007561318513927,
            -1.297255402632274,
            -0.7130942005916279,
            -1.1981418146599856,
            0.12423872670345217,
            1.4228246482424907,
            -0.10453209725299058,
            -0.039751828645802637,
            1.2895481397905681,
            -0.41061156747071254,
            0.1799179447570298,
            0.07600128030810742,
            -1.7027733263870308,
            0.06914648433552942,
            1.4495867622174312,
            -0.007583943110496043,
            -0.9268893070596027,
            -0.5459798003350962,
            -0.5658369605890238,
            -0.18205229767166844,
            0.6377434282023975,
            -1.729848922809238,
            0.013739275745747716,
            1.4606774435971044,
            -0.40887695742209096,
            0.8929566615440498,
            0.1325017871454568,
            -0.9088269123891831,
            0.07797845767203346,
            -1.9205628782363007,
            -0.9117699386697554,
            -0.9859807569452972,
            0.7486913783968578,
            -1.0606901644708702,
            1.2744709254730957,
            -1.3823205641477865,
            -1.0353025083151617,
            0.2187810773298536,
            -1.5539709311454373,
            0.3656162525985436,
            -0.8100158361888902,
            0.5101094464633144,
            -1.7881809226709375,
            -0.3853327048961234,
            0.0803487028787317
        ],
        [
            0.5236962003615923,
            -0.23663653536531548,
            -0.3669985994346246,
            -0.09784031771527398,
            -2.5962563366598106,
            -0.9211597452921207,
            -1.0341795393831192,
            0.08858524705875986,
            -0.7243026637843453,
            1.3680125547188222,
            0.0,
            -0.9526204541065322,
            -0.7369273135826041,
            -1.256547044479223,
            -0.19420288620565632,
            -0.730960124768397,
            -0.7301334776709651,
            -2.0846948092157063,
            1.7607152538894557,
            0.4856099537346226,
            1.4088127230491967,
            -0.5051866761767683,
            -0.5576829971896613,
            -1.3404935739998929,
            1.9407509057795533,
            0.7380196711015566,
            1.0433108801710238,
            -1.252449529680484,
            0.13695226191735196,
            0.021505542083282512,
            -0.9324355960765516,
            0.2932417644098706,
            -0.3378952799180363,
            1.08648225663199,
            -1.170706736841372,
            1.3977982868494134,
            -1.6628224132931568,
            -0.21241539347186894,
            -0.12802190002479363,
            -0.049519899859129135,
            -1.5247909090444267,
            -0.9557945715200687,
            -0.4739542224834213,
            1.0903162387021776,
            0.6636763533325222,
            -0.39018898212671743,
            1.0952416069438025,
            0.6550273591960224,
            1.2276194725076384,
            0.334641074333202,
            -1.1312466272731172,
            1.004437999447482,
            -0.1394131590783981,
            -1.4226717249155885,
            2.2819954694122253,
            0.138513206771774,
            0.783989882955293,
            1.504284017373444,
            0.20499117916947332,
            -0.7426608863771517,
            1.1337300107717583,
            0.860714433867767,
            -0.9750215552186148,
            -0.19837446611097176
        ],
        [
            0.495794257458546,
            0.13735531112372484,
            0.4324107066849404,
            0.7253216142064653,
            1.179468213579148,
            -0.28876788366101974,
            -0.45871002578016934,
            0.21432651560188037,
            -0.44264226526800776,
            0.04801560394629639,
            -0.9526204541065322,
            0.0,
            1.2154422745380613,
            0.40609846648097103,
            0.8417772960401485,
            0.016316006099234538,
            -0.11050952029628267,
            0.07295493687733139,
            -1.1132914433488554,
            -2.0650161855359253,
            -0.307286644636394,
            0.6898131268716687,
            -1.3283309119813427,
            1.2723687067057872,
            -0.047871532616792445,
            0.5105573337142393,
            -1.2744393711039756,
            1.5491007253436107,
            0.34232072482435016,
            -0.703565927402435,
            -0.3761686750135355,
            -0.7256934955550536,
            -0.018004618496904243,
            -0.8352370923090627,
            -0.650838489187063,
            -0.34907777693663855,
            2.6932786076479025,
            -0.1290617118283449,
            -1.1073093929277245,
            0.02869649205045061,
            -0.3530859561321746,
            0.5325200456767956,
            1.0173716819000946,
            -1.4647170025354403,
            1.096460061474619,
            -1.5133811308057064,
            0.6554168166346311,
            -1.2302444705314524,
            0.276840746654258,
            -0.6376117803579797,
            -1.11310374084621,
            1.0521259449369458,
            -0.6059366184502727,
            1.1278190444616418,
            1.361813440009388,
            1.6358350916302828,
            1.0232051829299909,
            1.0205741579065195,
            -1.0414010220889076,
            -0.21645629700408683,
            1.2450566957791136,
            -0.5079933952364094,
            0.45609156092702896,
            -0.5738940214675169
        ],
        [
            -1.9479615715386958,
            0.03691810298379126,
            0.08951038478151017,
            -0.4565709392015449,
            0.40379849967133397,
            0.08112351498946366,
            -0.5503745966944571,
            0.6382542172073309,
            1.7838111371301377,
            0.42045998298073267,
            -0.7369273135826041,
            1.2154422745380613,
            0.0,
            0.8511499217140231,
            -1.0523023304014856,
            -0.3106122653421058,
            1.21079268480373,
            -0.2557173118845466,
            -0.08137170383308272,
            1.1771197279687207,
            -0.7852292445469907,
            -0.47361741576528144,
            -0.7916570884302377,
            0.6406823491793293,
            0.9296681849341235,
            -0.9286226771502974,
            2.577905865600069,
            -0.8286685708107109,
            0.7042416827173482,
            0.030650355994476998,
            -1.3458600298325372,
            -0.9910388790660966,
            0.8693363384799914,
            -0.6355033265770185,
            0.5735304571945545,
            0.20913997166084186,
            0.04602470150948409,
            0.6669372822922839,
            -0.02635746324489299,
            -0.4612326864904983,
            -0.10939498957634222,
            0.6788374313725295,
            0.34245364828767444,
            1.6971476946913089,
            -0.3749074063114136,
            -1.3165088000684027,
            1.5598141868004944,
            1.2292238564550502,
            1.1314055440621067,
            -1.631751272198133,
            0.7267066965422212,
            0.06594503423982774,
            0.07547397726069294,
            0.7836209112872707,
            -1.3212264141584502,
            -0.052568276906846595,
            0.9763812240669353,
            1.94035682396137,
            -1.2251781375030115,
            -0.02337502006603803,
            0.07044573983679385,
            1.573499833352684,
            0.34493822999602797,
            0.7928061316439016
        ],
        [
            -0.8998991853956282,
            -1.8785405411096279,
            0.6518200839426987,
            -1.406864423194523,
            1.0164347003843632,
            -0.11277265528385863,
            -1.2569673172301619,
            -1.1330876860376684,
            0.3755694109205475,
            -1.9880643219000964,
            -1.256547044479223,
            0.40609846648097103,
            0.8511499217140231,
            0.0,
            2.161139478322008,
            0.29067215705099786,
            0.57637022752641,
            0.5026179686503344,
            0.43336162812431933,
            -0.907928538804989,
            1.121879991788518,
            0.0898264851692144,
            0.903461384389818,
            0.9423313812627444,
            1.3143164575534967,
            1.3345772464599865,
            1.6076780015121706,
            -0.7769943202389221,
            -0.6464851195457915,
            -0.27825151238966,
            1.5366596495979887,
            0.1401390969280968,
            0.002799441057480082,
            -0.09737634518743521,
            -0.293173410376582,
            -0.7826157742073341,
            0.9201339548501256,
            1.1266086855801571,
            1.0931066136696062,
            0.3565006907327533,
            1.1240067369337887,
            0.4821519197456855,
            -1.1431476578677056,
            -0.37987990405810645,
            -0.0853179848582929,
            -0.565453520360695,
            -0.3588346727551579,
            1.1138285036158908,
            1.3682151847896291,
            0.9496152001055762,
            -0.7479982181432027,
            0.49887130001212204,
            -0.9950105905756862,
            -0.8109897865707021,
            -0.24447384913460118,
            -1.866194852654304,
            0.1386399262323753,
            0.5759452025478707,
            -0.4188830460530367,
            -0.015130214766365087,
            -0.5242979117952811,
            0.020793526420053197,
            1.0273192049314446,
            -0.30637909294495475
        ],
        [
            -0.8459446371088805,
            -1.7563367941570192,
            0.3853104487268896,
            0.41501740136002496,
            -0.45994271163227496,
            -1.9308326299304166,
            0.8304864450510566,
            -0.8461730761834042,
            0.24971015911522912,
            -0.9518549518947227,
            -0.19420288620565632,
            0.8417772960401485,
            -1.0523023304014856,
            2.161139478322008,
            0.0,
            0.12942067475856048,
            -0.7706286796311195,
            -0.7569967359823435,
            0.7744819839493225,
            -0.8274988354037447,
            0.44828517032963394,
            1.248318496646911,
            0.3891047268516508,
            -0.507639987118428,
            -0.2824616638776543,
            0.13069916348915173,
            0.7313036401170312,
            -0.4574256739237331,
            1.8047287691180718,
            1.1533765328737426,
            -0.41892473493417787,
            0.08541862899506517,
            -0.18986326277823523,
            -2.5138856289399802,
            -0.7059252605295313,
            1.5386722288485097,
            0.060626041763984714,
            -1.1374643587928266,
            0.7126746713065102,
            -0.4759222812199424,
            -0.7710845314316592,
            -0.050394218807736896,
            -0.4829347882481622,
            -1.5999730575157662,
            -0.09491728798338189,
            0.38473579336993385,
            -0.30599437582942524,
            0.9699975749311821,
            0.5016194343887398,
            0.039544501200309695,
            2.5452651429180317,
            0.24364892602859814,
            -0.021296773521639556,
            0.21643691512158011,
            -1.7985659718280167,
            -0.44618023695089726,
            -0.6098302720730114,
            -1.6602314908316664,
            2.06321028719878,
            -0.28569228787110185,
            -0.2668619013316049,
            -3.238991230578821,
            -0.4549415975802012,
            -2.594311049159482
        ],
        [
            1.8065916738413692,
            0.1607390763845866,
            -0.18640418967887626,
            0.27043049621577675,
            -0.9554876696003386,
            0.1261045799908144,
            0.15991638696708899,
            -0.25293490956217607,
            0.41232112361105056,
            0.2756796877433533,
            -0.730960124768397,
            0.016316006099234538,
            -0.3106122653421058,
            0.29067215705099786,
            0.12942067475856048,
            0.0,
            0.018001784393793546,
            -0.9011856561826402,
            1.001650095555719,
            -0.8718317013235201,
            1.5317739287785712,
            0.42435420121764256,
            -0.7372456659122187,
            0.4423457155112568,
            1.1322482739765671,
            -1.5472627171264208,
            0.25477105126027805,
            1.790590483378071,
            0.013526940572364874,
            -1.5547884093936626,
            -1.030332558139188,
            -0.8672418347722568,
            -0.674101204209495,
            0.8143388504421014,
            0.1645964692242884,
            -0.3789749014639696,
            -1.2450863029574968,
            -0.2539212650279162,
            1.9370453750448249,
            -0.6074872174930365,
            0.5721477686803171,
            -1.3948033605269778,
            -0.3357154960072218,
            0.09696960741274677,
            0.8372886688039066,
            0.7026045469716415,
            -0.6768526204633036,
            -1.8041309161811212,
            -1.3967274539116388,
            -0.6695488919558049,
            -1.6744928217256712,
            0.4916374236623403,
            -0.6118620454061788,
            -0.4647611239452362,
            -1.5156582998006793,
            0.6698029402116592,
            -0.30360697654425534,
            -0.4461212003110017,
            -2.2632938823698945,
            0.8931706580424053,
            -0.23907948051469102,
            0.3403152597298736,
            1.2377180956981133,
            -2.3424124381394167
        ],
        [
            1.6237998790833943,
            0.5535440720581178,
            0.857296004267995,
            0.0855573554106151,
            -0.7442290023535657,
            -1.1115520422757867,
            1.1320738599430862,
            -0.21868106026617934,
            2.511576673316671,
            0.10745529689036568,
            -0.7301334776709651,
            -0.11050952029628267,
            1.21079268480373,
            0.57637022752641,
            -0.7706286796311195,
            0.018001784393793546,
            0.0,
            0.47945773444109935,
            -2.0895531993267715,
            0.24995448191964142,
            -0.1785893809256564,
            0.31258800021672695,
            1.0228101363595634,
            -0.4360675583025945,
            -0.24020955827602636,
            2.2935055485918503,
            -1.4938749186176534,
            -0.3023553705521041,
            -0.16333634974632844,
            -0.7988638883818356,
            -0.8852547599117123,
            0.22391999807418136,
            1.2289652114732073,
            0.07700529572817907,
            -0.7492667499673552,
            0.8928716133747361,
            -1.1026465202245848,
            -0.38702885461440034,
            -0.4813313801575045,
            -0.39251471183598385,
            0.9140945078878125,
            -0.48015661041090746,
            -0.2077533153399622,
            -0.6691094849210814,
            1.7561226086854793,
            0.6968928663394458,
            0.6288572056910595,
            -1.718377082627977,
            -1.2502956934582217,
            -0.013097135638563764,
            0.6879842146038646,
            0.15399438944901458,
            -0.9881763968575091,
            1.23272391800517,
            -0.592493774422558,
            -3.53970463285409,
            -0.811297887336315,
            2.4080375632171025,
            0.76618034865054,
            -0.272909441376253,
            -1.5005536448143102,
            -0.005441757276745903,
            -0.9168980063060527,
            -0.49552042545944974
        ],
        [
            0.27841347598689514,
            -0.34592798450538353,
            0.7405876076877902,
            1.4193592239085704,
            0.4595133671871509,
            0.12721062057661295,
            -0.01611494974547874,
            0.15723078759928524,
            -0.9113123845269926,
            1.1296755872358046,
            -2.0846948092157063,
            0.07295493687733139,
            -0.2557173118845466,
            0.5026179686503344,
            -0.7569967359823435,
            -0.9011856561826402,
            0.47945773444109935,
            0.0,
            -1.5469329676042678,
            2.040275682182203,
            -0.42397439135147963,
            -0.0032807507313755853,
            -0.6031857408496824,
            1.0997253072670454,
            -0.3156386405634805,
            -1.6641982176621744,
            1.0301080436569687,
            -1.3830303853304087,
            -2.134022150186661,
            -0.5930354663348206,
            -0.1609343172816316,
            0.19501836725618205,
            -0.1308828159715078,
            -1.9645146043901345,
            -0.2864682003574243,
            -1.2986321921155493,
            1.114885743521972,
            -0.47540224097726613,
            0.2769180072576255,
            0.5666464835256216,
            -0.15254560517713223,
            -0.6613749505406387,
            -0.31381076501215843,
            0.22842080766428124,
            1.2012947668906684,
            0.49158272132120906,
            0.10176066121947702,
            1.2899463786537504,
            -0.37972907136005496,
            2.0549511607106044,
            -1.250279750101087,
            0.6290248333270668,
            1.9625589701156136,
            2.149725219736641,
            1.4940419491351777,
            0.36646147344179875,
            0.5942816565584617,
            0.04276232779709541,
            -0.3937591108247631,
            0.09811401963450211,
            -0.14944970261036403,
            -1.628123925889402,
            -0.41670033218813696,
            1.125369884939683
        ],
        [
            0.8968697855123894,
            -0.42659071250044506,
