{
    "N": 64,
    "id": "3ac291f2-7777-438d-9a14-dadf115869b5",
    "problem_type": "SK Spin-Glass",
    "distribution": "gaussian",
    "spins": [
        -1,
        1,
        -1,
        -1,
        -1,
        -1,
        1,
        -1,
        -1,
        -1,
        -1,
        -1,
        1,
        1,
        -1,
        -1,
        -1,
        1,
        -1,
        -1,
        1,
        -1,
        -1,
        1,
        -1,
        1,
        1,
        -1,
        1,
        -1,
        -1,
        1,
        1,
        -1,
        1,
        -1,
        -1,
        1,
        -1,
        1,
        -1,
        -1,
        1,
        -1,
        1,
        1,
        1,
        -1,
        -1,
        1,
        -1,
        1,
        1,
        -1,
        -1,
        -1,
        -1,
        1,
        -1,
        -1,
        -1,
        1,
        1,
        -1
    ],
    "couplings": [
        [
            0.0,
            -0.13173751960696647,
            -1.2331784288499064,
            -0.1528751422840383,
            0.3112426540997902,
            -0.7945571193383185,
            -0.832640980814231,
            -0.6463396118494664,
            1.3145151209563177,
            0.06143007914010981,
            0.2117850236361435,
            0.2712453611345152,
            0.24389234357311365,
            -0.20243895587135116,
            -0.904042642994217,
            1.2881742634610869,
            0.8885665827039162,
            0.33778453196656816,
            0.21222602681711322,
            1.1034681042628547,
            1.4017060160942274,
            0.31544608517264283,
            -1.3319086104772093,
            -0.14806388110728966,
            -0.5565733562052598,
            1.0118797951491714,
            0.03296257176384165,
            -0.6659546146077022,
            -1.3176322441547283,
            -0.5294822458624726,
            0.18114548291042315,
            -2.0055671149112304,
            0.22614923423829264,
            -0.7751476858478374,
            -1.7574161364921526,
            -0.4173329534921814,
            0.42204178457299224,
            -0.4263531892245071,
            -0.5004792608994719,
            0.687342144993261,
            0.29058934384238694,
            0.5756203524372389,
            -1.11894716441245,
            0.9758927481259413,
            1.7954612849810234,
            -0.0037594246735929504,
            0.6490629534573438,
            -0.28627407964809465,
            -1.588446571396789,
            0.7478523422424731,
            0.30486297002203144,
            -0.13892306960662856,
            -0.19498059961364303,
            0.5401606234045578,
            0.6740821641505534,
            1.0010861374586064,
            -0.42727793558787713,
            0.068970767455612,
            -0.06086781879530006,
            1.0422920180698194,
            0.24629432775474527,
            -0.11820951391357755,
            -1.7612002804707536,
            0.9182920776776496
        ],
        [
            -0.13173751960696647,
            0.0,
            -0.79623303913844,
            0.667877887223602,
            -0.23626438213671713,
            0.25016077507182577,
            1.28502427872204,
            0.11671664774717377,
            0.6076922770290449,
            0.429439884473935,
            -0.7667397112268308,
            -0.11341597081281249,
            1.0780263189375283,
            -0.6863951279876478,
            1.1040332817056786,
            1.2055694902198884,
            0.44022794292075934,
            -0.24907687574841475,
            1.309590933510021,
            -2.3976946490160302,
            0.7813809491066946,
            0.5562088314250571,
            -0.13588216481061538,
            -1.4945217129769057,
            -0.7781174329386292,
            -1.2223677737786702,
            1.9395917544251766,
            -1.690242100336171,
            2.0088734585036083,
            1.207396757442113,
            -0.3971621715350289,
            0.41002723075360326,
            -0.3604007128254992,
            -0.12812052393545148,
            1.3138485496948782,
            0.47189196106543607,
            0.4340986969018244,
            1.1697882708134482,
            0.06000584086878915,
            1.1550446364294487,
            -1.7336385314059028,
            0.2762705472898326,
            0.3645901282486884,
            -1.3067256872404749,
            0.08656354542843679,
            0.321660973843434,
            -0.19667738747299093,
            0.5551152595551544,
            0.7098525126087448,
            -1.0883224138662435,
            -1.0186275804186626,
            -0.2231732178154147,
            -0.3880610284625501,
            0.025945737356648114,
            -0.30612668212939154,
            -0.7761181403847008,
            -1.0005014284998341,
            0.276299506065235,
            -0.36439690052302814,
            0.17916363713906092,
            -2.06466493103467,
            -1.304906193398575,
            -0.3653637574078253,
            0.3691558449727348
        ],
        [
            -1.2331784288499064,
            -0.79623303913844,
            0.0,
            -0.8778064351122654,
            2.0343118487437306,
            -1.4140884211387708,
            -1.3856900547830988,
            -2.1044455813635725,
            -0.5513791807576437,
            0.6881250431448563,
            -0.32896440927359916,
            0.9220254827334509,
            -0.3388292277653987,
            0.047066377489545216,
            0.1660738351510336,
            -2.0152048629761237,
            -1.0968280143424811,
            0.9092910020328315,
            -0.3230227673487097,
            2.073891008608789,
            1.3497131062083274,
            1.5651307903755358,
            1.5277925152307505,
            -1.0044534430356886,
            -0.28185080144500596,
            -2.8229357580141228,
            0.3095802716252487,
            1.9663046541441003,
            -0.08764619156580036,
            -0.5040142174254675,
            -1.0497602129644437,
            1.8133069460812072,
            0.7857726980297235,
            -0.25308130004658974,
            1.107066268191594,
            -0.6834795095158778,
            0.7390086963237011,
            0.87880955908585,
            0.791697376201748,
            0.5234748397549129,
            -0.5475471032946476,
            0.1959677990243919,
            0.8836863912896119,
            -1.5066206161794298,
            1.210019258197967,
            1.1906980863366048,
            0.8864963800506157,
            0.33984416310770316,
            0.5521061104230695,
            -0.26961578487477383,
            -1.6600966556447418,
            -0.11668100788412132,
            1.2468671009526253,
            0.16528591102622017,
            -1.9736635969016547,
            1.7788725064271287,
            -0.6400848212310032,
            -0.6010876827118937,
            0.1818445049201036,
            -0.7231239848669199,
            -2.4022031590805404,
            -0.32617666509945215,
            1.4653711203264366,
            -0.4858822548413497
        ],
        [
            -0.1528751422840383,
            0.667877887223602,
            -0.8778064351122654,
            0.0,
            0.11278491159309083,
            0.9455078215279523,
            1.12433782590716,
            -1.0982342137622887,
            0.603383742343949,
            1.010906545352761,
            0.9558772578287181,
            -0.29595734731047163,
            0.4389849643317431,
            0.9560110130281143,
            -0.4230568906832009,
            -1.3945820014782122,
            -1.4464881657244277,
            -0.1560363668689363,
            0.7138959190228151,
            0.8397956281249243,
            0.09505752710757874,
            -0.80203516821748,
            -0.05919943298109156,
            -0.7138244855573621,
            -0.27069241496592733,
            0.8197082612060037,
            0.03468741309577557,
            -0.2681017172307713,
            -0.26399030035186016,
            -0.37055871389192907,
            0.9236873056897013,
            -0.1485621570721487,
            0.5089884475918576,
            0.10056655232681254,
            0.5040554673621379,
            -0.4220660980012567,
            -0.7251300290701054,
            0.8706448075792053,
            0.2561042018141657,
            -0.6985940518047564,
            0.30740465813988843,
            -0.1739904169893852,
            -0.09959896128304997,
            1.8547630220127704,
            0.5852711443385921,
            0.8058265166562234,
            2.42159805791595,
            -0.2037688911649784,
            -0.24094100923623143,
            0.6525476120593622,
            0.31629346550715237,
            0.7048979166116307,
            0.7631250821869207,
            -0.42396562428393175,
            -1.1314042473144827,
            -0.04535978888211028,
            -0.5051008394927858,
            1.200426958243421,
            -0.37545020193692524,
            -0.4410073373311771,
            1.7499859263203938,
            0.07070852534411472,
            -0.10865477496812102,
            0.4640711455588478
        ],
        [
            0.3112426540997902,
            -0.23626438213671713,
            2.0343118487437306,
            0.11278491159309083,
            0.0,
            1.007764098505047,
            1.1834091396198951,
            1.0721726641855462,
            0.34854323152225813,
            0.5259282265245563,
            -0.6977749036413513,
            0.46766074602175317,
            -0.32354590235425223,
            -1.4894790223108385,
            -1.5692774108490855,
            1.203560281297163,
            -1.493178355108542,
            -1.8127214614989393,
            0.41425989884516556,
            1.2059357559931683,
            0.004437794726248585,
            0.8492795047571072,
            -0.4602509930703541,
            -1.1965904142866226,
            -0.8785315427753744,
            -0.7266317883904535,
            -0.8820994405206497,
            -0.13128171851365833,
            1.0994568223714005,
            -0.25329560955006974,
            -0.8415334708066303,
            0.8749531174030476,
            0.7989934763275253,
            -0.13910266599083346,
            -1.1239139602446477,
            -0.22261934187972812,
            0.183591724928498,
            -1.3972050250122057,
            -0.009698302110896579,
            -0.09910990259105576,
            -0.7504723700107157,
            0.673525289333419,
            0.570405641661636,
            -0.6881782339177833,
            -0.9876186375032625,
            0.5937987678436284,
            -1.2598678155150025,
            -0.7872402566183901,
            -0.7773054431602049,
            -0.5349094381038455,
            -2.036657743601193,
            -0.14435782992525692,
            1.9001033023569327,
            0.23113153654345162,
            -0.08178563479437824,
            -0.15568535547272708,
            -0.47732041537329506,
            -0.30098186926120724,
            0.32345880144647665,
            -0.7167060175781594,
            -0.901860100215697,
            1.4496578224335286,
            -0.7419703799544157,
            -0.7831627683568455
        ],
        [
            -0.7945571193383185,
            0.25016077507182577,
            -1.4140884211387708,
            0.9455078215279523,
            1.007764098505047,
            0.0,
            0.15778254746503123,
            -0.23525146774833647,
            -0.3738643431412374,
            -0.6590779352668696,
            2.087481260819368,
            -0.03025931051305706,
            0.03500573223043903,
            -1.9432164772660812,
            -1.970500401550274,
            0.7469425979962155,
            -0.6521649123761433,
            0.3165430524706501,
            -0.22993252461871416,
            -1.1964490659434557,
            -0.38253714935367933,
            -0.8141470899952685,
            0.6084586110298715,
            2.295930239787308,
            1.1353818418525674,
            -0.42030394903270585,
            -0.09876593362761767,
            0.8668415172289817,
            -1.698476688149223,
            0.41394840309486586,
            -1.6383745323844425,
            0.9528667307214156,
            -0.5239609677389495,
            -0.37759926729747656,
            -1.6902582016284793,
            1.7445689611195865,
            0.0848768012573845,
            0.20657009485431022,
            -0.176315941484682,
            1.1906765330706917,
            -0.6759859424412886,
            0.7761460643421695,
            -0.10006321886269692,
            -0.08355106399706679,
            0.3932842698721844,
            0.08444071793738095,
            -0.06451880531631497,
            2.352450742646819,
            -0.497595637380746,
            0.12477029511998446,
            -0.3292773766881317,
            -2.181914663510272,
            -1.8196004685291751,
            -0.38272953145094674,
            -0.7715501670719804,
            -0.05805892309028876,
            0.466687473472005,
            1.2146673673462072,
            0.22482356329949743,
            -0.2346212565615251,
            0.22170569704282092,
            0.461402054395111,
            -1.096626124406479,
            0.6752065400944816
        ],
        [
            -0.832640980814231,
            1.28502427872204,
            -1.3856900547830988,
            1.12433782590716,
            1.1834091396198951,
            0.15778254746503123,
            0.0,
            0.4590448048703941,
            0.24627819565502687,
            -0.09157155339744259,
            1.336302436028852,
            1.2059316112685985,
            -0.17873948675169954,
            -1.9424432416988393,
            0.750644742651983,
            -2.2196063058826936,
            1.799484294477078,
            0.2627791744577569,
            2.2349611525570623,
            0.8846951205878264,
            0.33471194473672566,
            1.8854089493184807,
            -0.9982609026014012,
            1.4244491848013006,
            -0.7016809947853145,
            0.2620766730662098,
            -0.7699869726569956,
            1.2368828156963467,
            1.667718955712264,
            0.7070029284112578,
            0.5110903252279358,
            -0.3846081141080594,
            -0.09885948737832805,
            -0.154902360747899,
            -1.71856027367883,
            -0.518095135935968,
            0.8439893939953345,
            0.4575245632033634,
            -1.3984827327395546,
            -0.024806582121598534,
            -1.5130935575461952,
            -0.24692274161289884,
            -0.06362529411559617,
            0.130921767695213,
            1.13044280551162,
            1.3270665154687165,
            -0.7596259568882282,
            -1.8376206556477825,
            1.9219805364404614,
            -0.18145107507875266,
            -0.8362070011722158,
            -0.27174862116016224,
            -1.4164668493931074,
            0.40385495041411085,
            0.5348211348767732,
            -0.993018264551026,
            -0.05872838632744163,
            -0.29093233421836523,
            -2.423480343249616,
            0.2389270463851207,
            1.3410486193403175,
            0.8690364018304049,
            0.28605292546531763,
            -1.9755805386361542
        ],
        [
            -0.6463396118494664,
            0.11671664774717377,
            -2.1044455813635725,
            -1.0982342137622887,
            1.0721726641855462,
            -0.23525146774833647,
            0.4590448048703941,
            0.0,
            -0.2288985165876794,
            -1.6121155492958001,
            -0.17320191687052885,
            0.8486574320447484,
            0.7295609975324248,
            -2.035474155617425,
            0.4124206972041202,
            -1.0114039865164897,
            0.6461379686194182,
            0.9006638629507643,
            0.2810249465789548,
            -0.8122702428370413,
            -0.2423005452554721,
            0.02573676302084891,
            -0.6251036237060744,
            -1.1385456026776488,
            0.5057294274764882,
            0.16606304366713298,
            -0.6453827746833241,
            0.6935044811681473,
            -1.0018341442364707,
            0.060375587192200535,
            1.0875037420684817,
            1.9184663106375452,
            -0.8173675962846875,
            -2.001241130764798,
            1.5072025636127473,
            -1.2455674648179824,
            0.5117102548845143,
            -0.3628083546697427,
            0.08851277221520726,
            -1.2487640535344768,
            -0.33217644445348943,
            1.5041385770627178,
            -1.1493406242211721,
            -0.8377461161651069,
            1.3541954716161453,
            -0.05968110351279333,
            -0.016085926152191645,
            0.8632711009938623,
            -1.110722672649672,
            -1.25319445940636,
            0.03751392302607207,
            1.1631202875719542,
            1.7805050018934565,
            -0.3330354953572616,
            -0.4590152962083686,
            0.7626385286706072,
            -0.5681873365805298,
            1.1497363193951957,
            -1.7686997350114466,
            -0.628893865770207,
            -2.3893917557129773,
            -1.10490576881793,
            -0.7917344292297475,
            -0.07639698039143318
        ],
        [
            1.3145151209563177,
            0.6076922770290449,
            -0.5513791807576437,
            0.603383742343949,
            0.34854323152225813,
            -0.3738643431412374,
            0.24627819565502687,
            -0.2288985165876794,
            0.0,
            -0.6627572061648496,
            -0.5651944556216908,
            -1.3340625381630513,
            0.8876987992822503,
            0.5695082039847503,
            -1.1350905007512802,
            -0.7259244022039156,
            0.08825715799737904,
            -0.20658073915199665,
            0.5479093927523048,
            0.029588059922752354,
            1.3834577066211642,
            1.902271580251728,
            -0.09710792408615396,
            -0.40277410548686443,
            0.11085110039304681,
            -0.40060029542133463,
            -0.794910932273452,
            -0.2892406114264886,
            1.1700294607429287,
            -1.1819143380327048,
            -0.9357619385048785,
            -0.5293287013980885,
            0.6174057723103998,
            0.4694376857646223,
            1.539901589756452,
            -0.08808268200032085,
            -1.0414430790626072,
            1.2528844386539397,
            -0.30139705998214467,
            0.9883224161301146,
            1.0021669994033908,
            2.493339153776999,
            0.21731212954748405,
            1.2223154607863471,
            -1.5967445502852629,
            0.7562824952160305,
            1.1125277425073965,
            -1.0294776284486433,
            -0.7958978185942076,
            0.9748984200051743,
            0.834378225070639,
            -1.1334579062229335,
            1.4089000126730045,
            0.5253761425207768,
            1.891264779784249,
            0.81790772823833,
            -0.16963142091302372,
            0.9828931304188173,
            -1.0953125690112817,
            -0.3242045529970503,
            -0.014304533788681227,
            0.3913835408668441,
            0.14274663626489104,
            0.7062658008420688
        ],
        [
            0.06143007914010981,
            0.429439884473935,
            0.6881250431448563,
            1.010906545352761,
            0.5259282265245563,
            -0.6590779352668696,
            -0.09157155339744259,
            -1.6121155492958001,
            -0.6627572061648496,
            0.0,
            0.45700309391051175,
            -0.11877398041363274,
            0.024373959797757885,
            -3.1705024648940654,
            -0.6509304800813004,
            0.6710167454495141,
            -0.16517913338792434,
            0.06973257568155941,
            -0.4255234531115502,
            0.09839785975142101,
            -0.31037952342094904,
            0.3652185414479515,
            1.0169758613182731,
            -0.7913284619347665,
            0.8809362514994129,
            1.7032301509755143,
            1.3871083854066204,
            -0.3686820040025132,
            -1.0835432863013494,
            -1.5327486391589231,
            -0.12360617908419122,
            0.12508847212802784,
            0.2082786225572654,
            1.8009881546672633,
            -0.650090506255789,
            0.007849715070463751,
            -0.2969240565797549,
            -0.031050574150067036,
            -1.0705281174749048,
            -0.20857028605090247,
            0.2264704008368343,
            0.6965289889520448,
            1.1510583696979986,
            -0.9501903337036908,
            1.5143494719559885,
            -1.4712999678873935,
            0.3517416178141344,
            0.7722666702933401,
            0.6833026867002958,
            0.8676681290576675,
            0.030205505692526582,
            -1.3869120280585636,
            -0.2576055320601367,
            0.8930281263744827,
            -0.5304771955486408,
            -1.7664634961661676,
            0.5074850827811749,
            0.39760903705467837,
            -0.10120504407139003,
            2.135120015833181,
            -0.14342979585264667,
            1.7172275839579192,
            1.970442725385288,
            -1.1308194799193054
        ],
        [
            0.2117850236361435,
            -0.7667397112268308,
            -0.32896440927359916,
            0.9558772578287181,
            -0.6977749036413513,
            2.087481260819368,
            1.336302436028852,
            -0.17320191687052885,
            -0.5651944556216908,
            0.45700309391051175,
            0.0,
            0.5753247693839584,
            -0.6026762032796357,
            0.24250339817499858,
            1.5119173800734629,
            0.7738935565978436,
            -1.4177438153467545,
            -1.09155542332858,
            -0.1876567339204266,
            -0.3519995332008723,
            -0.43213283210694053,
            0.895921180666202,
            -0.7251724251976932,
            -0.19136086156380172,
            -0.029378066954444823,
            -0.7454121541060384,
            0.427915709452892,
            1.6664517212988381,
            -0.16477597753740458,
            2.225326533453128,
            0.11185168443381338,
            -0.7902015110263994,
            0.18331875828655428,
            -0.40531380765551295,
            0.4429627457356836,
            0.37471316580870523,
            -0.03909333844435074,
            0.3428187735460973,
            0.7365288140855459,
            -0.6614798667027668,
            -1.2011864036276498,
            -0.4906866897141719,
            0.43119616114868875,
            -1.4189716063864288,
            1.0260433690430377,
            -0.4352858098473904,
            -1.0671849235784152,
            0.872869750656171,
            -0.3372762548942687,
            -1.0404481340238905,
            0.4010608944378756,
            1.8554629608464628,
            0.6909210509114495,
            0.21683766279128402,
            0.5530788720864941,
            2.4762773966073754,
            -0.014474579053936405,
            1.642122774305617,
            0.7886766732634117,
            1.3771165153875435,
            0.3291893198889216,
            -1.7225078715228956,
            -1.3306802856726887,
            0.27813144306825255
        ],
        [
            0.2712453611345152,
            -0.11341597081281249,
            0.9220254827334509,
            -0.29595734731047163,
            0.46766074602175317,
            -0.03025931051305706,
            1.2059316112685985,
            0.8486574320447484,
            -1.3340625381630513,
            -0.11877398041363274,
            0.5753247693839584,
            0.0,
            1.7267692397747343,
            0.304787948664949,
            -0.184406201349306,
            0.9184893141334031,
            1.5995851888510573,
            -0.11942728786762329,
            -0.2837149913360765,
            0.9953992082981539,
            -0.8315493222444096,
            -0.7938533192060822,
            0.518080663726537,
            0.9310574867169432,
            1.0592503411177443,
            -1.6700270493404097,
            1.2633180986777095,
            0.7867135964318568,
            0.5250241511050933,
            -2.701697357963992,
            -0.2687575750480876,
            -0.9935436994198731,
            0.31133765961237214,
            0.18129103230906796,
            -0.481725058683082,
            -1.0532276253824187,
            -0.8328089966053087,
            1.8269382426720822,
            -1.1692002709991927,
            -1.9501404973715277,
            0.9231087515136888,
            1.7801202655684005,
            1.133418668369719,
            -1.016070188150138,
            0.24896014549499343,
            -0.34635606961125814,
            0.20770270654422593,
            0.8898395342731356,
            1.6123167313063576,
            0.7479100185281407,
            1.6768806009489765,
            -0.2756242849955758,
            -0.8960727048534496,
            1.2603450836624528,
            0.6184492752226805,
            -0.9599254863596601,
            0.05576077622362007,
            -0.6909607114610604,
            1.4776629100741476,
            1.4929375872985715,
            -0.4146858503444041,
            0.34161841082166533,
            -1.0261436270547384,
            0.6712961884563037
        ],
        [
            0.24389234357311365,
            1.0780263189375283,
            -0.3388292277653987,
            0.4389849643317431,
            -0.32354590235425223,
            0.03500573223043903,
            -0.17873948675169954,
            0.7295609975324248,
            0.8876987992822503,
            0.024373959797757885,
            -0.6026762032796357,
            1.7267692397747343,
            0.0,
            -0.8027950301111463,
            0.8933035315035313,
            -1.6128727771124254,
            -1.3212098843535924,
            0.8781275393866186,
            -1.2759290349997228,
            -0.003288101193753959,
            -1.6022737366238917,
            1.0850623706874407,
            -1.175822771420293,
            -0.5064384473641012,
            0.5457933542167833,
            -0.7430895908434961,
            0.5471403987592467,
            -0.03283362166784205,
            -0.9004308818453017,
            1.202103287061969,
            -0.5350608533860016,
            2.1997408071066937,
            0.05671712914953714,
            -0.9232337575618111,
            0.6467605226370692,
            0.8496714615361028,
            0.10076215752733675,
            0.29896273200756807,
            0.4971168801437948,
            -1.9279834584062623,
            1.4689634113121541,
            -1.0404363631352012,
            0.33263686143347104,
            -0.5140864820693252,
            -0.27644992601861823,
            1.7491153302189024,
            -0.6774612375929493,
            -0.7141140050079684,
            -1.452023912894552,
            -0.44163495571214184,
            1.056414592308923,
            -0.7997125699080332,
            0.2818151926122244,
            -0.4586787428414308,
            -0.8170238571882104,
            -0.3777468677544482,
            -1.1921510567574058,
            -0.5562521779296549,
            0.10913911081473852,
            0.2214270364123497,
            -1.0860648609188197,
            0.5662375866428737,
            2.969457287529787,
            -0.7094887760584515
        ],
        [
            -0.20243895587135116,
            -0.6863951279876478,
            0.047066377489545216,
            0.9560110130281143,
            -1.4894790223108385,
            -1.9432164772660812,
            -1.9424432416988393,
            -2.035474155617425,
            0.5695082039847503,
            -3.1705024648940654,
            0.24250339817499858,
            0.304787948664949,
            -0.8027950301111463,
            0.0,
            1.1442165241557032,
            -0.7062205940097537,
            -0.2403902993919464,
            -0.08142764076537544,
            -0.8321219274014172,
            -0.7898687289606708,
            0.1789460128048095,
            0.7242137659300734,
            -0.7014661027588,
            -0.9695792463269992,
            -0.4519854053702394,
            0.7633244590999908,
            -0.5584597172194026,
            -0.7645181422396369,
            -0.5992060916074562,
            0.44299585107413714,
            0.38574147099778305,
            1.716463835483872,
            1.4756556516511834,
            0.39420732655343493,
            -0.21024633632265027,
            -1.1265211517523814,
            -0.5014550518216908,
            0.4186945061436879,
            2.2828943969901294,
            -1.3323722991043254,
            1.1438492763227792,
            0.19316857562804948,
            -0.18969186926653478,
            0.539249171667341,
            0.10675722616228425,
            0.6290183616461921,
            0.03975169667261794,
            -0.0617495612931409,
            0.9464973957938794,
            -0.8078622419307439,
            0.9165709877998222,
            0.6211254739862454,
            -1.0981927943481904,
            -0.6485114847506208,
            -0.9318779073595947,
            -0.3564797914095656,
            -0.7646467021476205,
            0.1319472887488917,
            -1.3005896582333023,
            0.7525241684011812,
            -1.1200690148565693,
            -0.4576050873899807,
            -1.5046830710835832,
            -0.1057961478526111
        ],
        [
            -0.904042642994217,
            1.1040332817056786,
            0.1660738351510336,
            -0.4230568906832009,
            -1.5692774108490855,
            -1.970500401550274,
            0.750644742651983,
            0.4124206972041202,
            -1.1350905007512802,
            -0.6509304800813004,
            1.5119173800734629,
            -0.184406201349306,
            0.8933035315035313,
            1.1442165241557032,
            0.0,
            1.3644408208063952,
            0.4347712927683807,
            0.902689070819363,
            -0.46273841877207184,
            0.6571862742090452,
            0.43137823926694846,
            -0.80709074025983,
            0.6347406572157501,
            2.010523996053243,
            2.7252889288740514,
            -0.8038320738328212,
            -0.13393375102977903,
            -0.6354628178791927,
            -0.17516176695704824,
            2.1761673820640404,
            -1.7217377042886008,
            0.7944159612246375,
            -0.2923975460747895,
            -0.47015548944382674,
            -0.4364036426166326,
            0.3121493169961833,
            0.11496926602077433,
            -1.2595157589412855,
            0.6618058859301293,
            0.9239803745838354,
            0.4144047561612923,
            -1.5404765184783709,
            -1.6100798284578577,
            0.9835130663055841,
            -1.5681978821368774,
            0.8360534517195058,
            1.816585573610648,
            0.8895588014174073,
            0.482183091281979,
            -0.8073333191621769,
            -0.0775227500103421,
            0.5735880117720688,
            0.5645797680597603,
            1.4366219107593514,
            -0.2129764741439701,
            0.7111727982669004,
            -0.6064186093562974,
            0.4402091827961928,
            0.5168640715640052,
            0.4417836390419032,
            0.13595444621386574,
            -0.8510464723149974,
            0.8060089009782825,
            -1.4045888226007195
        ],
        [
            1.2881742634610869,
            1.2055694902198884,
            -2.0152048629761237,
            -1.3945820014782122,
            1.203560281297163,
            0.7469425979962155,
            -2.2196063058826936,
            -1.0114039865164897,
            -0.7259244022039156,
            0.6710167454495141,
            0.7738935565978436,
            0.9184893141334031,
            -1.6128727771124254,
            -0.7062205940097537,
            1.3644408208063952,
            0.0,
            -0.38756780969790583,
            -0.05184350166945183,
            0.19648134980412696,
            -2.1473280048762704,
            -0.4094795578698235,
            -1.0335838164568223,
            -0.20579625003962254,
            -0.3533646083733749,
            0.9089424845568118,
            0.1980668068615691,
            1.0976253751225011,
            -0.16118127291205758,
            -1.3248971008611767,
            0.06616733774087578,
            0.8038953907739269,
            1.4298654471744388,
            -0.3958452282298937,
            1.9669892020336126,
            1.3275371166726109,
            -0.9563280143344475,
            0.43626721963763043,
            1.3172263086529148,
            2.3224918436951816,
            -1.3091190375398378,
            0.23622001482009072,
            0.7336743137234307,
            -0.7976206807363742,
            -1.1057962375477073,
            -3.710749496348962,
            0.42311436587376183,
            -2.042363405004366,
            -0.5798778480816492,
            -0.2548241691428296,
            0.3233501221205202,
            -1.479999719261444,
            1.781197324214389,
            -0.002114865705993999,
            -0.5954711583164765,
            -1.1595229507856697,
            0.8318949248067562,
            -1.2780147822091936,
            -0.8828071174937205,
            0.0827760609702927,
            -2.669163103224865,
            -0.8381121451123192,
            0.680138412473945,
            -1.5023422323748947,
            -1.0159069823383917
        ],
        [
            0.8885665827039162,
            0.44022794292075934,
            -1.0968280143424811,
            -1.4464881657244277,
            -1.493178355108542,
            -0.6521649123761433,
            1.799484294477078,
            0.6461379686194182,
            0.08825715799737904,
            -0.16517913338792434,
            -1.4177438153467545,
            1.5995851888510573,
            -1.3212098843535924,
            -0.2403902993919464,
            0.4347712927683807,
            -0.38756780969790583,
            0.0,
            -0.8507505948516983,
            0.2858152765831734,
            0.843569274617551,
            -1.1784539458768692,
            -1.6643692609429308,
            -0.22507125607151732,
            1.8221598836533761,
            0.44233791093979324,
            0.6452074510290597,
            2.0245147033155844,
            0.38819727602676724,
            -0.8331461905723475,
            -0.48484514022071323,
            0.5039055512647964,
            1.182950517558619,
            -1.190878055550966,
            0.35020333054933156,
            0.26608764211400415,
            0.03991296792127264,
            -1.7703117987938481,
            -1.3264789531831105,
            -2.419716614867163,
            -0.15743637118402695,
            -0.2728229680070604,
            -2.5653857151565624,
            -0.4288039741847838,
            -0.3531792936054301,
            1.3053155869451505,
            0.58211998664626,
            0.4275812674980316,
            -1.189680195169779,
            -1.8133578409426971,
            0.13792135851317777,
            -0.7536147346630562,
            -1.8056642948924264,
            -0.9454938442795122,
            -1.3736170661111804,
            -0.2156094576819731,
            0.45811196036117224,
            -1.6355685236146142,
            1.4890463014877153,
            0.028501210434071726,
            -0.890465524167417,
            1.5531691167754766,
            0.5609209035211037,
            0.9419471806210619,
            -0.4527787592719777
        ],
        [
            0.33778453196656816,
            -0.24907687574841475,
            0.9092910020328315,
            -0.1560363668689363,
            -1.8127214614989393,
            0.3165430524706501,
            0.2627791744577569,
            0.9006638629507643,
            -0.20658073915199665,
            0.06973257568155941,
            -1.09155542332858,
            -0.11942728786762329,
            0.8781275393866186,
            -0.08142764076537544,
            0.902689070819363,
            -0.05184350166945183,
            -0.8507505948516983,
            0.0,
            0.6605288912670978,
            0.18433398343935248,
            -2.253657831415761,
            -0.4869591035283216,
            1.560658752756188,
            -0.5567872902835918,
            -1.4280880196049297,
            0.22788647270381882,
            1.9468386782996718,
            1.3708421585635144,
            -0.8658675848404481,
            -1.1013521848263723,
            1.1597967041774446,
            0.4791973686006133,
            -1.4639177734751798,
            -1.2231028351634403,
            -0.8724406491967127,
            -0.31130475663831564,
            -0.08922823440084482,
            -0.6667561399692669,
            -1.5141502269162332,
            0.5898417454871304,
            0.0723096674132559,
            -0.47717266283060006,
            -1.9463310446644542,
            -0.33099872027701444,
            -0.7858832495202468,
            -0.1829963121046499,
            1.4373541894469763,
            0.5103566361024789,
            0.0658977580853908,
            0.3339520871252085,
            -0.7314609167061984,
            -0.7459466448412486,
            1.1802065402719073,
            -2.6931921680665964,
            0.7677713884935496,
            -1.9674511582916199,
            1.6847817560268896,
            -0.43216725518969673,
            0.17962361480432112,
            -1.051009026890727,
            0.1520511550858821,
            -0.238087697963093,
            1.6119510160384187,
            -0.8334562441782308
        ],
        [
            0.21222602681711322,
            1.309590933510021,
            -0.3230227673487097,
            0.7138959190228151,
