{
    "N": 64,
    "id": "d84d0e61-226b-4060-bd40-ec979bafdb67",
    "problem_type": "SK Spin-Glass",
    "distribution": "gaussian",
    "spins": [
        -1,
        1,
        -1,
        1,
        -1,
        1,
        -1,
        -1,
        -1,
        1,
        1,
        -1,
        1,
        -1,
        1,
        1,
        -1,
        -1,
        1,
        -1,
        1,
        -1,
        -1,
        1,
        -1,
        1,
        -1,
        -1,
        1,
        1,
        -1,
        1,
        -1,
        1,
        1,
        -1,
        -1,
        1,
        -1,
        1,
        -1,
        1,
        1,
        1,
        1,
        -1,
        -1,
        -1,
        1,
        -1,
        -1,
        -1,
        -1,
        -1,
        -1,
        -1,
        1,
        -1,
        -1,
        1,
        1,
        1,
        -1,
        -1
    ],
    "couplings": [
        [
            0.0,
            -0.9238867042395341,
            0.6976113333130001,
            1.5497990666937171,
            1.1487794828470106,
            -0.6097222273185591,
            0.6428255195714934,
            0.10943541163617095,
            0.3878519714964769,
            0.703469366652653,
            0.7749475392561632,
            0.1339917933093092,
            -1.6943365847596419,
            0.7947833667532698,
            0.04002020698734283,
            -0.25434544876892295,
            0.7640311902781202,
            1.0321198678856829,
            1.5997049653512003,
            0.8510025777657213,
            0.9929671070468468,
            -0.6056291395206772,
            -0.22314055244792824,
            0.35846463381584587,
            -1.611504561549288,
            -0.6191463817289037,
            -0.1665001212617676,
            -0.10269526495169755,
            -0.9172497347191121,
            -1.861374368871192,
            0.6212469554677599,
            -1.0390753626433034,
            0.4862638957279319,
            0.617057596406139,
            0.6833117478049247,
            0.307738543387817,
            -0.7387251183958202,
            0.21083089151745982,
            -0.7439885929343357,
            0.5148723289935054,
            -0.7680176874036696,
            -0.32771614003691923,
            0.43359708860916674,
            -0.9044368255896421,
            0.23601412176958644,
            -2.0495382852244757,
            1.5580944225741022,
            0.44230916715723556,
            1.6811741843388395,
            0.3516633441389744,
            1.544336419804441,
            0.3283126976857962,
            0.07105694412423197,
            -2.6748130517328925,
            0.377574897817027,
            -0.506853982621435,
            -2.639795424340383,
            -0.19512466605841594,
            1.304756242454797,
            -0.5267871600420542,
            -0.8692823140125538,
            -0.6964462161302759,
            1.0669862449825025,
            -0.8711466203629468
        ],
        [
            -0.9238867042395341,
            0.0,
            -0.706312031500583,
            0.3318914264697318,
            1.5102554735582265,
            -2.2022548039667025,
            1.5621595118866385,
            -2.75694815397728,
            1.5193191829285309,
            1.714110269060224,
            -0.842612110290976,
            -0.22736686009487775,
            -0.6324720277588562,
            -0.8065270393059696,
            -0.8080705168373484,
            -1.7140001928115034,
            -0.4596839357942488,
            -0.5617029667061259,
            -0.9201742546007553,
            1.1674667614978187,
            -0.4552339569398464,
            1.2348568344777664,
            -0.5510974657497575,
            -0.8797734905512111,
            -0.13201375030465343,
            -0.99706464820503,
            -1.286729013226292,
            0.48033399310770203,
            -0.9748690808580911,
            0.4057294033966685,
            -0.057164602393270196,
            -1.5072267319611703,
            -0.8396984472913628,
            -0.997266490659323,
            2.2048878554048237,
            0.07874018743760186,
            -1.3874023077480468,
            -0.7949219124548325,
            -1.4783005333574677,
            1.5678100806870863,
            -0.07885405526209348,
            0.22075696896878103,
            -0.13911419910787334,
            -1.717230065424909,
            1.6228707656360182,
            1.3864377894507978,
            2.172949501280717,
            -0.8469970508455472,
            -1.1928514357391455,
            1.467832117811139,
            0.22803962306420045,
            -0.15999672889452043,
            -0.4442619984444386,
            -0.794654337324555,
            -0.7753804176788075,
            -0.8924592491193012,
            -1.008077109014246,
            -0.8296965953437109,
            0.7817765042710694,
            -1.766394778814203,
            -1.1788122765403555,
            0.12506403542684671,
            -1.6972960124385845,
            0.2567606920634494
        ],
        [
            0.6976113333130001,
            -0.706312031500583,
            0.0,
            -1.3380066145721865,
            1.5734669132870802,
            2.06850992302944,
            1.0564610907894159,
            -0.744681574932721,
            1.659844080746251,
            1.5182145908063074,
            -0.26237247456517804,
            -0.8539579319930044,
            -1.9041353836969674,
            0.7239702908068146,
            0.9673269766619081,
            -0.5498704310682181,
            0.5475115808066245,
            0.8985597119726396,
            -0.9689232745522276,
            0.48253704158909716,
            0.8689311229954827,
            0.6213987030592832,
            0.9893047872037916,
            -0.19312210209800587,
            1.488929853053333,
            1.0551380250566331,
            0.6451690865888859,
            -1.604949174586886,
            -0.7276795939445697,
            0.4661766969571495,
            0.44304470483929703,
            -0.7182699461999043,
            -1.5389018263135068,
            -0.3581727996706736,
            0.5125703637649388,
            -1.123915300744211,
            -1.4801559165579383,
            0.719196276625029,
            0.1944536371737095,
            0.08256882692329097,
            -0.6987286074502563,
            0.5142665622345551,
            0.7260926159612765,
            0.7348832030700891,
            0.8262236122185473,
            -1.9952666822031409,
            -1.3261826321661294,
            -0.08146107599412951,
            -1.175988112502096,
            0.4494453710369914,
            -1.0896045561901595,
            -0.3610621539672388,
            0.10421213429680981,
            -0.9121277253358501,
            1.0666048913830142,
            -0.9925331530807888,
            1.1405555627555923,
            -0.17117557064933372,
            1.158512782256201,
            0.30588888635619593,
            2.295378800150896,
            1.8538713601000196,
            0.11797017747511686,
            -0.22657159673765173
        ],
        [
            1.5497990666937171,
            0.3318914264697318,
            -1.3380066145721865,
            0.0,
            2.932596610867664,
            -0.8149631660946968,
            1.0455701065602554,
            -0.29661130033049,
            -1.3294268759041297,
            -0.6387320004405279,
            -1.3042431331123803,
            0.07479316525900698,
            -0.28833013372705535,
            1.1668622597206462,
            0.9200579652306138,
            -0.22960487823798126,
            1.3718361730979483,
            0.7825325866324176,
            -1.4451442662280811,
            1.1718302299945347,
            -0.8607356111723441,
            0.3714489624982444,
            -1.0039901287163715,
            1.2943146399752106,
            0.23096295588453192,
            -0.0035909289963074243,
            0.049699975249235626,
            0.6418113478020502,
            0.4332605801285328,
            1.6437145363967693,
            -0.47204913535577164,
            1.1711324336339217,
            -0.24947584561232736,
            -0.961407483791982,
            -0.08598092849986465,
            -1.2870824676810022,
            0.2552098630998478,
            0.1991337893063316,
            1.0786705129465397,
            0.8542952980986439,
            0.6218871967710755,
            -0.49890223469990014,
            1.5069467962251268,
            -1.5050501615280927,
            -1.3813636429369511,
            -0.01019791149404907,
            0.709933357558366,
            0.37092268824844254,
            0.5346694286826598,
            1.4107089437074962,
            -1.067804796774107,
            0.7345486282515109,
            0.6949086569627728,
            0.061892514173546236,
            1.4889609726021285,
            1.81360872610706,
            -1.5044423410567753,
            0.655209259290615,
            0.6980549104772549,
            -1.1151065552871195,
            1.6693934155625814,
            1.65537029112544,
            -1.0751614581739377,
            -1.0057183960607772
        ],
        [
            1.1487794828470106,
            1.5102554735582265,
            1.5734669132870802,
            2.932596610867664,
            0.0,
            -0.6071236159337707,
            -0.20569522598888773,
            -0.6213186872713996,
            1.3034551723908332,
            -0.31138280061973866,
            0.4546374530163841,
            -1.2652562391976032,
            0.28753007741990166,
            0.12950592040282788,
            0.3793022531943206,
            -0.5686360075227358,
            0.212261846201062,
            -0.7572376866569197,
            -0.6025825873181229,
            0.6629707193395638,
            1.6179627422803573,
            -0.5231583778598279,
            -0.2498476146314916,
            0.0544920237783677,
            -0.8365599540847933,
            0.5361378876335681,
            -1.6459479405422701,
            -0.15059601700615613,
            0.3310193998026016,
            0.11956359783280623,
            0.6268027549656421,
            0.5352093296872957,
            1.192593578720627,
            0.04027107318604601,
            -1.0111816111081096,
            0.28514183788646996,
            0.7578316371394795,
            0.2183381158205287,
            -0.5749102038870442,
            -0.12511744322956841,
            1.0697698506809603,
            -0.6155941678492223,
            -1.6748906745980852,
            0.0681768789643738,
            -0.5659975034567566,
            0.45591402671824344,
            0.5603775782975631,
            -0.2520853407001321,
            0.06933088950031203,
            1.452737275834064,
            2.088965913291659,
            -0.7370123724289072,
            -0.741304276928185,
            -0.46488768648995316,
            0.456506005576072,
            1.05942371503337,
            0.6180828384625503,
            -0.2774585147669957,
            -0.8661487795165316,
            2.57004742157258,
            0.3790350181936964,
            0.48036214099259694,
            0.8341878974199974,
            -1.4887214264819053
        ],
        [
            -0.6097222273185591,
            -2.2022548039667025,
            2.06850992302944,
            -0.8149631660946968,
            -0.6071236159337707,
            0.0,
            -0.19615943335502115,
            1.0841835555811474,
            -0.18925634362303073,
            0.08529157061499726,
            1.4483869053778864,
            0.6275079988538304,
            1.6806368504101175,
            -0.20995362439192172,
            -0.30175269535128674,
            -0.022773499619101457,
            0.2886994630232068,
            -0.45774858592750595,
            0.5551495103651908,
            0.6993120283335098,
            0.8718607650062222,
            -0.4814820023154264,
            1.750256318735009,
            -0.7736537041318654,
            -0.5308001953397848,
            0.9104614623022305,
            0.13125916749089175,
            1.6812176192943467,
            0.40687327292474024,
            1.455118930850889,
            -1.0734581360067887,
            0.4174088110976229,
            0.3789578449256515,
            1.0777467535002392,
            -0.5081404493788191,
            2.077320678098441,
            -1.2405371856824519,
            1.4975884610393246,
            -0.7935582001658686,
            -0.4582882004206509,
            -0.6843684153763778,
            -0.5011459514116869,
            1.9820436633103986,
            -0.47709957506490186,
            0.41741282828671294,
            -0.4442759714603563,
            0.6370994773746305,
            0.4705781792906077,
            0.37026897012619747,
            1.7374468321656844,
            0.17298024673103926,
            -0.2066066397352788,
            -0.4560844496990116,
            2.8789670098157707,
            -0.05907842927992675,
            -0.08796079926822054,
            -0.7491821851606945,
            -2.0368319520505556,
            0.24885287705958997,
            -1.504407660418372,
            -1.9514686363065743,
            0.20949474992937825,
            0.18643974726208123,
            0.4530279677368953
        ],
        [
            0.6428255195714934,
            1.5621595118866385,
            1.0564610907894159,
            1.0455701065602554,
            -0.20569522598888773,
            -0.19615943335502115,
            0.0,
            -1.58882491054574,
            -0.28002303504977794,
            1.0937723613907435,
            1.6288071150092078,
            0.8356244407208878,
            0.0653494579686361,
            -0.3300459133730934,
            -0.4955446879847945,
            -0.023294569016802665,
            -0.7529571387191154,
            0.04525507228585769,
            -1.0085586695636395,
            0.7124000741762544,
            -0.4119261298183895,
            0.6915307640505047,
            -0.9930205223361565,
            2.5144821223136034,
            1.2690111123422294,
            0.0984447845536628,
            0.37913448670538225,
            -0.09462128724085513,
            -1.5001078824132867,
            -0.16520103280683107,
            -0.3301446386058205,
            1.1430866350001676,
            0.0073172605304808215,
            -0.785198864227317,
            1.1080638939519072,
            -0.2896097967546359,
            0.11456828833415594,
            1.5550333066644926,
            0.212512111902866,
            0.8730097378849382,
            -0.06984290007443811,
            0.12160837214411412,
            -1.1035418844067482,
            -0.1255075182733555,
            0.29868910808508636,
            -0.0371485099304747,
            -0.7370970207541838,
            1.0796016513512974,
            -0.5942034012351157,
            0.1829877124747135,
            -0.07230203231044076,
            -0.16909731039700399,
            -0.691407286457067,
            1.2291432300650063,
            -0.02549602369713102,
            -0.5167445955471626,
            0.3608829238147693,
            -1.155414327227198,
            0.22336605241762988,
            0.7546483436906138,
            -0.05333228264685659,
            1.184345929161338,
            -1.3625785242007744,
            -0.08003628144357658
        ],
        [
            0.10943541163617095,
            -2.75694815397728,
            -0.744681574932721,
            -0.29661130033049,
            -0.6213186872713996,
            1.0841835555811474,
            -1.58882491054574,
            0.0,
            0.20026068923050683,
            1.2287417257394806,
            0.9163587215303917,
            0.32636075587782526,
            1.533356787433088,
            -0.559883146529456,
            -1.110073839414751,
            0.031108734343412704,
            -0.6340389641243195,
            -0.5252289313521261,
            -1.0310880280215005,
            0.8479924603312017,
            0.42124494957280284,
            0.8954758524434354,
            1.6575019951689807,
            0.6404768993168899,
            -0.8132580050684479,
            2.5502490956969925,
            -0.40045308123852275,
            0.46997554239782735,
            -1.1245204143204077,
            -0.8910292696640224,
            -0.6311982783391166,
            -1.5158578111105663,
            0.46413672009167845,
            0.8751491072972823,
            0.23932404961047882,
            2.182279599383293,
            0.443148178532708,
            -0.5992846365609904,
            -0.7461759170924291,
            -1.3689520553669197,
            -2.2058851426348,
            0.10014367098757465,
            1.2311507326332636,
            -0.020278263710402315,
            -1.294164586631344,
            0.8357272855719032,
            -0.42869819763299283,
            1.4369538777859912,
            1.1346860971522277,
            1.249221287245914,
            -0.7391431943088285,
            -0.15012864046448163,
            -0.7315133956631992,
            -0.09535727238350131,
            1.0015628577162718,
            -2.345894866670225,
            0.6924103377621424,
            -1.2994343968520603,
            0.35964217829854955,
            -0.5757877717602188,
            -1.6335644891230894,
            0.7386964229482096,
            -1.1816320564266947,
            0.07173432134767241
        ],
        [
            0.3878519714964769,
            1.5193191829285309,
            1.659844080746251,
            -1.3294268759041297,
            1.3034551723908332,
            -0.18925634362303073,
            -0.28002303504977794,
            0.20026068923050683,
            0.0,
            0.5979934378796263,
            0.380513702496031,
            2.177460561432068,
            0.6682348432587465,
            -0.29099349471842534,
            -1.5727315593770324,
            0.2516448202516114,
            0.9413579851937722,
            -1.0417145730373132,
            0.6496053461436504,
            0.22537999649390444,
            -0.11816648979707528,
            0.5452230391911407,
            -0.36025104569864785,
            -0.40686582865713755,
            0.2743935655747511,
            0.8797845311989843,
            0.27528319567502685,
            -0.3392553928938997,
            0.8329043495146888,
            1.267829438334516,
            -1.4098674233081476,
            -1.6870863317488876,
            2.1672932460712198,
            -1.4297914359739656,
            -1.2589348780116025,
            1.2454353659295536,
            -0.17428308811795964,
            1.8892997781739467,
            -0.06502344707998925,
            0.1507154449769237,
            0.05698723758647886,
            -0.447587285132986,
            -1.099286167870982,
            -0.2733503938745234,
            -1.0366841596176746,
            0.8560609498069816,
            0.498194178127806,
            0.7129464606432256,
            -0.7824052478276131,
            -0.3320134771851251,
            0.8912221666718033,
            -0.5626303947637807,
            -0.2998445773247331,
            -1.6273312037528147,
            0.04423556792146031,
            0.09867472908799801,
            -0.23246989187290318,
            0.2616617465302219,
            -2.1787522213035033,
            -0.6971123495883901,
            -1.239080946470234,
            -0.2602385413272591,
            1.0666760632154284,
            0.32508599650451314
        ],
        [
            0.703469366652653,
            1.714110269060224,
            1.5182145908063074,
            -0.6387320004405279,
            -0.31138280061973866,
            0.08529157061499726,
            1.0937723613907435,
            1.2287417257394806,
            0.5979934378796263,
            0.0,
            -1.0621249333304394,
            0.20640249798164856,
            -1.6149289264462703,
            1.2254453314370122,
            1.1311212329029054,
            -1.1942540349012245,
            0.5289667027658148,
            0.7820946474580993,
            0.057856730352047504,
            -1.90160692311202,
            -0.4404356149317479,
            -1.2584335710105565,
            -0.0013990882942343282,
            -0.8686083050383421,
            -0.7763167812020266,
            0.7287497890985181,
            -0.9652506073990268,
            2.014776507184457,
            -0.17632246268847449,
            0.687057237815198,
            -0.7012149947693236,
            0.93290560403778,
            0.7016979939356854,
            0.13380049027814253,
            -0.9733534757178063,
            0.11494461939006731,
            -0.9146139019571985,
            0.6042957295109503,
            0.477931160411891,
            -0.40543042678005536,
            -0.22390158741625346,
            -0.4233195512142039,
            0.18241605772641792,
            0.27713801424222806,
            -0.6126006090655073,
            -0.4513053843287196,
            -0.2915660847969575,
            -0.3093415492826358,
            -1.402118041130949,
            0.6394385477709856,
            -0.023107519178205395,
            -1.0064180473194624,
            1.036077957524008,
            -0.7309009279463895,
            -0.4147495719999353,
            -0.5240017622544187,
            0.8243963842082765,
            -0.4643839971137429,
            -0.6822820907644073,
            -1.2943612755718426,
            -1.0755285527519165,
            1.960585613851701,
            0.16047961613920214,
            -0.320266485939069
        ],
        [
            0.7749475392561632,
            -0.842612110290976,
            -0.26237247456517804,
            -1.3042431331123803,
            0.4546374530163841,
            1.4483869053778864,
            1.6288071150092078,
            0.9163587215303917,
            0.380513702496031,
            -1.0621249333304394,
            0.0,
            0.4169672719604112,
            -0.3598634586736208,
            0.367945697142277,
            2.160748752569869,
            0.4555983091863694,
            0.29593221235233924,
            -0.3597238649837782,
            -0.03402680511445817,
            -0.8229699407321741,
            -0.6201505232638117,
            -1.1146770372614503,
            -2.275348336957361,
            -1.3239518225187767,
            1.3281319246348093,
            -0.6443602761864,
            1.402930818091478,
            -0.36680559100684446,
            -0.49068287685111506,
            -0.3240929717702677,
            -1.2824915579689247,
            -2.198925528135551,
            -0.26763579647439406,
            -0.3002399917080889,
            -0.7598123200791754,
            0.5516295731985588,
            0.26349823703062303,
            -0.22780284590635894,
            -1.9595771298752604,
            0.21555340437783152,
            -1.2139918767013371,
            0.08625087280686261,
            -0.2403098963162228,
            0.48712948169881387,
            -0.6861831422621539,
            -1.6203419893506916,
            0.752195928272585,
            -0.1295693883406186,
            -0.020255362336579673,
            -1.2103284872779934,
            0.8726726789972982,
            -1.163132620448662,
            1.5363420590129058,
            1.7932981118194131,
            0.40037325686107117,
            -0.6258049505820932,
            1.0336350497903353,
            -0.629261290072924,
            -1.077719710323583,
            -1.2200892967430006,
            1.376325147297625,
            -0.6033160964576395,
            -0.3162086059510836,
            0.5814652116425735
        ],
        [
            0.1339917933093092,
            -0.22736686009487775,
            -0.8539579319930044,
            0.07479316525900698,
            -1.2652562391976032,
            0.6275079988538304,
            0.8356244407208878,
            0.32636075587782526,
            2.177460561432068,
            0.20640249798164856,
            0.4169672719604112,
            0.0,
            1.0916940340554735,
            0.19222403297250876,
            0.4701117400151334,
            0.5645328342774073,
            -0.8638197073885178,
            0.8009271814111798,
            1.3372452311274672,
            -0.44269002310458105,
            -0.13418892645706348,
            2.005999644982233,
            0.33809904561787224,
            0.29732339921565476,
            1.0824232213152882,
            -1.5491974493959348,
            -0.2186468508198058,
            -0.11773206754496268,
            1.1537812851939342,
            -0.14780560327152817,
            -0.8608253052063033,
            0.7232796731882067,
            -0.9515104601890113,
            -0.4131001217268369,
            -0.19987224612649826,
            -2.0388817112746755,
            0.2997808702067697,
            0.6210936807492439,
            0.30361036407223324,
            0.8722109008366602,
            -0.47607359839251545,
            -0.27627058320486025,
            -1.8359813251436503,
            0.6959249065320969,
            -1.8415556088097107,
            -0.554916521648145,
            0.05461619608808803,
            -1.0195495101919236,
            1.8964900158088716,
            0.5981042665519687,
            -0.037007597763116684,
            -1.2160091726357045,
            0.4928177629587247,
            0.5195616145576688,
            -1.2310333042488244,
            0.7746504396490903,
            0.8181120208793496,
            1.7700514083742473,
            -0.07055669493048838,
            1.2935777995517865,
            0.8289456175910275,
            -0.7910278106538122,
            1.6380246767554727,
            0.2896116712017845
        ],
        [
            -1.6943365847596419,
            -0.6324720277588562,
            -1.9041353836969674,
            -0.28833013372705535,
            0.28753007741990166,
            1.6806368504101175,
            0.0653494579686361,
            1.533356787433088,
            0.6682348432587465,
            -1.6149289264462703,
            -0.3598634586736208,
            1.0916940340554735,
            0.0,
            0.33091632682462674,
            1.129590767841349,
            1.9216539085238482,
            -0.4390414332446862,
            -1.537023343221152,
            -1.3585385447809635,
            0.9501927299930842,
            0.7043890527556302,
            0.5360919869224007,
            -1.876002568889848,
            0.17920937668339088,
            0.7318468704100565,
            -0.5851752237291161,
            1.2028739396853005,
            -0.6450154718584322,
            0.14545307228215063,
            0.5618461097976815,
            1.087981904558329,
            -0.34894899189258727,
            -1.0247536772263381,
            -0.7835658720117012,
            -0.25387065265144726,
            -0.20076003158330596,
            -0.021498563874651322,
            0.45252749477021165,
            0.7877286813972143,
            0.1636816455966177,
            0.9428086334931418,
            -0.5449286516339297,
            0.23863169928683783,
            -0.5692092174210772,
            0.2692300318360688,
            0.9463903511395128,
            -0.9786413105057824,
            0.08453611262507241,
            -0.05721470031172594,
            0.2756364106376601,
            0.16528337498623571,
            -1.743656540150236,
            -0.7990835362994297,
            -0.5637310540121946,
            -0.8446773462383607,
            -1.4120246480436143,
            -1.735589892402392,
            -1.397650521147758,
            0.1351817737581623,
            0.5749237872100221,
            -0.3661279211953958,
            0.8455401854876964,
            -0.5703272628108859,
            -0.8637195255828279
        ],
        [
            0.7947833667532698,
            -0.8065270393059696,
            0.7239702908068146,
            1.1668622597206462,
            0.12950592040282788,
            -0.20995362439192172,
            -0.3300459133730934,
            -0.559883146529456,
            -0.29099349471842534,
            1.2254453314370122,
            0.367945697142277,
            0.19222403297250876,
            0.33091632682462674,
            0.0,
            -0.8524292438827455,
            -0.8446952855137935,
            -0.34668130082101783,
            -1.6563056565415764,
            0.5756845983340148,
            -0.8836967844983845,
            -0.0697702831276817,
            -0.3877559247853043,
            -0.9661332263767495,
            0.938955449202801,
            -1.3491967176544424,
            -0.6577819598212988,
            1.3551172498249262,
            -0.6582646195579992,
            0.7738006266401172,
            1.359956529455493,
            0.3291302708450677,
            -0.7895299064728998,
            -0.6095962170961196,
            0.9842342678080508,
            0.9439448852268827,
            -1.4621109096551896,
            -0.0627586253063142,
            1.009745062999143,
            0.5958681811396571,
            0.671800001241193,
            -0.022448224878163527,
            -0.3178745141851142,
            1.1391776113352245,
            0.44663038758943385,
            0.49435517846093835,
            0.8444502236367193,
            -0.016829241902927707,
            -0.5673626982603915,
            -1.0312871973431537,
            0.665840945451558,
            1.954352867788021,
            1.0084958180640076,
            0.7145633666067484,
            -1.2485658820143761,
            -0.028245751679452803,
            0.8806644610234493,
            0.24346775583087732,
            -0.4422193006833495,
            1.684200283232981,
            -0.13488971977178305,
            1.1601472977057803,
            -0.08391884085245266,
            2.8453969814783324,
            0.7393487619142708
        ],
        [
            0.04002020698734283,
            -0.8080705168373484,
            0.9673269766619081,
            0.9200579652306138,
            0.3793022531943206,
            -0.30175269535128674,
            -0.4955446879847945,
            -1.110073839414751,
            -1.5727315593770324,
            1.1311212329029054,
            2.160748752569869,
            0.4701117400151334,
            1.129590767841349,
            -0.8524292438827455,
            0.0,
            -0.10669588820812055,
            -0.74892499796355,
            0.15888046500701183,
            0.2251627970154928,
            -1.9331297957116715,
            -0.0542390711720577,
            1.0173323180893268,
            0.277608362278901,
            -0.3948508965728492,
            -1.6010753920914225,
            -0.9079173064854934,
            -1.3779944801523534,
            -0.1765072302716025,
            -0.7883273065920751,
            -0.26989805534401223,
            -2.2151584140877483,
            1.0365433259702803,
            -0.9239179928285675,
            0.03895102819913413,
            0.20189815634324773,
            0.7889757038125031,
            -1.7295593355901973,
            1.2288004380879383,
            -1.5148995291056533,
            0.7011871276482758,
            1.4944509824409917,
            2.285496911282017,
            -1.6247388270034202,
            1.0486746147372623,
            -0.8502290696613355,
            0.2878725965582696,
            -2.4376109247085824,
            0.14124772426978474,
            1.224837612151652,
            0.36408639195247733,
            0.08069823078867966,
            0.3823505779483402,
            1.9513599426718027,
            -1.0355024194925708,
            0.3478410526760192,
            0.22386138132401487,
            -0.26903652836156655,
            0.6136270173772824,
            -0.042248599994354485,
            -0.34961912899993247,
            -0.48504345672126226,
            -1.1436771087520976,
            -0.5023432858147882,
            -0.37771570573211777
        ],
        [
            -0.25434544876892295,
            -1.7140001928115034,
            -0.5498704310682181,
            -0.22960487823798126,
            -0.5686360075227358,
            -0.022773499619101457,
            -0.023294569016802665,
            0.031108734343412704,
            0.2516448202516114,
            -1.1942540349012245,
            0.4555983091863694,
            0.5645328342774073,
            1.9216539085238482,
            -0.8446952855137935,
            -0.10669588820812055,
            0.0,
            -0.08605427037862894,
            -1.9693024132870536,
            0.8788917240762935,
            -1.012245453147869,
            0.47636799643829203,
            -0.30959589514940117,
            1.254654459256625,
            0.341371423722584,
            0.5975501467103821,
            0.4498927900834409,
            -0.15773921216284584,
            -1.0757035945385804,
            0.750787205612884,
            0.6613268759131952,
            -1.0452469143470555,
            1.3602870768766075,
            0.11482883076452617,
            -1.312143018791605,
            0.31077307382002056,
            1.8799478590628418,
            -0.14059683268165865,
            -0.6532139775837927,
            0.8610021004407997,
            -1.106382781798126,
            -1.2735137177312335,
            0.6087573442684264,
            -1.507411286145429,
            1.0239867970717031,
            1.7889885608861527,
            0.2306819990792685,
            0.5123722224003887,
            -1.688788960171529,
            0.2326963167861832,
            0.39262298554463554,
            -0.8927427237741512,
            -0.23121039282581868,
            -2.0172484275849376,
            0.8077598227906307,
            -0.6641840608783107,
            0.9726193468745398,
            -0.07302037414105825,
            -0.12152139673671235,
            0.05661867414499058,
            1.3658835166512049,
            -0.8208814993299511,
            -0.8559829636826904,
            -1.111439604361752,
            1.2224221243251927
        ],
        [
            0.7640311902781202,
            -0.4596839357942488,
            0.5475115808066245,
            1.3718361730979483,
            0.212261846201062,
            0.2886994630232068,
            -0.7529571387191154,
            -0.6340389641243195,
            0.9413579851937722,
            0.5289667027658148,
            0.29593221235233924,
            -0.8638197073885178,
            -0.4390414332446862,
            -0.34668130082101783,
            -0.74892499796355,
            -0.08605427037862894,
            0.0,
            0.22442586076754725,
            -1.0541310627015286,
            2.1317171206405394,
            0.06662625150273194,
            -0.45743609548724995,
            0.5578349431756298,
            1.4806489714261721,
            -0.09947289978437406,
            1.9525492788519134,
            -2.6046856032399623,
            -1.0113534257916814,
            0.9924399501469798,
            0.4930336310218713,
            0.4168467016980498,
            1.3709089770347485,
            0.8043011130182596,
            0.26209272524405586,
            -1.4688845838915825,
            -0.937315181712334,
            -0.04300068122017098,
            0.853982531578332,
            -0.6064442384376311,
            2.15101513528759,
            0.7465515699518435,
            -0.49239218138788093,
            -1.1697071789106852,
            0.20161441978823552,
            0.1972495692810765,
            -0.08460617033739141,
            1.3447611164091606,
            -0.007197632012268848,
            -1.0777037712129998,
            -1.0586683865067241,
            -0.1461399632445808,
            -0.6659437480139616,
            -0.8877641083049914,
            -0.4168236386116908,
            2.33168412979412,
            0.8821556214011944,
            1.6453377594975023,
            0.74058802561466,
            1.2527947041255985,
            -0.8962979787564016,
            -0.9671288177482857,
            -0.9207940157476994,
            -0.3679487681370362,
            0.9769049426624833
        ],
        [
            1.0321198678856829,
            -0.5617029667061259,
            0.8985597119726396,
            0.7825325866324176,
            -0.7572376866569197,
            -0.45774858592750595,
            0.04525507228585769,
            -0.5252289313521261,
            -1.0417145730373132,
            0.7820946474580993,
            -0.3597238649837782,
            0.8009271814111798,
            -1.537023343221152,
            -1.6563056565415764,
            0.15888046500701183,
            -1.9693024132870536,
            0.22442586076754725,
            0.0,
            0.5536198961493327,
            -0.6117603983489194,
            0.4285064387936494,
            -1.5810576971662615,
            -0.9798624350136433,
            0.6488368811357751,
            1.326066167310144,
            0.43203467047462485,
            -1.5898892667579418,
            -0.5196688347699143,
            0.8463686231248442,
            -1.6566858414971446,
            -1.4060682977784402,
            -0.8713678026814426,
            0.44662808182141056,
            -0.11092216555393902,
            0.42299921907327787,
            0.5371168116617298,
            1.2501553408571013,
            0.814587976051491,
            0.4087013910843426,
            -0.5934876342217655,
            0.468180446724844,
            -0.29115580632792676,
            -1.8111782490078854,
            -1.1711341616100752,
            -1.153574372194249,
            -1.321508090369715,
            -1.8871595014237739,
            -1.6278764303923041,
            -0.575832846702524,
            -0.409208313327531,
            -0.8906474938431174,
            -0.32680238207119827,
            0.07722783209875059,
            -1.1260023627452567,
            -1.5552917408617464,
            0.215089804819586,
            -0.07659162760331266,
            0.6244543301229839,
            -0.43181968216973415,
            -0.8072077292721248,
            0.7648141941418638,
            0.7778767160637712,
            -1.2479230792680271,
            -0.875116151987414
        ],
        [
            1.5997049653512003,
            -0.9201742546007553,
            -0.9689232745522276,
            -1.4451442662280811,
            -0.6025825873181229,
