{
    "N": 64,
    "id": "02ca7cb0-2823-423b-9eb4-5316814459df",
    "problem_type": "SK Spin-Glass",
    "distribution": "gaussian",
    "spins": [
        1,
        -1,
        1,
        -1,
        -1,
        1,
        -1,
        -1,
        1,
        -1,
        -1,
        1,
        1,
        -1,
        -1,
        -1,
        1,
        -1,
        -1,
        1,
        -1,
        1,
        -1,
        1,
        -1,
        1,
        -1,
        -1,
        -1,
        1,
        -1,
        -1,
        -1,
        1,
        1,
        -1,
        -1,
        1,
        -1,
        -1,
        1,
        1,
        1,
        -1,
        1,
        1,
        -1,
        1,
        -1,
        1,
        1,
        1,
        -1,
        -1,
        1,
        1,
        -1,
        1,
        -1,
        1,
        -1,
        1,
        1,
        1
    ],
    "couplings": [
        [
            0.0,
            -1.5708313081488816,
            0.24237522939946113,
            0.9443348624857001,
            -1.6629289959528462,
            -0.6819618288917629,
            0.7833433337805558,
            -0.6373012834494072,
            -0.3464555364462308,
            2.1558140344050782,
            0.24959068388510705,
            0.0794997685271582,
            -1.0636168688530592,
            -0.9865640858145511,
            -0.5996423815535449,
            1.1300343574795846,
            0.2324494648870206,
            0.15215333689650556,
            -0.7260227419103028,
            -1.8418214049092188,
            -0.3359212715788418,
            0.01082902432658222,
            1.0255951579575395,
            -1.0341082280387182,
            0.41100372151511017,
            -0.16330251172138244,
            -0.7207912331821051,
            -0.8700390725353281,
            -1.284312984333876,
            -0.3721913157159138,
            -1.867560757569146,
            1.3649594319187017,
            0.8381610724163865,
            -0.09101290354503595,
            -0.8636850168712603,
            0.980588011537143,
            0.5664392125717164,
            -0.5782948109635787,
            -1.003968584787546,
            0.5133690672083626,
            -0.49993644608155163,
            1.4189590068199025,
            -0.5573642531960804,
            0.7657883752650838,
            -0.9189759179229829,
            1.8478608591248329,
            -1.5762391616940232,
            1.0763173782216602,
            -0.21679270575102244,
            1.6699740951630966,
            -0.3025356271007351,
            0.6787864246680475,
            0.9064983780514523,
            -0.30909160569157706,
            -0.4401558899997654,
            -0.07251027195978693,
            -0.3164525950859205,
            0.49209853447973734,
            1.7883332172244566,
            0.6184024656465252,
            1.1413688417490158,
            0.7247708954051493,
            0.16723811801876365,
            0.5641287113825011
        ],
        [
            -1.5708313081488816,
            0.0,
            -3.2549650959316025,
            -0.6227437812842035,
            0.4266568740633894,
            -1.4204914944539122,
            -1.1383531522759922,
            -0.7978226919114987,
            -0.6460917110610593,
            0.7830754181200945,
            1.396330106979308,
            1.9659978158703737,
            -1.031822590311872,
            -0.7469732404908044,
            -0.2507380960390675,
            -0.18937945463460634,
            1.9705263056865294,
            0.5036674121291419,
            0.01886629652801637,
            1.721491527196959,
            -0.6541118099126849,
            1.0273108435290492,
            -1.0475509539263568,
            -0.23840523348604165,
            -0.49801402064473177,
            0.9496059529881334,
            -0.1289083443910879,
            -1.2710213124287748,
            1.2095005960602327,
            -0.19579829426703285,
            0.5141828331448794,
            0.2561959548874592,
            1.0048811769482926,
            -0.14706888687678416,
            0.48637744242942543,
            1.5168000511882365,
            0.7883440424744828,
            0.8219212282787225,
            0.6086682975039694,
            1.0290297583509205,
            -0.8166390012524974,
            1.839340150261451,
            1.0564987438517357,
            -0.44327383454939234,
            -0.1930595958659721,
            0.08804772744682908,
            0.33371169057123645,
            -1.376410483382417,
            0.29456089690899817,
            -1.7598939531404507,
            -0.060439746498140365,
            0.6843181031399292,
            -1.218512978566246,
            0.7432564860241155,
            -0.022251550021081114,
            1.0228949125450346,
            -0.8967831340007775,
            -2.2343156621795814,
            -1.898798686977875,
            -1.601986447411502,
            1.3208688155484738,
            -0.01275043034814426,
            -0.25069167066265957,
            1.0068954593311914
        ],
        [
            0.24237522939946113,
            -3.2549650959316025,
            0.0,
            -1.4317587327386834,
            -0.31129995469558974,
            -1.7122005370340658,
            -0.30918128025236497,
            -0.30513902604921667,
            0.7280549767642651,
            0.15672752012932148,
            -1.591390071125231,
            -0.05852969890673872,
            -1.485496841695971,
            0.399865155067249,
            -1.958846091730901,
            -1.4220068991921173,
            1.723111821435598,
            -0.7098098133636573,
            -0.3294986073946013,
            -0.6271311742994523,
            -1.1384447902629602,
            0.5878799337932001,
            -0.8296191085712685,
            -1.3470832896344358,
            -1.2625901099754617,
            0.1448265906364491,
            -1.1717522842726846,
            -1.1076070475562645,
            -0.7158622864893135,
            -1.9629993655040983,
            -0.5874115749832377,
            -0.13097311426466354,
            -0.11030949564522616,
            -0.39271133891823806,
            1.0869649494036255,
            -0.315513599039033,
            0.5857257254550031,
            0.7983426355751476,
            -0.6902084993221784,
            -1.0025308432753346,
            -0.25882955891724757,
            0.7059107061981673,
            -0.7539841207032648,
            -0.9499287683467798,
            0.03625749776520816,
            0.12937724245519946,
            0.25011970706009684,
            -0.5012219967146307,
            0.3692649897063722,
            -1.0961670527081724,
            -2.2342003356721944,
            1.7844358275276975,
            0.7956978708590856,
            1.1032776328147675,
            1.4896760244780844,
            0.906915084079245,
            0.5361289601334184,
            -0.4529167438509283,
            1.9259757970309115,
            1.456803372803673,
            0.2562809230294866,
            -0.9130624323487146,
            0.2282043747370525,
            -0.3439817079562789
        ],
        [
            0.9443348624857001,
            -0.6227437812842035,
            -1.4317587327386834,
            0.0,
            -0.46328918212720177,
            0.7002301390409835,
            -1.5060723344807196,
            -0.15946687336091162,
            -1.7687256287595152,
            1.2227191270753537,
            -0.7111041334022568,
            0.8450843818687214,
            0.6663042128140468,
            1.950920049167872,
            0.28096374973841653,
            -0.46561130203662676,
            -0.8778163015911848,
            -0.31136238467894667,
            -1.0811140616675847,
            -0.04249255044433363,
            0.983052707631789,
            -0.884161885530973,
            -1.654960661637123,
            -0.9024109423360449,
            2.418950892621156,
            0.5253894736377639,
            -0.1056712873185911,
            -0.7649607525675352,
            0.6016388572472717,
            -1.7067352204136579,
            -0.3044269701547406,
            0.28653943527889925,
            1.9206447188581415,
            0.50287771766588,
            -0.7620448869206156,
            -0.8861894333720327,
            1.5326225065597718,
            0.2138385017414913,
            -1.2892411600546165,
            -1.2629654671144994,
            -0.2281163825139519,
            -1.478229064756654,
            -1.8954957040854343,
            0.048076343545421125,
            -0.358905405383142,
            -0.8940611594059599,
            -2.205807482738673,
            1.3488427568532895,
            -1.7317370750760348,
            -0.36625258054366655,
            -1.5240742020729665,
            0.6051631920286218,
            -2.0317312461118577,
            -1.9176447252802729,
            -1.5899736252065757,
            0.3741097698466555,
            0.4023079547487807,
            -0.24753360046164158,
            -0.3450701762538099,
            1.4973240468842308,
            0.8948271377455203,
            0.26122147747847346,
            1.2162103755451446,
            1.5938173744354116
        ],
        [
            -1.6629289959528462,
            0.4266568740633894,
            -0.31129995469558974,
            -0.46328918212720177,
            0.0,
            0.7445105781153992,
            -0.7780033128600237,
            -0.83114371277394,
            1.789452876632859,
            0.29058107444121756,
            0.15418564822203482,
            1.4558846591335546,
            0.5117974951204749,
            -0.161144747867774,
            1.621165279505312,
            -2.362698683714064,
            0.15716909511603142,
            2.6714325602600777,
            1.5907509580652164,
            0.4137682583621307,
            -1.7281790557794898,
            1.254834261113242,
            0.11945253698182097,
            -1.8593711987831034,
            -0.14893606944047397,
            -0.7724544933658865,
            -0.6334011885389412,
            -0.24332892562065522,
            -0.5983027005631559,
            -0.6028569908750372,
            0.21974305512838863,
            -0.040156465363933976,
            -2.405977755971568,
            -1.1944602333403898,
            -0.387644215471908,
            0.09646206934819114,
            2.3679168187472586,
            -2.6520365216292827,
            0.22051017618674235,
            -0.570686584636816,
            -0.8546495830375281,
            -0.5657851572536624,
            -1.2530484594205276,
            0.06817142429351447,
            -1.8576649869479707,
            -0.23379482640311539,
            -2.745648538136425,
            -1.5577832027092884,
            -0.3108564195115735,
            -0.4623806449618564,
            0.9186298012460621,
            -1.1411675220753157,
            0.7075249036982834,
            -1.4352529256480735,
            -0.837986334819442,
            -0.6729892099723944,
            -1.2042104518067733,
            -1.4111358699299132,
            -0.5191960734103886,
            0.15088582750015322,
            -0.09587029864704971,
            0.4367462631977962,
            -0.23205044289142351,
            0.311985937407352
        ],
        [
            -0.6819618288917629,
            -1.4204914944539122,
            -1.7122005370340658,
            0.7002301390409835,
            0.7445105781153992,
            0.0,
            0.13639386925003955,
            -0.03436583934441402,
            -2.237281790386878,
            0.3758454570456886,
            0.5802467575444533,
            0.7621103878458527,
            0.19324204456914415,
            0.8667719643325461,
            1.4465460350208779,
            1.6593642144491607,
            1.0053959528206518,
            0.22927562035458016,
            -0.2879099665851944,
            -0.0015878606657585637,
            -0.5295511931980894,
            1.3192276530612816,
            -0.28363066578245627,
            -1.0559980498159693,
            -1.0949211107387287,
            -0.1263998364125045,
            -0.30734836531685505,
            1.06496372996872,
            -0.713644547655144,
            -0.3551859358513286,
            0.26186586909843235,
            0.4401760181813047,
            -0.2847711732461809,
            -0.2702475755312341,
            0.3982100743025266,
            -1.1138121172703384,
            -1.4212526727371386,
            -1.439193567243179,
            -0.957320116027692,
            0.7830523923037279,
            -1.2027684740237705,
            -0.6333214458782924,
            -0.34290602252436775,
            -0.5474481689059096,
            0.7904714745332467,
            0.08521843095447508,
            -1.3816974657599574,
            0.6458969235973074,
            0.7141652732866839,
            0.42711522497373966,
            -0.27179058550600294,
            0.6385551594317533,
            -1.4315085771340337,
            -0.41307036966346744,
            1.4734680017753075,
            1.798504052136539,
            0.03574779980507625,
            -0.4356925315428994,
            1.7806055917251677,
            2.514485660553502,
            -0.4832015051695677,
            -1.440372411667381,
            0.12252693900228502,
            -0.6901592847356267
        ],
        [
            0.7833433337805558,
            -1.1383531522759922,
            -0.30918128025236497,
            -1.5060723344807196,
            -0.7780033128600237,
            0.13639386925003955,
            0.0,
            1.1057076509635304,
            -2.1049604295693776,
            0.8838478237684231,
            -1.402425961479752,
            -0.26257661995680054,
            0.2904833106228442,
            0.07329773563244153,
            -0.5372738691048562,
            0.20761481875586843,
            1.0655670629921912,
            -0.1484200610213717,
            0.06338829407573549,
            -1.4507480317923918,
            -1.3937964967922252,
            -0.05768385026125193,
            0.07980305300903545,
            -2.2426818357778577,
            0.5220675260161974,
            -0.8469333030525668,
            -2.6631899823645844,
            -1.9909713163782405,
            0.4716037916994118,
            0.03405180697243333,
            0.7270187151116438,
            -1.1658401512180576,
            0.5314563806630704,
            0.8462479558210981,
            0.9069735687329082,
            -0.9117737334000788,
            -1.3705771061233651,
            -2.142239869950346,
            1.7687836066877707,
            0.0706807125173776,
            -1.1640436680281323,
            -0.039301257066997115,
            -0.822295917097015,
            -0.698814811865218,
            -0.4608067701691227,
            1.0880016097888667,
            0.33441171557505434,
            -0.4287277205202247,
            0.2926141433989309,
            -1.7376614405946231,
            1.2052257431317568,
            -0.13304070116117733,
            1.6381639876841958,
            2.1509450975186186,
            0.9690087574190234,
            -0.0018847219837508052,
            -2.259976276637837,
            0.5150492525961506,
            0.8415192081242767,
            0.9817061479635291,
            1.2516235653071206,
            -1.242178156650313,
            0.5660388960859607,
            -0.13047949900865527
        ],
        [
            -0.6373012834494072,
            -0.7978226919114987,
            -0.30513902604921667,
            -0.15946687336091162,
            -0.83114371277394,
            -0.03436583934441402,
            1.1057076509635304,
            0.0,
            -2.5072537830841446,
            1.6471081495748456,
            1.5247501284055074,
            0.328433515079166,
            -0.5724726559845248,
            -1.0209818556126384,
            -1.7835156787319695,
            -0.764203549488474,
            -0.1943415649096904,
            -1.807930928296039,
            0.028380460342035126,
            -1.8570103071458437,
            1.0266932086497185,
            0.21693798143955567,
            0.8871676288973392,
            0.40138634210023166,
            -0.4733204583586978,
            0.2981504323098036,
            0.3148139806796834,
            0.46052637668697793,
            -0.48273221192198623,
            -1.5777068875178686,
            -1.0950399683620984,
            -0.9447229216342476,
            -0.1928587675020234,
            -1.0127448878894485,
            -0.2934668441908632,
            -0.6384808193935219,
            -1.235118982810082,
            1.1587789202471053,
            0.4109035164130357,
            0.21246739846388565,
            1.4140767236898841,
            1.0541203910413253,
            -0.10678963752606638,
            -0.18089331740937756,
            0.2654700710872711,
            -0.7479007595386048,
            0.9980960247753721,
            0.7226097094805759,
            0.08631888388675119,
            0.8220375031322126,
            -0.20013277599515034,
            0.5647488276065316,
            -0.8591265129029921,
            -0.017422999411606802,
            -0.7474118796409701,
            0.43437744225224534,
            0.3603517435551464,
            -0.11845589788696315,
            -0.620524420874727,
            -0.8600757253284566,
            0.6777593155033406,
            -1.8242925731706412,
            -1.603193029782803,
            -1.0899314654059864
        ],
        [
            -0.3464555364462308,
            -0.6460917110610593,
            0.7280549767642651,
            -1.7687256287595152,
            1.789452876632859,
            -2.237281790386878,
            -2.1049604295693776,
            -2.5072537830841446,
            0.0,
            -0.8010917014477424,
            0.22340737717455847,
            1.0685436396268515,
            0.5678547049608833,
            -0.952531835706529,
            -2.422402637309331,
            -0.059900672465339304,
            -0.4157040339680697,
            -0.5012053368884302,
            -2.7268836437306145,
            -0.4615608828326822,
            0.44667151962951457,
            -1.9353738718030913,
            -0.6458215441038844,
            0.7359851020721673,
            -0.9927822029107094,
            2.3586973475741755,
            0.8803200065479011,
            -0.1357311939129025,
            1.2670982418287902,
            -0.5727455264048238,
            -0.13752586061331945,
            -0.36040712820261567,
            0.5774920154400456,
            1.1658877315917775,
            0.23327484176684618,
            -0.0995351112082235,
            0.1907361117620868,
            0.32999770099111775,
            0.113507212861647,
            -0.7993082172887724,
            0.0330221723943236,
            -2.004965815034808,
            -1.7132783435807086,
            0.6490985955923343,
            0.23736640691072342,
            0.7377351701556535,
            -0.6181580315255782,
            -1.1855105716424754,
            -0.040436211364846236,
            0.07878807900552706,
            -1.6581341530539235,
            0.2500849434752453,
            0.9627190556986419,
            -0.7032159932550495,
            -1.286385641003393,
            -1.5772346301230704,
            -1.5574583927597423,
            -0.22042296720978288,
            0.3983272397448848,
            1.1460019147051415,
            -1.3752658218360856,
            -1.4794468379906658,
            1.08590797451396,
            -0.2848358069852818
        ],
        [
            2.1558140344050782,
            0.7830754181200945,
            0.15672752012932148,
            1.2227191270753537,
            0.29058107444121756,
            0.3758454570456886,
            0.8838478237684231,
            1.6471081495748456,
            -0.8010917014477424,
            0.0,
            -0.0499598311464919,
            -0.3000593549793113,
            0.4430552106385816,
            -0.1130012144739961,
            0.2754537135492961,
            0.2781513438880823,
            0.4737805111583933,
            0.05851395565517812,
            1.974766072633483,
            0.28770197045985413,
            -1.4139114313307362,
            0.39665052016382185,
            0.42307266309773783,
            -0.03037586263992148,
            0.27079662695639195,
            0.6825596544505409,
            0.12054799136093797,
            0.573081674537986,
            1.570085949771771,
            -1.1222919531961995,
            -1.999382524562813,
            -0.42660278397015317,
            2.457942006769723,
            -0.5264670219028865,
            0.3492525342183509,
            2.1248833196826205,
            -1.5357968179725925,
            1.0142099640594822,
            -2.7413567416998856,
            -0.2402985623302394,
            -0.7483431429790128,
            0.9455919561621816,
            1.1961605093460137,
            0.31315783478293047,
            0.20553356082855806,
            1.0382373409334225,
            -0.48576625218204633,
            0.4707350543388212,
            -0.21102405459022258,
            -2.0969095306092087,
            -1.1371920227869043,
            -0.9048440063822882,
            -0.6278323698324919,
            -0.10435061539472709,
            0.6945392029355785,
            0.8137664034568992,
            0.00552818454278775,
            2.2094114576599564,
            0.3265779003693891,
            -0.6449110417521542,
            0.5507469344353613,
            -0.42984039406552366,
            1.0729855647914537,
            0.6784847203532739
        ],
        [
            0.24959068388510705,
            1.396330106979308,
            -1.591390071125231,
            -0.7111041334022568,
            0.15418564822203482,
            0.5802467575444533,
            -1.402425961479752,
            1.5247501284055074,
            0.22340737717455847,
            -0.0499598311464919,
            0.0,
            2.210589559548599,
            1.816433951524009,
            0.8069058263808739,
            -1.1081228156315455,
            0.7379562069241008,
            0.14687633647490209,
            0.1383643130447347,
            -1.0674252714851007,
            1.1759249234510738,
            -1.6612503682621145,
            0.1502802533109847,
            1.6325380377983343,
            -1.463280873223317,
            -2.518894020948624,
            -0.6865203335560184,
            -2.331079209083022,
            -0.357831376025073,
            -0.33769539230472473,
            -1.3908993506596452,
            -1.167159100017173,
            -0.8486576225411452,
            -0.7164789818023973,
            1.2925991616797359,
            1.0538600417807233,
            1.6897820848207636,
            1.124603136417946,
            -1.6661815835513454,
            -0.8443570063405823,
            -0.06856202014800945,
            1.3847997635411353,
            0.4600925099122002,
            0.7629883673315931,
            1.432054567636402,
            -1.0757805510433365,
            -2.0095641470375036,
            0.5698380809032706,
            -1.5235535425535696,
            -0.08646205112547399,
            1.244822415862657,
            -0.44017598312835576,
            0.08868478968099583,
            -1.0084711505215742,
            -0.5496096672617489,
            0.2702130720593223,
            1.035751818159152,
            0.6122410167060196,
            2.201631716060368,
            2.768377083634475,
            0.796403499750782,
            1.5264725771596723,
            1.3932523353946007,
            0.41157968761855257,
            -1.0984268958283414
        ],
        [
            0.0794997685271582,
            1.9659978158703737,
            -0.05852969890673872,
            0.8450843818687214,
            1.4558846591335546,
            0.7621103878458527,
            -0.26257661995680054,
            0.328433515079166,
            1.0685436396268515,
            -0.3000593549793113,
            2.210589559548599,
            0.0,
            -0.9213533806989905,
            -0.3834269093109651,
            0.6436601525403914,
            0.49589047804057734,
            -0.6543884338676643,
            0.8107149183556996,
            -0.34118132010912583,
            1.166895296271811,
            -1.0595140170380963,
            0.6843546822321265,
            -0.23696652842424532,
            -0.7754047045823024,
            -0.6598896049531009,
            0.5848085745831346,
            0.39647006924697387,
            -0.19907333831123897,
            0.887978553571349,
            -0.5909789322792365,
            -1.2080353627295275,
            -0.15414791332235753,
            -1.1562896359563892,
            -1.0835275066534804,
            -1.2551430630062197,
            0.8151860911872476,
            1.3240016450803345,
            1.6602727354987359,
            0.9813632143687718,
            -0.04318034777980865,
            -0.48198119217179564,
            -0.1792174873583497,
            -0.09209489387367038,
            -1.2104927230441849,
            0.9348792482136302,
            -0.7541859101908852,
            -0.6376603320435345,
            1.702159166099746,
            -0.18440440693509044,
            -0.549558697516664,
            -0.00490421267829534,
            -0.06897858200563582,
            0.9872017483650712,
            -0.33297306956391964,
            -0.5539850037841519,
            0.3259088567665712,
            0.7328980867547104,
            -0.33297096998519066,
            -1.139899860992371,
            -1.8118706546619443,
            2.048221542259716,
            -0.21396198306495343,
            -1.3463741698394875,
            -0.7190286236228082
        ],
        [
            -1.0636168688530592,
            -1.031822590311872,
            -1.485496841695971,
            0.6663042128140468,
            0.5117974951204749,
            0.19324204456914415,
            0.2904833106228442,
            -0.5724726559845248,
            0.5678547049608833,
            0.4430552106385816,
            1.816433951524009,
            -0.9213533806989905,
            0.0,
            0.15867303273003602,
            -1.5751859819519756,
            0.8880898098851928,
            1.2651233457663087,
            -0.11977715373568609,
            0.02163682366671016,
            -0.6900438473950193,
            0.746192251541134,
            0.3700489961581577,
            1.0665127378419261,
            -2.0194302432881446,
            0.37571444602558973,
            0.20485462241032232,
            -1.420554235130202,
            0.18909960883678717,
            1.4401058191351828,
            0.5816274509512666,
            -0.0035631334154993997,
            0.8887698194530289,
            -0.13041223173715705,
            -0.5423963149756574,
            -1.8941772339110161,
            0.5114839910857278,
            2.21971137867187,
            1.1996497690484391,
            -1.3631888234383762,
            0.33333267511326947,
            0.25307872783529695,
            -0.2199583476879165,
            0.3053028535256255,
            -0.18528082767527013,
            -0.048273744403580836,
            -0.8229988966761772,
            -0.02313533437019691,
            1.0530541278174526,
            -0.27235669067036483,
            -0.8814781911214236,
            -0.8627841324513048,
            2.12077316861447,
            0.7855184047154148,
            1.7793106195613555,
            1.3266345755712605,
            1.0174277632136977,
            -1.1851143209113604,
            0.1191069915937832,
            0.6823318871610548,
            1.5373037322100174,
            0.7912738843419591,
            -0.9031774207977966,
            1.1169347153391878,
            -0.18409711601604326
        ],
        [
            -0.9865640858145511,
            -0.7469732404908044,
            0.399865155067249,
            1.950920049167872,
            -0.161144747867774,
            0.8667719643325461,
            0.07329773563244153,
            -1.0209818556126384,
            -0.952531835706529,
            -0.1130012144739961,
            0.8069058263808739,
            -0.3834269093109651,
            0.15867303273003602,
            0.0,
            0.4662874476726746,
            -1.03159368278459,
            1.0398337722355349,
            0.049593600824938903,
            1.2712073206044257,
            0.8759403022568175,
            0.03261467293400181,
            0.07235163343265023,
            0.1659684142252015,
            0.7811316715115803,
            0.8044035201153112,
            -1.799253837372286,
            -0.3678261694834357,
            0.22187711903772714,
            -0.2762254654158594,
            0.7284964900058547,
            1.3185502712454549,
            -0.0409679798188315,
            0.14332406984261295,
            -0.3855488796566624,
            -1.1403650609674951,
            1.1012239633753915,
            -0.9923057488377707,
            -0.08108801661699766,
            -1.684574389795667,
            0.19500149315274096,
            -1.5541481308446143,
            -0.6094543010796422,
            0.6467824338211741,
            0.5109458458188686,
            -0.19377687009828937,
            1.7385284846115672,
            -0.04722389297425094,
            -0.7415009011580822,
            -1.5773965982160991,
            -0.5429076379176827,
            -1.2254427010856994,
            -1.4622344420576858,
            0.4744918236178405,
            0.27819761487398703,
            -0.6855756551074241,
            0.18446258000544344,
            0.10114409030073933,
            -1.5673497863714687,
            0.6423766185772921,
            0.13413063783468565,
            -0.9440000177349931,
            0.6692097468569657,
            0.12249654828283199,
            1.7767695872976417
        ],
        [
            -0.5996423815535449,
            -0.2507380960390675,
            -1.958846091730901,
            0.28096374973841653,
            1.621165279505312,
            1.4465460350208779,
            -0.5372738691048562,
            -1.7835156787319695,
            -2.422402637309331,
            0.2754537135492961,
            -1.1081228156315455,
            0.6436601525403914,
            -1.5751859819519756,
            0.4662874476726746,
            0.0,
            -0.08174662975591722,
            -2.78028567226996,
            -0.4564052209360573,
            0.24191634861826836,
            -0.3014406505210383,
            -0.3308548904260362,
            -0.7723572605986978,
            1.7245611038040083,
            0.46496026977275073,
            0.38361720123166543,
            0.8658136856205421,
            -0.8092556477336296,
            0.6742249698669788,
            -0.18855579730307767,
            1.5129003267496945,
            0.17755924091713265,
            -0.9334732558368326,
            0.418594108845696,
            1.349646708703085,
            0.004465284887959589,
            0.7686295507313651,
            0.9033285545650676,
            0.2215431196980227,
            -0.41895618703562754,
            -1.937253677212993,
            -0.7853671972247767,
            0.28618816480786513,
            0.6457343964409934,
            0.5721078840554419,
            0.8081346415120809,
            -0.9849817787024844,
            -0.3347999991828013,
            -1.3642522673675512,
            0.8348711538868346,
            -0.12737031461624382,
            -1.6084820064139123,
            0.2208041561428151,
            0.9246452490810706,
            1.5058059377754236,
            -0.5327200172861879,
            -1.370315857464802,
            -0.8698370697831751,
            -0.40401496029563816,
            -1.5520835709846512,
            1.8965236437494788,
            0.41842877048521726,
            1.9579077975771466,
            1.0350893382357678,
            0.4542882234348675
        ],
        [
            1.1300343574795846,
            -0.18937945463460634,
            -1.4220068991921173,
            -0.46561130203662676,
            -2.362698683714064,
            1.6593642144491607,
            0.20761481875586843,
            -0.764203549488474,
            -0.059900672465339304,
            0.2781513438880823,
            0.7379562069241008,
            0.49589047804057734,
            0.8880898098851928,
            -1.03159368278459,
            -0.08174662975591722,
            0.0,
            -1.4485892959103965,
            -0.23460807013246615,
            0.7812754454033359,
            1.4575655414997495,
            0.47409898407389794,
            2.034623128623503,
            -0.8784577960861146,
            -0.5261681434591767,
            -0.9699570466523885,
            -0.4945535631163381,
            -0.2768597590822661,
            -1.3519964783358396,
            -0.6115080729206672,
            -1.1984418017148544,
            0.03842928957590613,
            -0.08093115668379974,
            0.34059236221958433,
            -1.1039689286393577,
            0.6868867133721788,
            1.3093549820472017,
            0.5003852422329244,
            -0.7974365182124774,
            1.2319516045083125,
            2.24521694746983,
            -0.8102125320211359,
            -1.0363088944551768,
            -0.5501667312330991,
            -1.2833561793925237,
            0.9138835301636843,
            -1.1814134026186793,
            -2.5176644062507467,
            -0.595577237469429,
            -0.007858426512121538,
            1.2585459500384575,
            -0.18996543296710128,
            -0.18936965979791628,
            2.6076130337797565,
            -0.46911158303370354,
            1.118051071404493,
            -0.42251299650111457,
            0.8369597638912042,
            -0.5474583301683843,
            -0.6328785544555136,
            0.8568124605734816,
            -0.6859299759183423,
            0.32010298412842597,
            0.6861059410932054,
            0.22613994985570338
        ],
        [
            0.2324494648870206,
            1.9705263056865294,
            1.723111821435598,
            -0.8778163015911848,
            0.15716909511603142,
            1.0053959528206518,
            1.0655670629921912,
            -0.1943415649096904,
            -0.4157040339680697,
            0.4737805111583933,
            0.14687633647490209,
            -0.6543884338676643,
            1.2651233457663087,
            1.0398337722355349,
            -2.78028567226996,
            -1.4485892959103965,
            0.0,
            -0.8198997625326767,
            -1.090091642368461,
            -1.5228946174523086,
            0.4379624916339064,
            0.7567732687361499,
            0.5473027952263199,
            0.3010350659384907,
            -0.3016724214636648,
            0.46363823979654123,
            -1.2257312327219234,
            1.7078745800966548,
            0.5241794607200466,
            0.8948227268660296,
            -0.9252070378928873,
            1.7706240035345422,
            -0.29135609603035145,
            -0.5089520244494387,
            0.32254332715515904,
            -1.5570389126336242,
            1.2172998873960934,
            -0.4730540111056204,
            0.3032034883576162,
            -0.010748657215387487,
            1.32533386863355,
            -1.735720308405827,
            0.6920240378339203,
            -0.17443113410640856,
            -1.31532183876798,
            -0.904220011984301,
            -2.3556690705051397,
            1.0723584724529256,
            -0.10748434231564823,
            -0.4627283300362802,
            -0.6605508140733778,
            0.18697137918964066,
            -1.4672313347304244,
            0.08340157601757117,
            0.3636136178570634,
            1.2576756189131306,
            0.4421042311541845,
            2.118452687665519,
            -0.5492992484887589,
            1.1911141489306916,
            0.13051327908687965,
            -1.1477471592390998,
            -0.22686592416575826,
            -0.05928652681946413
        ],
        [
            0.15215333689650556,
            0.5036674121291419,
            -0.7098098133636573,
            -0.31136238467894667,
            2.6714325602600777,
            0.22927562035458016,
            -0.1484200610213717,
            -1.807930928296039,
            -0.5012053368884302,
            0.05851395565517812,
            0.1383643130447347,
            0.8107149183556996,
            -0.11977715373568609,
            0.049593600824938903,
            -0.4564052209360573,
            -0.23460807013246615,
            -0.8198997625326767,
            0.0,
            -0.9363004609539116,
            -2.701101623480778,
            0.0026946136398442416,
            -1.8239498144687554,
            1.8478747262285429,
            -0.16302523099347763,
            -0.14850451125101094,
            2.4807892239010276,
            1.0630776472933035,
            0.5690864492003319,
            2.0829295321787615,
            0.5665744142132227,
            0.4135827714051983,
            -0.032840609161591545,
            0.42385877226330293,
            0.8127004624050619,
            0.4762015897510767,
            0.1196819408818967,
            -0.8663300076076696,
            -0.7890646496734528,
            -1.3543028087522624,
            1.157275103602923,
            0.3080764643382269,
            -0.30120485054851026,
            0.35583780659363395,
            1.3886313755508408,
            0.5255379454568897,
            0.38548783487346727,
            -1.9741497777198997,
            -0.7429729428204798,
            0.19138731059753114,
            0.4076795810389849,
            -1.2553844541862043,
            0.014960367587414631,
            -3.1505613479469123,
            -0.3216045150167999,
            -0.5376113169260336,
            0.14688050812328296,
            -0.5886937953973066,
            -1.390034107770379,
            -0.2855143370344008,
            1.3924073953086358,
            -1.0194509127287303,
            -1.1748735521751201,
            1.8444470692416197,
            2.334297971836562
        ],
        [
            -0.7260227419103028,
            0.01886629652801637,
            -0.3294986073946013,
            -1.0811140616675847,
