{
    "N": 32,
    "id": "00e4dcf7-3547-46bc-addd-72c7a44819b9",
    "problem_type": "SK Spin-Glass",
    "distribution": "gaussian",
    "spins": [
        -1,
        1,
        1,
        -1,
        -1,
        -1,
        -1,
        -1,
        -1,
        1,
        -1,
        1,
        1,
        -1,
        -1,
        1,
        1,
        1,
        1,
        -1,
        -1,
        1,
        -1,
        1,
        1,
        1,
        1,
        1,
        -1,
        1,
        1,
        -1
    ],
    "couplings": [
        [
            0.0,
            0.23998488647996702,
            0.26886019500014346,
            -0.02546915574450394,
            -0.6066481740757215,
            1.5974361697073682,
            0.20683625736459868,
            0.5877783131710287,
            0.09769325308833397,
            -0.6253091599313858,
            0.8121841313809398,
            0.8920333653723153,
            0.045004578174264113,
            0.5351805605279406,
            -0.18426154152316615,
            0.7799580113413173,
            0.4528002387059397,
            0.91576946221101,
            -0.6836762536507797,
            0.769822703563539,
            1.4358965097930705,
            -0.43892539145751547,
            1.574212744261674,
            1.7218234776246715,
            -0.657684731651026,
            -1.4670351831101618,
            -0.5082111979543594,
            0.35834914541759244,
            0.8945967896043614,
            0.23538952394368512,
            0.032559553586645903,
            -2.0836809136977843
        ],
        [
            0.23998488647996702,
            0.0,
            0.6114448518801899,
            -1.0150743497802552,
            1.0943563507040959,
            -0.7574337713938076,
            0.01597680427916951,
            2.236146171681606,
            0.9669101344013594,
            -0.438062389862977,
            0.3564008706627282,
            -0.08302590056586306,
            -1.2269021525898967,
            0.19092059983683568,
            -0.5759162624435621,
            -2.1940039349634564,
            -1.2617850095359464,
            -0.011868955986245643,
            -1.895916997106387,
            0.7139232111232393,
            0.3617226927837697,
            -1.4197675191577124,
            0.23766950539303267,
            -0.11476070758520483,
            -0.4695421780839665,
            0.06292444324278296,
            -0.9683882859379195,
            -0.595492823885859,
            -0.7010449390698041,
            -0.27818869038554067,
            0.9460890336670927,
            -0.4681346086681156
        ],
        [
            0.26886019500014346,
            0.6114448518801899,
            0.0,
            0.30096279776015367,
            -0.35291089369873674,
            0.379661986216296,
            0.286878505378244,
            -0.8241653424097677,
            -0.9431792224411946,
            -0.5409298530443799,
            1.1717151564879995,
            1.1363681882126184,
            -0.833224231082508,
            0.819128628630362,
            1.3685782188234015,
            -0.3277475734950626,
            -0.7770771337038388,
            -0.4149657293264316,
            -1.67350735862884,
            -0.7026473169986583,
            -1.5720929517151399,
            1.0490793544484627,
            -0.07967652212776513,
            1.3995849091623447,
            -0.7023031731493242,
            0.874116919559,
            1.0759593292126408,
            0.4238807304509866,
            1.2916474128656514,
            -0.03851648294761523,
            0.7140607992461574,
            -2.3528228301628764
        ],
        [
            -0.02546915574450394,
            -1.0150743497802552,
            0.30096279776015367,
            0.0,
            -0.6475334601663868,
            0.07206840089466778,
            0.8603366588368742,
            0.5233287892172221,
            -0.7893621572305842,
            -1.7607639677358968,
            -0.2845058241894938,
            -0.745381026195972,
            1.4317742622020724,
            -0.6429035082563116,
            0.4305409811130219,
            0.023508786386457394,
            1.4410817425969904,
            -1.0275730244969312,
            -0.23399977342520356,
            -1.9587549103294302,
            0.6149103748496149,
            0.0482385596495654,
            -0.29194142798642625,
            1.1330780320782985,
            0.3768587533620908,
            -0.9672886665261793,
            0.5509693564636619,
            0.6987861707423159,
            0.732729988767989,
            0.6141956261560649,
            0.3215732661542833,
            -0.12635395329407245
        ],
        [
            -0.6066481740757215,
            1.0943563507040959,
            -0.35291089369873674,
            -0.6475334601663868,
            0.0,
            0.6074815190676548,
            0.6681664525165125,
            -1.8267461387000798,
            0.3198437493990602,
            -0.0051923464156027445,
            0.47623825082380883,
            0.22207417385766864,
            -0.613226323669676,
            0.4398943308738028,
            0.938817326256657,
            1.8978749224147244,
            1.020056251645852,
            -0.9930199232915268,
            -0.5288388839959918,
            -0.021752506516265212,
            0.6165207790526531,
            -2.511901618717719,
            0.24470901273908321,
            0.09046429435971412,
            1.7385321737683026,
            -0.2842867960412913,
            -1.2483654006673854,
            0.86007052567124,
            -1.8951481093971725,
            1.220128050468143,
            -0.024368775862658502,
            -0.1844116911473084
        ],
        [
            1.5974361697073682,
            -0.7574337713938076,
            0.379661986216296,
            0.07206840089466778,
            0.6074815190676548,
            0.0,
            0.06303310169148292,
            0.43370907569663647,
            -1.0184915020229486,
            -0.3181077144858261,
            1.0190219185711624,
            1.062764035643006,
            -0.7443678464562835,
            0.8253695976539794,
            -0.7239001151243964,
            0.4942398808366104,
            1.188434840873244,
            0.5072880474472935,
            -0.5603646806660948,
            0.9366383215929077,
            -2.0124753051463253,
            0.4513003300970335,
            -0.9709263058390225,
            0.5084570575628202,
            -0.7265913566524889,
            -0.20344847023591248,
            -0.25256079184712793,
            -0.3532405894294546,
            0.7764494913201332,
            1.1323068355404429,
            -0.4240380875033446,
            -1.3075878116311757
        ],
        [
            0.20683625736459868,
            0.01597680427916951,
            0.286878505378244,
            0.8603366588368742,
            0.6681664525165125,
            0.06303310169148292,
            0.0,
            1.5325265016716882,
            -2.322897867259281,
            0.5241253820196213,
            0.575175651310401,
            1.0196530706692841,
            0.8205802181106454,
            0.6633057380035521,
            -0.9579746988671565,
            -1.1887335802102965,
            0.9927588101133792,
            -1.6306377939513004,
            0.9698380910502671,
            0.8041651503790116,
            1.3705920322134724,
            -0.9860563279532938,
            0.36654042625367567,
            -0.7842179537664858,
            -0.21275459756141954,
            0.5886343601504058,
            -0.09315683936028948,
            -2.2392735811950364,
            0.7924145399479102,
            0.5328274224379029,
            0.9812419770463872,
            -1.432447101664646
        ],
        [
            0.5877783131710287,
            2.236146171681606,
            -0.8241653424097677,
            0.5233287892172221,
            -1.8267461387000798,
            0.43370907569663647,
            1.5325265016716882,
            0.0,
            2.2326491915640543,
            0.18273329680049527,
            -0.5936617770108913,
            0.013693673037408639,
            -1.673497817049755,
            -0.5637528042631567,
            -0.21729393118418577,
            2.275771130409469,
            -0.2746391498397527,
            -0.7622522825701197,
            2.1651926640606476,
            -0.7891520623504539,
            0.5743700480250693,
            -1.1005564971679878,
            -1.984774644089715,
            -1.9549144348306051,
            -0.8437027888333198,
            0.015014767847025006,
            -0.6495084434539197,
            1.302659865012581,
            0.5954133453355601,
            0.7826752616672562,
            0.6292128110755346,
            1.1942459463797086
        ],
        [
            0.09769325308833397,
            0.9669101344013594,
            -0.9431792224411946,
            -0.7893621572305842,
            0.3198437493990602,
            -1.0184915020229486,
            -2.322897867259281,
            2.2326491915640543,
            0.0,
            -0.4368041023456574,
            0.2682085307331679,
            -0.34989534266848044,
            -0.2728296927550981,
            -0.07609395299442273,
            -0.39781379256221583,
            -1.591676526101199,
            0.07507329564675193,
            0.4890110160111144,
            0.28550761144921616,
            -0.595176699896326,
            -1.2496956426071193,
            1.0946936773390443,
            -0.893765492442082,
            -0.3542252273717634,
            0.22317775262046913,
            0.024164761017942137,
            -1.343862380056199,
            -1.5289522981744263,
            -0.24687045520145853,
            -0.6255423673696976,
            -1.15719450662419,
            -0.6336273162419328
        ],
        [
            -0.6253091599313858,
            -0.438062389862977,
            -0.5409298530443799,
            -1.7607639677358968,
            -0.0051923464156027445,
            -0.3181077144858261,
            0.5241253820196213,
            0.18273329680049527,
            -0.4368041023456574,
            0.0,
            0.4163445313812611,
            1.3480026913902443,
            0.2563531466477409,
            -0.8349800923791503,
            0.23997543833885937,
            -0.867773517297987,
            -0.8958985805072482,
            -0.25740898032192067,
            -0.8523846142075757,
            -2.602268141317656,
            0.35469799048399264,
            0.6151488841703316,
            -0.39731269102106254,
            0.5324950289538803,
            1.8776722519612543,
            -0.23608541134013508,
            -2.413958290148192,
            0.3214223985624143,
            -0.6640085888102419,
            -0.5513408782043179,
            -0.2365959029039708,
            0.7771123208908299
        ],
        [
            0.8121841313809398,
            0.3564008706627282,
            1.1717151564879995,
            -0.2845058241894938,
            0.47623825082380883,
            1.0190219185711624,
            0.575175651310401,
            -0.5936617770108913,
            0.2682085307331679,
            0.4163445313812611,
            0.0,
            -1.0407345620493087,
            -0.7783452569479279,
            -0.5879874060026189,
            -0.7809705582892025,
            -1.650227305498427,
            0.6160424441761801,
            -2.240672380966786,
            1.1458827486135423,
            0.2145747207057742,
            -0.39720668482666743,
            -1.7595725190922933,
            2.9236063221779514,
            1.136456440222887,
            0.9972157395225458,
            -2.4124849119751866,
            -0.48112974407230874,
            -0.14786997285337972,
            1.2518940242949839,
            -0.528377982954798,
            -0.32178174465672044,
            -1.0834831520258175
        ],
        [
            0.8920333653723153,
            -0.08302590056586306,
            1.1363681882126184,
            -0.745381026195972,
            0.22207417385766864,
            1.062764035643006,
            1.0196530706692841,
            0.013693673037408639,
            -0.34989534266848044,
            1.3480026913902443,
            -1.0407345620493087,
            0.0,
            -0.9219910656266324,
            -0.7588902646708048,
            -0.8830319436946743,
            0.3865928479532483,
            0.16679195037722058,
            0.6141119381945044,
            1.5947548384142232,
            2.1668124140688336,
            1.879456948324436,
            -1.2797120134404028,
            1.6922812419382902,
            3.4460161361406745,
            -1.7395595065268301,
            0.06312299642476249,
            -0.2516767829261914,
            0.28893309942534656,
            -0.817547901819269,
            -1.065822563767162,
            2.0963897895690145,
            -0.8409569429392171
        ],
        [
            0.045004578174264113,
            -1.2269021525898967,
            -0.833224231082508,
            1.4317742622020724,
            -0.613226323669676,
            -0.7443678464562835,
            0.8205802181106454,
            -1.673497817049755,
            -0.2728296927550981,
            0.2563531466477409,
            -0.7783452569479279,
            -0.9219910656266324,
            0.0,
            -1.6389283096021985,
            -0.48471806474863965,
            0.7164489879572753,
            -1.2137852393560284,
            0.4874549889024677,
            0.24429770551925054,
            -0.5923237331782799,
            0.2761066650217338,
            -0.569330961550575,
            -0.8542166796628127,
            0.8893900082109325,
            0.022246469873557034,
            0.09244853218926342,
            -1.6689840649744796,
            0.49682242632552975,
            0.4776299983507669,
            -0.782448456657752,
            1.0627457653834076,
            0.952726480200551
        ],
        [
            0.5351805605279406,
            0.19092059983683568,
            0.819128628630362,
            -0.6429035082563116,
            0.4398943308738028,
            0.8253695976539794,
            0.6633057380035521,
            -0.5637528042631567,
            -0.07609395299442273,
            -0.8349800923791503,
            -0.5879874060026189,
            -0.7588902646708048,
            -1.6389283096021985,
            0.0,
            -0.7862009337701313,
            0.7779244524541419,
            0.28980782501056657,
            0.03890631378903694,
            -1.3947317585074648,
            -0.4184099101749335,
            -0.11255920581952665,
            -1.090493388254551,
            -1.4621107198287706,
            -0.07908338057571258,
            -1.4098160161294016,
            -0.32500759810140095,
            -0.8718221742643054,
            1.476838269120139,
            -0.555678526395787,
            0.023648254671231807,
            -0.43064378943981646,
            -0.4751362021002284
        ],
        [
            -0.18426154152316615,
            -0.5759162624435621,
            1.3685782188234015,
            0.4305409811130219,
            0.938817326256657,
            -0.7239001151243964,
            -0.9579746988671565,
            -0.21729393118418577,
            -0.39781379256221583,
            0.23997543833885937,
            -0.7809705582892025,
            -0.8830319436946743,
            -0.48471806474863965,
            -0.7862009337701313,
            0.0,
            -0.908641894269108,
            0.7743624482980603,
            1.9068278240065026,
            0.7443403843434613,
            2.1952499601519677,
            0.5523181300729093,
            0.9492714291535196,
            2.0392357447906964,
            0.009453381063927728,
            0.6522136482824912,
            0.3771481096892447,
            -0.39835690155947734,
            -1.4564951897805023,
            1.4892334051215124,
            0.44445858847336994,
            0.2376586359521943,
            2.283228679973144
        ],
        [
            0.7799580113413173,
            -2.1940039349634564,
            -0.3277475734950626,
            0.023508786386457394,
            1.8978749224147244,
            0.4942398808366104,
            -1.1887335802102965,
            2.275771130409469,
            -1.591676526101199,
            -0.867773517297987,
            -1.650227305498427,
            0.3865928479532483,
            0.7164489879572753,
            0.7779244524541419,
            -0.908641894269108,
            0.0,
            0.7778104550318695,
            -1.2926242903322023,
            -0.9770238716004594,
            -2.0838048544979118,
            -1.5931667899928816,
            -0.5095730128400074,
            -0.3480289994884939,
            -1.7727792711555441,
            1.5840370222251312,
            0.6211625157930826,
            0.5353660115262349,
            0.31912270884899724,
            -0.07618708232386,
            -2.1582371400634557,
            1.346127472363627,
            -0.3829024009237879
        ],
        [
            0.4528002387059397,
            -1.2617850095359464,
            -0.7770771337038388,
            1.4410817425969904,
            1.020056251645852,
            1.188434840873244,
            0.9927588101133792,
            -0.2746391498397527,
            0.07507329564675193,
            -0.8958985805072482,
            0.6160424441761801,
            0.16679195037722058,
            -1.2137852393560284,
            0.28980782501056657,
            0.7743624482980603,
            0.7778104550318695,
            0.0,
            1.163477705391655,
            -0.5990134678833752,
            0.955951095517833,
            0.9732588108244957,
            0.32356370144010344,
            -0.6458065190633474,
            1.335741398775576,
            0.41583540955571424,
            -1.9799502018611033,
            0.026046109635680638,
            0.09814893634441053,
            0.4497028839018403,
            0.18541883079824814,
            -0.6046323691470025,
            0.12041082954068262
        ],
        [
            0.91576946221101,
            -0.011868955986245643,
            -0.4149657293264316,
            -1.0275730244969312,
            -0.9930199232915268,
            0.5072880474472935,
            -1.6306377939513004,
            -0.7622522825701197,
            0.4890110160111144,
            -0.25740898032192067,
            -2.240672380966786,
            0.6141119381945044,
            0.4874549889024677,
            0.03890631378903694,
            1.9068278240065026,
            -1.2926242903322023,
            1.163477705391655,
            0.0,
            -0.06656627931388169,
            -0.03786603084254804,
            -0.00541982114271209,
            0.07974619022454513,
            -1.4492264415708522,
            0.1082014012343564,
            -0.3047323721838377,
            -0.10050416819371716,
            -1.449850331080973,
            -0.12104851919067498,
            -1.282909160430507,
            0.8561258818623985,
            1.934815712260646,
            -0.9052331655079286
        ],
        [
            -0.6836762536507797,
            -1.895916997106387,
            -1.67350735862884,
            -0.23399977342520356,
            -0.5288388839959918,
            -0.5603646806660948,
            0.9698380910502671,
            2.1651926640606476,
            0.28550761144921616,
            -0.8523846142075757,
            1.1458827486135423,
            1.5947548384142232,
            0.24429770551925054,
            -1.3947317585074648,
            0.7443403843434613,
            -0.9770238716004594,
            -0.5990134678833752,
            -0.06656627931388169,
            0.0,
            1.3810008098223778,
            -0.40591134972851306,
            -2.106038550762404,
            0.5326733232858917,
            -0.6983799858780327,
            -0.6819165605404472,
            1.143641560051118,
            -0.3474503559225827,
            0.5131359620584237,
            0.10613839147262041,
            -0.060470324056124035,
            1.0642222680200326,
            -0.26735784265029716
        ],
        [
            0.769822703563539,
            0.7139232111232393,
            -0.7026473169986583,
            -1.9587549103294302,
            -0.021752506516265212,
            0.9366383215929077,
            0.8041651503790116,
            -0.7891520623504539,
            -0.595176699896326,
            -2.602268141317656,
            0.2145747207057742,
            2.1668124140688336,
            -0.5923237331782799,
            -0.4184099101749335,
            2.1952499601519677,
            -2.0838048544979118,
            0.955951095517833,
            -0.03786603084254804,
            1.3810008098223778,
            0.0,
            -0.4504686327386466,
            -1.1141434918248372,
            -2.0076080812701993,
            -1.1866210219028408,
            0.00864128307412504,
            1.5130816641280491,
            0.3888605356399148,
            2.907679776531431,
            0.13859834129181636,
            0.9960064823251384,
            -0.7279753798854469,
            -0.13169732215695407
        ],
        [
            1.4358965097930705,
            0.3617226927837697,
            -1.5720929517151399,
            0.6149103748496149,
            0.6165207790526531,
            -2.0124753051463253,
            1.3705920322134724,
            0.5743700480250693,
            -1.2496956426071193,
            0.35469799048399264,
            -0.39720668482666743,
            1.879456948324436,
            0.2761066650217338,
            -0.11255920581952665,
            0.5523181300729093,
            -1.5931667899928816,
            0.9732588108244957,
            -0.00541982114271209,
            -0.40591134972851306,
            -0.4504686327386466,
            0.0,
            0.39458876448146535,
            -0.06569648198306093,
            -0.3371069328608352,
            -0.3481872089902035,
            0.33667455245612815,
            -0.27894546601270603,
            0.9171763067567279,
            -1.1808383520239174,
            -0.02891393750830399,
            0.19686706865365003,
            -0.1693723244268231
        ],
        [
            -0.43892539145751547,
            -1.4197675191577124,
            1.0490793544484627,
            0.0482385596495654,
            -2.511901618717719,
            0.4513003300970335,
            -0.9860563279532938,
            -1.1005564971679878,
            1.0946936773390443,
            0.6151488841703316,
            -1.7595725190922933,
            -1.2797120134404028,
            -0.569330961550575,
            -1.090493388254551,
            0.9492714291535196,
            -0.5095730128400074,
            0.32356370144010344,
            0.07974619022454513,
            -2.106038550762404,
            -1.1141434918248372,
            0.39458876448146535,
            0.0,
            -1.650574812251558,
            0.9024952702761823,
            -0.27988776946944843,
            -2.9419677400302677,
            0.3804850436146336,
            0.0032733575327284522,
            -0.7224251376549653,
            -0.010669195995094199,
            0.07271486988374593,
            0.08821900320367665
        ],
        [
            1.574212744261674,
            0.23766950539303267,
            -0.07967652212776513,
            -0.29194142798642625,
            0.24470901273908321,
            -0.9709263058390225,
            0.36654042625367567,
            -1.984774644089715,
            -0.893765492442082,
            -0.39731269102106254,
            2.9236063221779514,
            1.6922812419382902,
            -0.8542166796628127,
            -1.4621107198287706,
            2.0392357447906964,
            -0.3480289994884939,
            -0.6458065190633474,
            -1.4492264415708522,
            0.5326733232858917,
            -2.0076080812701993,
            -0.06569648198306093,
            -1.650574812251558,
            0.0,
            -0.6913615377334561,
            -1.1883691018270042,
            0.275483197746969,
            -1.0906445681076655,
            -0.6334349382510164,
            0.30453487203100754,
            -0.015570587543606906,
            0.4576603318331854,
            -1.1476603947361026
        ],
        [
            1.7218234776246715,
            -0.11476070758520483,
            1.3995849091623447,
            1.1330780320782985,
            0.09046429435971412,
            0.5084570575628202,
            -0.7842179537664858,
            -1.9549144348306051,
            -0.3542252273717634,
            0.5324950289538803,
            1.136456440222887,
            3.4460161361406745,
            0.8893900082109325,
            -0.07908338057571258,
            0.009453381063927728,
            -1.7727792711555441,
            1.335741398775576,
            0.1082014012343564,
            -0.6983799858780327,
            -1.1866210219028408,
            -0.3371069328608352,
            0.9024952702761823,
            -0.6913615377334561,
            0.0,
            -1.7079906314512767,
            1.9265108581771824,
            -1.27349592407476,
            -1.1987547396347038,
            0.6478041653515979,
            -0.770766488922497,
            0.05714490064991884,
            1.034110690816221
        ],
        [
            -0.657684731651026,
            -0.4695421780839665,
            -0.7023031731493242,
            0.3768587533620908,
            1.7385321737683026,
            -0.7265913566524889,
            -0.21275459756141954,
            -0.8437027888333198,
            0.22317775262046913,
            1.8776722519612543,
            0.9972157395225458,
            -1.7395595065268301,
            0.022246469873557034,
            -1.4098160161294016,
            0.6522136482824912,
            1.5840370222251312,
            0.41583540955571424,
            -0.3047323721838377,
            -0.6819165605404472,
            0.00864128307412504,
            -0.3481872089902035,
            -0.27988776946944843,
            -1.1883691018270042,
            -1.7079906314512767,
            0.0,
            -1.042059623649948,
            -0.43555174621630927,
            -1.3896460905110564,
            0.8088931995533615,
            -0.15904754645647376,
            -2.1360944438987604,
            -0.09757200698097918
        ],
        [
            -1.4670351831101618,
            0.06292444324278296,
            0.874116919559,
            -0.9672886665261793,
            -0.2842867960412913,
            -0.20344847023591248,
            0.5886343601504058,
            0.015014767847025006,
            0.024164761017942137,
            -0.23608541134013508,
            -2.4124849119751866,
            0.06312299642476249,
            0.09244853218926342,
            -0.32500759810140095,
            0.3771481096892447,
            0.6211625157930826,
            -1.9799502018611033,
            -0.10050416819371716,
            1.143641560051118,
            1.5130816641280491,
            0.33667455245612815,
            -2.9419677400302677,
            0.275483197746969,
            1.9265108581771824,
            -1.042059623649948,
            0.0,
            -0.7301999274990784,
            0.14708030849992465,
            -1.1957633588031378,
            -0.6149068286669811,
            1.2784223319501873,
            0.25100167026226256
        ],
        [
            -0.5082111979543594,
            -0.9683882859379195,
            1.0759593292126408,
            0.5509693564636619,
            -1.2483654006673854,
            -0.25256079184712793,
            -0.09315683936028948,
            -0.6495084434539197,
            -1.343862380056199,
            -2.413958290148192,
            -0.48112974407230874,
            -0.2516767829261914,
            -1.6689840649744796,
            -0.8718221742643054,
            -0.39835690155947734,
            0.5353660115262349,
            0.026046109635680638,
            -1.449850331080973,
            -0.3474503559225827,
            0.3888605356399148,
            -0.27894546601270603,
            0.3804850436146336,
            -1.0906445681076655,
            -1.27349592407476,
            -0.43555174621630927,
            -0.7301999274990784,
            0.0,
            -2.048493602586196,
            -0.39670694864619754,
            -0.42253918614036445,
            -0.15138137937489277,
            -0.9404397057761653
        ],
        [
            0.35834914541759244,
            -0.595492823885859,
            0.4238807304509866,
            0.6987861707423159,
            0.86007052567124,
            -0.3532405894294546,
            -2.2392735811950364,
            1.302659865012581,
            -1.5289522981744263,
            0.3214223985624143,
            -0.14786997285337972,
            0.28893309942534656,
            0.49682242632552975,
            1.476838269120139,
            -1.4564951897805023,
            0.31912270884899724,
            0.09814893634441053,
            -0.12104851919067498,
            0.5131359620584237,
            2.907679776531431,
            0.9171763067567279,
            0.0032733575327284522,
            -0.6334349382510164,
            -1.1987547396347038,
            -1.3896460905110564,
            0.14708030849992465,
            -2.048493602586196,
            0.0,
            -0.23670562877798643,
            -0.199029805504494,
            1.247332527949186,
            1.2868842282961916
        ],
        [
            0.8945967896043614,
            -0.7010449390698041,
            1.2916474128656514,
            0.732729988767989,
            -1.8951481093971725,
            0.7764494913201332,
            0.7924145399479102,
            0.5954133453355601,
            -0.24687045520145853,
            -0.6640085888102419,
            1.2518940242949839,
            -0.817547901819269,
            0.4776299983507669,
            -0.555678526395787,
            1.4892334051215124,
            -0.07618708232386,
            0.4497028839018403,
            -1.282909160430507,
            0.10613839147262041,
            0.13859834129181636,
            -1.1808383520239174,
            -0.7224251376549653,
            0.30453487203100754,
            0.6478041653515979,
            0.8088931995533615,
            -1.1957633588031378,
            -0.39670694864619754,
            -0.23670562877798643,
            0.0,
            0.6382338554278456,
            -0.18453188068955523,
            -0.4275303590697258
        ],
        [
            0.23538952394368512,
            -0.27818869038554067,
            -0.03851648294761523,
            0.6141956261560649,
            1.220128050468143,
            1.1323068355404429,
            0.5328274224379029,
            0.7826752616672562,
            -0.6255423673696976,
            -0.5513408782043179,
            -0.528377982954798,
            -1.065822563767162,
            -0.782448456657752,
            0.023648254671231807,
            0.44445858847336994,
            -2.1582371400634557,
            0.18541883079824814,
            0.8561258818623985,
            -0.060470324056124035,
            0.9960064823251384,
            -0.02891393750830399,
            -0.010669195995094199,
            -0.015570587543606906,
            -0.770766488922497,
            -0.15904754645647376,
            -0.6149068286669811,
            -0.42253918614036445,
            -0.199029805504494,
            0.6382338554278456,
            0.0,
            -0.948259865654589,
            -0.6461683718944403
        ],
        [
            0.032559553586645903,
            0.9460890336670927,
            0.7140607992461574,
            0.3215732661542833,
            -0.024368775862658502,
            -0.4240380875033446,
            0.9812419770463872,
            0.6292128110755346,
            -1.15719450662419,
            -0.2365959029039708,
            -0.32178174465672044,
            2.0963897895690145,
            1.0627457653834076,
            -0.43064378943981646,
            0.2376586359521943,
            1.346127472363627,
            -0.6046323691470025,
            1.934815712260646,
            1.0642222680200326,
            -0.7279753798854469,
            0.19686706865365003,
            0.07271486988374593,
            0.4576603318331854,
            0.05714490064991884,
            -2.1360944438987604,
            1.2784223319501873,
            -0.15138137937489277,
            1.247332527949186,
            -0.18453188068955523,
            -0.948259865654589,
            0.0,
            -0.347847843398095
        ],
        [
            -2.0836809136977843,
            -0.4681346086681156,
            -2.3528228301628764,
            -0.12635395329407245,
            -0.1844116911473084,
            -1.3075878116311757,
            -1.432447101664646,
            1.1942459463797086,
            -0.6336273162419328,
            0.7771123208908299,
            -1.0834831520258175,
            -0.8409569429392171,
            0.952726480200551,
            -0.4751362021002284,
            2.283228679973144,
            -0.3829024009237879,
            0.12041082954068262,
            -0.9052331655079286,
            -0.26735784265029716,
            -0.13169732215695407,
            -0.1693723244268231,
            0.08821900320367665,
            -1.1476603947361026,
            1.034110690816221,
            -0.09757200698097918,
            0.25100167026226256,
            -0.9404397057761653,
            1.2868842282961916,
            -0.4275303590697258,
            -0.6461683718944403,
            -0.347847843398095,
            0.0
        ]
    ],
    "best_energy": -117.15673926827746,
    "best_spins": [
        1,
        1,
        1,
        -1,
        1,
        1,
        1,
        -1,
        -1,
        -1,
        1,
        1,
        -1,
        1,
        1,
        -1,
        1,
        1,
        1,
        1,
        1,
        -1,
        1,
        1,
        -1,
        1,
        -1,
        1,
        1,
        1,
        1,
        -1
    ],
    "time_to_solve": 1.3769233226776123
}