{
    "N": 64,
    "id": "743ef742-f8bc-4c8e-8dd9-b5f29ff8351d",
    "problem_type": "SK Spin-Glass",
    "distribution": "gaussian",
    "spins": [
        -1,
        -1,
        -1,
        1,
        -1,
        -1,
        1,
        -1,
        -1,
        -1,
        -1,
        1,
        1,
        -1,
        -1,
        -1,
        -1,
        1,
        1,
        -1,
        1,
        1,
        1,
        -1,
        1,
        -1,
        -1,
        -1,
        1,
        -1,
        1,
        1,
        1,
        -1,
        1,
        1,
        1,
        -1,
        -1,
        -1,
        1,
        -1,
        1,
        1,
        1,
        1,
        1,
        1,
        1,
        1,
        1,
        -1,
        -1,
        -1,
        -1,
        1,
        -1,
        1,
        -1,
        1,
        1,
        1,
        -1,
        -1
    ],
    "couplings": [
        [
            0.0,
            -2.1754890220130774,
            -0.49940102870301223,
            0.5308954377735108,
            0.27770825221518486,
            0.5642207441890289,
            1.0385856693666713,
            -0.27218998101631325,
            0.598965455453574,
            0.2761608619765944,
            0.15086002682955732,
            0.07159125480881982,
            0.7317994613478364,
            -0.09524747151877157,
            0.27690001223647637,
            -0.4022422345444418,
            -1.3979229024612139,
            1.3196920691934564,
            -0.12188862655015656,
            -0.7587857159498532,
            0.48917071063579903,
            0.16716599863802065,
            0.21653607410013334,
            -0.8588076778872307,
            -1.2190670341657337,
            -1.1044433031910261,
            -0.28897438434516076,
            -0.35864308267285494,
            0.9717119767138473,
            1.0264554761310167,
            -0.24165001620009902,
            0.9159642191799447,
            1.2885466239124057,
            -0.18586055132311222,
            -0.2249232143871425,
            0.1852925011016682,
            0.9976127249696531,
            1.5029562767245932,
            0.252228993204125,
            -1.8111635398202572,
            0.33101581025914495,
            -0.3701037853567915,
            -0.7694113319972934,
            -0.25032905694649893,
            0.5380586682424746,
            0.5130543292885197,
            0.6141512224454607,
            -0.3469876939947264,
            -1.2311008643664856,
            -0.5097395770143343,
            0.9310776027414109,
            -0.11086788812004504,
            1.4070026586706936,
            1.1220608030967945,
            0.6990066588617662,
            -0.43668111947385213,
            0.4120935550421879,
            0.777430585935315,
            0.0992612396437336,
            -0.08194710639591499,
            0.0488692236139527,
            -0.04426268657464151,
            -0.465112048555863,
            1.0778293758549136
        ],
        [
            -2.1754890220130774,
            0.0,
            0.46498851832911114,
            -2.241262128783386,
            1.8865914755518647,
            0.08907539857079158,
            1.564210953480895,
            0.5122515981332622,
            -2.246689942326443,
            0.5563432711025327,
            -1.832339130454934,
            -0.8460880961691843,
            -0.17599877132243202,
            -1.4770074836030236,
            -0.3409980987338759,
            -0.9167987015809133,
            1.189515458767588,
            0.5113658975049312,
            -0.2639808098376308,
            0.1117885505323963,
            -0.494589435474919,
            0.44578539798165195,
            -0.2017834741434802,
            0.1651643944646132,
            1.3962414434053194,
            -0.12670230877691296,
            -1.0507628724249376,
            0.3201740278490935,
            2.3741412811741744,
            0.8625343197561864,
            -0.5322815698871128,
            -0.017333361381761205,
            -0.8332933739560926,
            -0.8749023340068416,
            -0.21748860502562373,
            -1.8784201774505696,
            -0.19056758894405226,
            0.09741145623539899,
            0.17975248121267595,
            0.3734893610745067,
            -1.5927353177058416,
            1.3839286654238394,
            0.9051813156225041,
            1.9827359350242182,
            -0.03772704978813986,
            -0.3470479620362221,
            0.7503939581482751,
            -0.6939495877412197,
            -0.5103477986012535,
            0.9377291521766645,
            0.2029098183580152,
            0.905050042519857,
            -1.1985667088184286,
            2.064839166799891,
            -0.5783315691436341,
            -1.696946961541278,
            0.3526472610113622,
            -0.27333241820941384,
            0.10983929076798803,
            -0.43679298472292755,
            -0.1870517255038094,
            0.6507374017498228,
            -0.19199812411736733,
            -0.7664102417051888
        ],
        [
            -0.49940102870301223,
            0.46498851832911114,
            0.0,
            -0.3653850917713788,
            -0.24886324894000453,
            0.025052394479263274,
            1.882308048195858,
            0.46911868239505594,
            0.6711758572477852,
            0.7678543108558382,
            -1.357936301402931,
            0.4434592877112051,
            0.41632082907533396,
            0.7722828665501484,
            0.22164430625706116,
            -0.22711201844153656,
            -0.24868059906192078,
            -1.0958459879463642,
            1.7674336199766234,
            -0.27983026228275304,
            -0.7912150019561245,
            0.6121369508408737,
            0.4781623558870182,
            -0.8529353666614149,
            0.11739151153202383,
            -1.4102192837475367,
            0.3266969633898064,
            0.16376972889975105,
            0.25682478143393006,
            -0.36548625882271296,
            0.7227833209572438,
            1.0258665950083894,
            -1.1873753409730043,
            -1.0253216337350544,
            0.5356026845458194,
            0.917910295764522,
            -0.9747607653359266,
            -0.27575086176807984,
            0.11347156352602061,
            -0.21118738519475452,
            1.0315524632861048,
            0.8567391758277966,
            1.0452649559590799,
            0.2631740892254143,
            -0.14204022335418276,
            0.10114587690889079,
            1.1747290421609167,
            0.7531273801140833,
            0.7447830343945503,
            -1.0035418448233386,
            -0.1878506346906905,
            0.9409517753790668,
            0.3197172188313082,
            -0.36385185494885813,
            -1.655006882389112,
            -0.8606792111818513,
            -1.2310134428702908,
            -0.04250534524758139,
            0.053071556135225725,
            2.3157304299601154,
            0.17125012840656806,
            0.31134734370431816,
            1.0078045097377846,
            -1.176136794118066
        ],
        [
            0.5308954377735108,
            -2.241262128783386,
            -0.3653850917713788,
            0.0,
            1.5130646114563342,
            -0.3349232457675288,
            -0.02737752481203922,
            0.793964668405711,
            -0.9950008589810496,
            -1.1543882344680185,
            1.4186362222138114,
            -0.014030078004216623,
            -0.17866500790924106,
            -0.057023291742041536,
            -0.8729455992935946,
            0.16380652731827866,
            1.2313940303027786,
            -0.19316758046829502,
            -1.8584436306064434,
            0.6565600989051869,
            0.3245444572724299,
            1.1087270831599296,
            3.4840292929713197,
            1.2605039141250662,
            1.1529733122515229,
            -1.440714010109105,
            -2.30088065020573,
            -0.16925777290061736,
            -0.2982616078578173,
            -1.045380505522512,
            1.27580951923153,
            1.8693097826321747,
            -2.4099639243762936,
            -0.3688756368336939,
            -2.0110088757164437,
            -0.610535103483176,
            0.35929420146605273,
            -0.2803673544960908,
            0.8485987784275151,
            -0.41174014541231685,
            1.188587767451142,
            0.13516239269372884,
            -0.8988219869489686,
            0.09540847330417591,
            -1.5524908474864942,
            -0.033884392607279434,
            -1.0987501710365148,
            -0.9322729339387451,
            0.8603788701457467,
            -0.7847881228164798,
            -0.8791596778737535,
            0.4899988041573664,
            -0.5689202195298539,
            0.19415639105874183,
            -1.6826002556795836,
            2.167649719148487,
            0.19788755883541959,
            0.8774913602072625,
            0.6206732028271742,
            -0.5903312175233124,
            -0.4483934155615387,
            -0.11693481383407438,
            -0.6499757298651524,
            0.3842683396034467
        ],
        [
            0.27770825221518486,
            1.8865914755518647,
            -0.24886324894000453,
            1.5130646114563342,
            0.0,
            0.42068495675416845,
            -0.0814369478961852,
            1.2732542448156052,
            1.666788871803437,
            -0.026663974764128837,
            -0.32267774245996395,
            -1.0039885599253429,
            0.9322146479210054,
            0.6114322408360893,
            -0.14883296846145677,
            0.498889971395466,
            -0.19326160821923813,
            1.0834779515668438,
            -2.321137490857292,
            0.20139569028708298,
            0.7755681154107441,
            1.2538439736057267,
            0.5391890632151807,
            1.6961103259030939,
            -0.5976992877218779,
            -0.33990259842605,
            0.2891036945979482,
            0.20588596668859463,
            -0.3500589672306729,
            0.31826014068112274,
            -0.4099153425307711,
            -0.17018089778857232,
            0.2149776828925304,
            0.18471578963208665,
            1.13897866929086,
            -0.27442138801332616,
            -0.6412826573292705,
            1.4012583835195358,
            -1.4496295818685374,
            -0.7643336621963601,
            -0.5061588277178913,
            -2.377454874170253,
            1.3070345978890558,
            -0.8043344445969227,
            0.8145227385271493,
            -0.9027326294745427,
            -0.9846218586890875,
            0.09640173855577366,
            0.012457851111825874,
            0.7051779992884802,
            -0.8335713007372186,
            2.350377574862861,
            1.1816900570373687,
            -1.4344412502200519,
            0.2841631981686327,
            0.12550771775776023,
            -2.194290557064441,
            -0.6966204684181366,
            -0.4879754388335156,
            0.5574898349588201,
            0.3510407493961217,
            0.4029225856120712,
            0.09040317553254923,
            -0.14723951171204192
        ],
        [
            0.5642207441890289,
            0.08907539857079158,
            0.025052394479263274,
            -0.3349232457675288,
            0.42068495675416845,
            0.0,
            -0.6923082772322423,
            -0.9537492745511756,
            -0.5906920277480548,
            0.4599498810138757,
            1.3713844731051952,
            2.3553489423045777,
            -0.023654312630912673,
            0.05018586997165748,
            -1.1142711664594365,
            0.32963875318108443,
            -0.5716185927955295,
            -0.5592299318781054,
            2.1874476728924694,
            -0.49493953444955757,
            -0.9159044723368145,
            0.7826171424430431,
            -0.4443254202810051,
            0.7999792481897715,
            0.39340575552504425,
            0.5888505803558542,
            -1.5453575047360624,
            -0.223077359846403,
            0.7788893179072094,
            0.025029313205912115,
            -0.860720213460918,
            0.9305925243669015,
            -2.3841000232921328,
            -0.8360629733035119,
            0.054351153660813126,
            -0.24426271314153591,
            0.7396671481395997,
            1.184207467611039,
            0.062194261157636044,
            -3.5912702917564143,
            -0.8906296511224653,
            0.8003094797662853,
            0.5194867917406224,
            -0.11760404019911085,
            0.10653067898505339,
            1.7397584336518996,
            1.039059892725925,
            1.45973857888997,
            0.006568141849245983,
            0.621126868865318,
            0.7895622566592823,
            -0.5426438291383655,
            -0.9230982536115356,
            -1.0801006960797574,
            -0.9011776391904854,
            1.1254285610916366,
            -1.5926501534008493,
            0.33242333066995616,
            -0.24506002770811477,
            -0.9362636405385741,
            0.653629377392828,
            0.1802089211269979,
            -0.9332002656357165,
            0.034596155310240476
        ],
        [
            1.0385856693666713,
            1.564210953480895,
            1.882308048195858,
            -0.02737752481203922,
            -0.0814369478961852,
            -0.6923082772322423,
            0.0,
            0.9111374339878411,
            1.330574397207847,
            -0.02610575256885148,
            0.6030399015475747,
            0.5867465020025074,
            -0.24020547410445103,
            -1.3765553289665549,
            0.6570494632643494,
            0.2606593149614174,
            0.43170883220540684,
            1.759375195993697,
            -0.6296354885271906,
            -0.20199103972789187,
            -0.4539530123339364,
            1.4926576071465227,
            -0.010585641325976424,
            -0.7334940967896144,
            0.10047811836308734,
            -1.723693478518506,
            -0.30832946359681707,
            -1.2208619503390885,
            1.9111982006994068,
            0.03999822392149553,
            -1.1600268980314696,
            -0.36925490526375376,
            0.36852952931717237,
            -1.3399751597602172,
            0.754999792183209,
            0.49845344906110983,
            -0.20651020555021157,
            0.9674580408899601,
            -1.3106384085073042,
            -1.8920415491158333,
            0.09353548491156956,
            -1.7019892823654048,
            1.645788993947016,
            0.08841051574353002,
            -0.8797223823048007,
            0.4136233383529301,
            0.5815599960960848,
            0.5208215596844479,
            -0.352981356546615,
            0.2422619244648798,
            0.26208698012836507,
            1.143285554282337,
            -0.4335001825201239,
            0.4430605537986544,
            0.7171987454200928,
            0.05447251811235863,
            0.5915855362140656,
            -0.45887509672496657,
            1.0277896241845896,
            -0.7622885553845486,
            -0.6039123556656321,
            -0.3525891197127087,
            -1.4786049010067333,
            0.7059184240200613
        ],
        [
            -0.27218998101631325,
            0.5122515981332622,
            0.46911868239505594,
            0.793964668405711,
            1.2732542448156052,
            -0.9537492745511756,
            0.9111374339878411,
            0.0,
            -0.12142983049943319,
            -0.781206197796993,
            -0.05753487473136748,
            1.2700204339383967,
            0.7931969425970256,
            -0.8307377559358607,
            -1.0235611322996587,
            -1.3434529620872673,
            1.2071521746254366,
            0.14438578848022346,
            2.166178379621603,
            -1.0372743925331165,
            1.2642857576774489,
            1.1119620324566157,
            -0.6176396695147015,
            0.3451327825610174,
            -1.310260321644122,
            1.3538369208232772,
            -0.2860619209775676,
            1.2246435214831968,
            -0.5363513996721387,
            0.7435624900221424,
            -0.6029686511679524,
            1.5158016128474305,
            -0.2727332209025555,
            1.1253371215092596,
            -0.5411978897607967,
            -0.299074289425237,
            1.1050837631365655,
            0.9870747617066108,
            1.341887688344413,
            0.5664933508210368,
            -1.9161310041681796,
            1.4534979102336028,
            -1.5017587070577039,
            -0.2500026569344077,
            0.4436574200794098,
            -0.4903823538641936,
            0.9291749901884828,
            -0.6067842326741403,
            -0.8405946758271856,
            -0.9682995675337918,
            -1.3793772342163695,
            0.38027905001474394,
            0.03173050416730584,
            0.32318489308219156,
            -0.16792674512989708,
            -0.6534482935228975,
            1.7515820090770577,
            1.1705658463654829,
            0.468023313734222,
            0.5687178182371883,
            -1.5389979365730815,
            2.167812831816997,
            1.079189098868507,
            -0.13562235320467708
        ],
        [
            0.598965455453574,
            -2.246689942326443,
            0.6711758572477852,
            -0.9950008589810496,
            1.666788871803437,
            -0.5906920277480548,
            1.330574397207847,
            -0.12142983049943319,
            0.0,
            -0.6232937488458847,
            -1.2223966962112944,
            0.3448025184260882,
            -1.4904264870329285,
            -0.8649316221318307,
            0.04734601891339178,
            -0.3123256473473028,
            -0.03145105744360297,
            2.030888619027403,
            0.3653900842270586,
            -2.229559398191022,
            0.9198048716290737,
            0.3306369309129947,
            1.1423430209252106,
            0.1773865672235871,
            -2.267882164927187,
            -0.858975711187182,
            -1.2425225629568912,
            -0.7152324174547389,
            0.9222455940489481,
            -0.3649942024589336,
            -0.4037146117283102,
            0.16472240014170078,
            0.6067425268559423,
            0.33337036787997854,
            -0.010711470654911747,
            0.7834229889043575,
            -1.287754916665473,
            0.6885140380695436,
            0.06342827644572183,
            -1.0597430159219112,
            -0.4240637661215204,
            0.7723748659848477,
            -0.7508876952095671,
            -0.11628500694910773,
            0.268973846977401,
            -0.20859828363293184,
            1.0116906079120085,
            0.550557374308749,
            3.1315770844773834,
            -0.5383261482625371,
            -0.3063136855946365,
            0.3679860517632271,
            2.2227260587735884,
            1.3050584117970867,
            0.5819380586600716,
            -0.18183004345460535,
            -0.9834120180518892,
            0.39986873713790855,
            1.1236693541078304,
            0.7570630797985777,
            0.15688382591202,
            -0.8356750661947985,
            -0.9241237603941301,
            0.1814540684112854
        ],
        [
            0.2761608619765944,
            0.5563432711025327,
            0.7678543108558382,
            -1.1543882344680185,
            -0.026663974764128837,
            0.4599498810138757,
            -0.02610575256885148,
            -0.781206197796993,
            -0.6232937488458847,
            0.0,
            -0.12060189145526982,
            -0.9499167378391986,
            0.4317729008987542,
            0.44679444537459473,
            0.6301525846541611,
            0.1683213483722954,
            -1.8446638873795316,
            0.32418430483731925,
            -0.4857801846187002,
            -0.265588549504083,
            0.15267725980495442,
            0.9215205955845969,
            0.27668158774025287,
            -0.07810162961088718,
            -0.03225765285511977,
            -1.580933779011731,
            -0.9122916334889661,
            -0.03936570801896146,
            -0.26350375398686315,
            1.0411351736968477,
            -0.5423601839537089,
            -0.35226700301375197,
            -1.255078353096766,
            -3.472508315168064,
            1.180832444830544,
            -0.43173909224830753,
            0.3328091219665513,
            -1.25470008342277,
            -2.268359224531791,
            0.23478541360470667,
            -1.2434726850600564,
            1.0428986314960706,
            0.6283735536752615,
            2.0502528994897684,
            -1.3503194657699322,
            -1.7097839791067249,
            -0.8780278786853056,
            -0.49136769914985845,
            -0.4583636822203956,
            0.15397411140056166,
            -0.06815000523056976,
            0.5813888442817949,
            -0.7130306702616565,
            -1.3777798408506008,
            -0.7206404766137965,
            0.7826137522109503,
            0.0015395896061105709,
            0.09015546571565762,
            0.42679771677611006,
            -0.8522243844871766,
            -0.9405738717554426,
            0.38453207490987507,
            -0.803789961553994,
            -1.0730611521152742
        ],
        [
            0.15086002682955732,
            -1.832339130454934,
            -1.357936301402931,
            1.4186362222138114,
            -0.32267774245996395,
            1.3713844731051952,
            0.6030399015475747,
            -0.05753487473136748,
            -1.2223966962112944,
            -0.12060189145526982,
            0.0,
            -0.31775250750296136,
            0.4438904514664255,
            1.4108975984635004,
            0.9053067182088428,
            0.19530372547124372,
            0.3572012358793523,
            0.9828491951326515,
            0.362845702235028,
            1.517374182956843,
            0.02743792132269534,
            -0.12660068096630353,
            1.6498922771354076,
            1.2593034627333317,
            1.7713588335887327,
            -1.7918264084307625,
            -0.7126083505728796,
            -2.6115219308934052,
            -0.1481954565465477,
            -1.1962016985279105,
            -0.2654765239630612,
            1.6639115759861345,
            -1.2000332838005463,
            -0.2816054878282222,
            1.8653319915900914,
            -0.5672030350955337,
            0.05755397646448873,
            -1.0362793736656828,
            -0.6770949600974143,
            -1.3355112359889505,
            -0.6604282993395381,
            1.2467868377918614,
            -0.9923575050987831,
            -1.062486686495952,
            -0.07869039497569778,
            0.3123568429320827,
            1.8508161994830417,
            -1.901111434799548,
            0.11818961526391522,
            -0.2081571067391684,
            -1.0116811385231679,
            0.07083223019378691,
            -1.5205585754657687,
            0.35083253332600656,
            -1.4181887522651173,
            -0.009971679542554348,
            0.3014956588494669,
            -0.2682757022615593,
            0.07153527776591707,
            -1.742535337221634,
            0.22294697971110397,
            -1.2726473165683423,
            0.7011443594968296,
            -0.628366719677434
        ],
        [
            0.07159125480881982,
            -0.8460880961691843,
            0.4434592877112051,
            -0.014030078004216623,
            -1.0039885599253429,
            2.3553489423045777,
            0.5867465020025074,
            1.2700204339383967,
            0.3448025184260882,
            -0.9499167378391986,
            -0.31775250750296136,
            0.0,
            -1.6902084344459816,
            -0.40592120541024196,
            -1.4861922592416494,
            -0.559561698772941,
            1.8512478150547245,
            -1.2837163682275456,
            -0.5277239114638058,
            -0.9237216576519313,
            -0.47516543166723185,
            0.741750400294533,
            0.06394563250108777,
            -0.09538090177868722,
            1.3526265362332344,
            0.5169831121416547,
            -0.6306739306390283,
            -0.7467865225281735,
            -0.5575440904200358,
            0.8622345478356975,
            0.13991064821717772,
            0.664504466802541,
            0.559152425206474,
            -1.627053626107746,
            -0.3328022191967626,
            0.0975828974003822,
            0.3782485091206425,
            -0.8881516336034118,
            -0.7997668650714941,
            0.0010908103169421327,
            -1.6599648183855313,
            -0.5366166416224574,
            0.7430259499737255,
            0.3716537846477277,
            0.12365274203877973,
            0.19567969566730364,
            0.33610666413897916,
            -0.5873661534238657,
            -0.866768713271077,
            1.676882601373978,
            2.067122007568076,
            -2.281852986965425,
            -0.3503202194892068,
            0.30938209358453234,
            -0.09724666664342178,
            -0.1821760252322308,
            -0.0920806375746311,
            -0.6911303251054463,
            1.2212894237341894,
            -0.16009235605031,
            -1.5535683893010128,
            -0.7569042161918532,
            -1.493965066381439,
            -0.07364271833860041
        ],
        [
            0.7317994613478364,
            -0.17599877132243202,
            0.41632082907533396,
            -0.17866500790924106,
            0.9322146479210054,
            -0.023654312630912673,
            -0.24020547410445103,
            0.7931969425970256,
            -1.4904264870329285,
            0.4317729008987542,
            0.4438904514664255,
            -1.6902084344459816,
            0.0,
            -0.6784637732676525,
            -1.7706146786375154,
            1.1989817038282482,
            -1.032776044751909,
            -1.3717111168398999,
            2.375755604405221,
            -0.8572990084014545,
            0.12685195089171328,
            0.5270810683884908,
            -1.0652171618489958,
            -0.3894186283300096,
            -0.4217820676165807,
            0.19936418794854704,
            -1.2405879111514184,
            1.240835194901549,
            -0.6096615005182112,
            0.06490444883801944,
            -0.20928072517499233,
            0.9784500262760072,
            -0.44510986977875777,
            0.44363845424796483,
            -1.0892604394928864,
            -1.0557363180693173,
            0.6792442298671388,
            -0.8141270179170508,
            -1.5178953841227476,
            -1.6213809941170136,
            0.11805519741871669,
            -1.6724788656508953,
            0.7725644868944435,
            -0.9311467108526915,
            0.2958786436375195,
            -1.4094677729821745,
            2.2703601013900014,
            0.4334340567311631,
            0.5710482206373965,
            0.17034253287180137,
            -0.07879040718967383,
            1.3824024062834368,
            0.6176052081068528,
            -0.8614535596729666,
            -1.5787031115454753,
            -0.7292760793550213,
            0.5181550907038812,
            0.3143673381450507,
            -1.2489172884070694,
            -0.6951735567046515,
            -0.6674888712311805,
            -0.11772883422885792,
            -0.09498993605140327,
            0.8892506568437966
        ],
        [
            -0.09524747151877157,
            -1.4770074836030236,
            0.7722828665501484,
            -0.057023291742041536,
            0.6114322408360893,
            0.05018586997165748,
            -1.3765553289665549,
            -0.8307377559358607,
            -0.8649316221318307,
            0.44679444537459473,
            1.4108975984635004,
            -0.40592120541024196,
            -0.6784637732676525,
            0.0,
            0.4501859411654151,
            -0.23623978579247698,
            -0.7508608054984347,
            0.6417411607450481,
            0.3498240771326218,
            0.885597007850169,
            -0.6783784305673601,
            0.3113317242249483,
            0.7240284921508571,
            0.20231791672140303,
            1.3074016614733213,
            -1.160508493833046,
            0.1792104023512266,
            -0.19847661803499836,
            0.07096840385375347,
            -0.2746891088069667,
            -1.4250484982467233,
            1.412172538604026,
            1.1365847566964158,
            1.5402674272766208,
            1.7133004298319483,
            -0.23008261288551737,
            -0.6371152114772559,
            0.22728534624214441,
            -0.32970565768335747,
            0.040046226623767826,
            -0.9995246104918641,
            0.4297733820558528,
            -2.5254362296649573,
            -0.06276090618926235,
            -1.0277195579931142,
            1.6050278065614074,
            -1.5897077062794338,
            0.3068933219881709,
            -0.7881237074169367,
            -0.5408969855320012,
            -0.12521990656309417,
            0.4105505190780932,
            0.032374436233460646,
            1.8593240708796392,
            -0.587770267846899,
            -0.010709077239455623,
            -0.1428103071099547,
            -0.05810813869857108,
            0.9980386243566246,
            2.149173946954954,
            -0.290425614216734,
            0.8155468566136376,
            -0.9879999081939463,
            0.7831628044114097
        ],
        [
            0.27690001223647637,
            -0.3409980987338759,
            0.22164430625706116,
            -0.8729455992935946,
            -0.14883296846145677,
            -1.1142711664594365,
            0.6570494632643494,
            -1.0235611322996587,
            0.04734601891339178,
            0.6301525846541611,
            0.9053067182088428,
            -1.4861922592416494,
            -1.7706146786375154,
            0.4501859411654151,
            0.0,
            -1.357541587864839,
            0.12134662063332334,
            -0.034398219761435284,
            0.40742161521989667,
            0.8688586831266419,
            -2.3007296723603066,
            -0.5473578312959302,
            0.6148825460321706,
            1.5633496193995151,
            -0.6990363601280285,
            -0.5838811537121149,
            0.605135600041008,
            1.2365200558683327,
            1.0274639338432443,
            0.22853448409973326,
            0.18084834391290897,
            -0.17805772293604433,
            -1.482841773231226,
            0.5125063368169596,
            0.8324936123421824,
            -0.16809616533820435,
            1.3252984996950485,
            -1.4590302311444263,
            1.4077588513746184,
            0.817166756581874,
            -1.5889555821192876,
            -1.0249919670465653,
            -0.31239061100718174,
            2.1133844026973283,
            0.2980774665646267,
            -0.6063890676387119,
            -0.38780078003105883,
            -1.0666041398562875,
            0.384276992037185,
            0.6485169651959245,
            0.10616162988764523,
            0.20346008480500574,
            0.775417377531675,
            -0.25495109553091133,
            0.7395960034818373,
            1.015582018309209,
            -1.4798377310487227,
            -0.8932544057042041,
            0.2434775361941646,
            -2.0475610274702998,
            2.351783017947701,
            0.9335417252740716,
            0.39865563721463804,
            0.19176537410590525
        ],
        [
            -0.4022422345444418,
            -0.9167987015809133,
            -0.22711201844153656,
            0.16380652731827866,
            0.498889971395466,
            0.32963875318108443,
            0.2606593149614174,
            -1.3434529620872673,
            -0.3123256473473028,
            0.1683213483722954,
            0.19530372547124372,
            -0.559561698772941,
            1.1989817038282482,
            -0.23623978579247698,
            -1.357541587864839,
            0.0,
            0.16924887299600036,
            0.19967943459595217,
            0.7909354792959998,
            1.0391183805528856,
            0.9506903801499964,
            -1.656550841692572,
            1.1355794080487125,
            0.30548427800126193,
            -0.8798506558190536,
            -0.29667044736411774,
            -0.9955413377260723,
            -2.721469283171901,
            0.665580417703382,
            -0.3594916996608356,
            -0.4379447854327903,
            0.25908971249493273,
            1.4669383598715855,
            0.5888420537166462,
            -0.3059085072972349,
            -1.3695018811244029,
            1.0501788488161299,
            -0.4493297009417163,
            0.995895067137823,
            0.6438624547682793,
            -0.5499229584699916,
            -1.568691864200478,
            0.6646190363446501,
            -1.6502573420664874,
            -0.5271263462841578,
            0.6556013408995199,
            -0.45886904527654354,
            0.078886919426607,
            0.4050852439378524,
            -0.04220021664654421,
            0.10200513462834285,
            0.2950477706190662,
            -1.1897636700384435,
            1.282643088725693,
            -0.6262280560651671,
            -0.31809687079563204,
            1.5649230061636976,
            -0.5600313523489895,
            1.8721243241633918,
            0.8714240304893887,
            0.7638362405448669,
            0.4683863374381198,
            -0.32594387410244935,
            -0.2719673902679838
        ],
        [
            -1.3979229024612139,
            1.189515458767588,
            -0.24868059906192078,
            1.2313940303027786,
            -0.19326160821923813,
            -0.5716185927955295,
            0.43170883220540684,
            1.2071521746254366,
            -0.03145105744360297,
            -1.8446638873795316,
            0.3572012358793523,
            1.8512478150547245,
            -1.032776044751909,
            -0.7508608054984347,
            0.12134662063332334,
            0.16924887299600036,
            0.0,
            -0.7875987979978271,
            1.7295488212917156,
            0.11741184540050499,
            0.4946357052179778,
            -0.375133612638032,
            -0.43247711474665756,
            -0.3545016426323761,
            0.32880784319285333,
            0.08073843260606857,
            -0.054636378606170245,
            1.3440808307046457,
            -0.7635951303094998,
            -0.6154462009664589,
            1.3085288925956153,
            -0.900843403614005,
            1.2919985660523279,
            0.9574519106133466,
            1.9632490197120593,
            1.3223033034108862,
            -3.0430671926315767,
            1.0384617625992394,
            -0.35073180809703164,
            -1.5587257004141881,
            0.7029320195329508,
            -0.2557387785777653,
            0.4491286424587939,
            0.5534136543237372,
            -0.5347743813246245,
            -0.1794276146694735,
            0.3014092647678442,
            1.1292651435856407,
            -0.9455883177795654,
            0.48198239536545384,
            -1.178934586584106,
            -0.5994138810052453,
            -1.5505844059573368,
            -1.2022660125244375,
            -0.5817466148036955,
            -0.508537057511586,
            -1.8721205450215275,
            -0.2144051374956488,
            0.7300060916859432,
            1.0207497640521639,
            0.7709791248170039,
            -0.6917521013693607,
            -0.13881015854037243,
            -1.096064717439154
        ],
        [
            1.3196920691934564,
            0.5113658975049312,
            -1.0958459879463642,
            -0.19316758046829502,
            1.0834779515668438,
            -0.5592299318781054,
            1.759375195993697,
            0.14438578848022346,
            2.030888619027403,
            0.32418430483731925,
            0.9828491951326515,
            -1.2837163682275456,
            -1.3717111168398999,
            0.6417411607450481,
            -0.034398219761435284,
            0.19967943459595217,
            -0.7875987979978271,
            0.0,
            0.24360845108272933,
            -1.4976540279044215,
            0.761485783291214,
            0.18979534843980253,
            -1.2066133500737735,
            0.0756230530799429,
            1.3140175299346926,
            0.23719452882742337,
            -0.8053817507777654,
            -0.5777785892782369,
            0.9509567085020313,
            0.06790013870641988,
            -1.590631554054662,
            1.900318586517768,
            1.405020095928339,
            -0.4498473743456961,
            0.7901478987324247,
            0.32601895321339813,
            -1.4180678070061103,
            -1.8967574726936498,
            1.8774280326367243,
            1.977851218673874,
            0.9995271535219707,
            0.35055623297821803,
            1.4022054256627032,
            1.6722703117260833,
            1.3051910370906845,
            -0.6916488822292892,
            -0.4688957967926694,
            0.5238226725857178,
            -2.195680180056965,
            0.47479578625508845,
            1.1902816248255819,
            0.10552345429363724,
            -0.3351329287090079,
            0.16050163377742763,
            0.8326474165278328,
            0.2921865752626308,
            0.4294017050674823,
            0.11967257580975643,
            -0.7581641815800418,
            0.769325313905556,
            1.5658694020681292,
            1.5198949025141366,
            0.7269250235674063,
            -1.08023181574747
        ],
        [
            -0.12188862655015656,
            -0.2639808098376308,
            1.7674336199766234,
