{
    "N": 64,
    "id": "5e3993b7-491e-4e87-b0a2-ba6a8fb7e5a9",
    "problem_type": "SK Spin-Glass",
    "distribution": "gaussian",
    "spins": [
        1,
        1,
        1,
        1,
        -1,
        -1,
        1,
        1,
        1,
        1,
        -1,
        1,
        1,
        -1,
        -1,
        1,
        1,
        -1,
        -1,
        -1,
        1,
        -1,
        1,
        -1,
        -1,
        -1,
        1,
        1,
        -1,
        1,
        -1,
        1,
        1,
        -1,
        -1,
        1,
        1,
        1,
        -1,
        -1,
        -1,
        -1,
        -1,
        1,
        -1,
        1,
        -1,
        1,
        1,
        1,
        -1,
        -1,
        1,
        1,
        1,
        1,
        1,
        1,
        1,
        1,
        -1,
        1,
        -1,
        1
    ],
    "couplings": [
        [
            0.0,
            -2.0139957194168,
            0.7336616233628693,
            -0.38656895512896533,
            -0.40156085458117635,
            -0.7200927722036193,
            -0.1630240384709967,
            -0.15347877847910654,
            1.8456558096001097,
            0.6479982806347271,
            -0.8197442108053905,
            -1.1707211444742691,
            0.5504618566050122,
            1.3991197895682665,
            -0.5831184836310764,
            -0.036615743257734576,
            1.0822942131869457,
            -0.9983501632662446,
            0.5528762558912937,
            3.136166631677679,
            -0.11264538473888815,
            0.0873616354918855,
            -1.0695083744732694,
            -0.286456822975412,
            -1.4526846991331221,
            0.7765509704883249,
            -0.25866086125110205,
            -0.020703303997011015,
            0.5800699181230923,
            0.9196131358657549,
            -0.6644226338443959,
            1.6768185664139936,
            -0.40008916968291125,
            -0.8565060874465716,
            -1.015253161169564,
            1.593553201871378,
            -0.6844578446683608,
            -0.9248706486229208,
            -1.4278059980070095,
            -0.05735921460500492,
            1.1862507138487255,
            0.752872790476195,
            -0.7921062995115571,
            0.8458707491440756,
            0.11995547909602057,
            0.7664262968496064,
            -0.6166071130513225,
            0.9604657121596117,
            0.7641125073477001,
            -1.4688793384390313,
            -1.102027326752343,
            -1.3871144753980615,
            -0.1239961110047555,
            0.46043004597355114,
            1.2448339834065272,
            -0.3091610040001908,
            0.27009422720441256,
            -0.6209579933117899,
            0.3564478954415297,
            -1.4994623703133305,
            0.8899694346308604,
            2.7967442808093743,
            0.8313717759127536,
            -0.36770955730555227
        ],
        [
            -2.0139957194168,
            0.0,
            0.7583902328378779,
            -0.44758442663884584,
            0.8820174659072654,
            1.0943343021976895,
            -0.2662231045214633,
            -0.6295443690128426,
            0.066855093221501,
            1.3680772488348456,
            -0.7443591356597586,
            0.3786573533341599,
            -0.16460374418672988,
            1.1188469070649443,
            -0.4532958694497425,
            -0.45870341237080525,
            0.07102778679543999,
            1.756958522818176,
            0.8860893800966541,
            -1.1647406542660868,
            0.2911790589912458,
            -0.3130803747934779,
            0.8999545692474048,
            0.3054786914857519,
            -0.8481852346516969,
            -1.2991262073716416,
            0.1333856235542658,
            2.0410237850454327,
            -0.22570610942284358,
            -2.0540092084889046,
            0.05015924956002959,
            0.665058594215346,
            -0.4129050290093697,
            -1.3909843948581546,
            -0.10683285223045871,
            1.3386081602902216,
            0.025689121112146624,
            0.27077978160540106,
            0.7350350539917866,
            -0.4028049726157763,
            -2.1740242069421085,
            0.5872884236351369,
            0.469941324171492,
            1.1191927937436352,
            1.0824908428573348,
            -1.3180589192774617,
            0.7923006460237011,
            -0.14318067484059627,
            0.7365111681155331,
            0.2461350203274585,
            -1.756468003905809,
            -2.211867699719814,
            1.508885802065205,
            0.011840394878965542,
            0.893193438726384,
            0.5541267161475014,
            -0.4509177062140757,
            0.13356655426464625,
            0.5556936499893724,
            -0.335311544863809,
            0.2973430878989251,
            -0.697421605395207,
            0.8880541528653836,
            0.6164558905139839
        ],
        [
            0.7336616233628693,
            0.7583902328378779,
            0.0,
            0.1489566598411453,
            1.2239684565356896,
            0.2889378240010053,
            -0.0929060341269061,
            0.043281842353024104,
            1.7242749810184783,
            0.6469081897300244,
            1.7286743388435006,
            0.35523127051502984,
            0.08563992427511982,
            0.6159314645411827,
            0.63942006737479,
            -0.024859052957157072,
            1.7143248957453787,
            1.0737654112058015,
            2.967969292814847,
            1.1995229604712754,
            0.40126105580098276,
            -0.626546010872373,
            -2.4968148708990316,
            -0.9278043160742288,
            -0.13347333383704046,
            -0.44733711778759705,
            -0.6602899134247437,
            -1.2047838505617807,
            -1.0797386607371928,
            -0.15377698240535775,
            -0.7115608525181897,
            -0.6170848314176941,
            0.6198361480806817,
            -1.2402236004001814,
            1.4652572169011535,
            0.34862716565870744,
            -0.22372121979184634,
            -0.6117844682323816,
            -0.9133855738433153,
            0.20475096132325515,
            1.6243819256092353,
            -1.2916213613408007,
            0.8041163610255857,
            0.036099820636092086,
            1.0920029843637944,
            -1.330204161306036,
            0.3126746109879392,
            0.6892028267759424,
            2.444408264455631,
            -0.6878880547070031,
            -1.080412535559634,
            -0.12120484485181664,
            -0.6740515196895205,
            1.4033147721114707,
            -0.12510533634473928,
            -2.1318369249389924,
            -0.3477112791583017,
            0.926862279323605,
            0.52402179357708,
            0.4393035752618247,
            -0.8380253590073558,
            0.1423891928398416,
            0.7619580881415716,
            -0.8254732220628129
        ],
        [
            -0.38656895512896533,
            -0.44758442663884584,
            0.1489566598411453,
            0.0,
            -1.8970910038894795,
            -0.8364032009366559,
            -0.18919529723898484,
            -0.766192895496823,
            0.5881360961145063,
            0.7998709761489038,
            0.7415214344999449,
            1.933247190970428,
            0.2537083912746624,
            0.533549459967363,
            1.3060311123146449,
            1.1850298732151605,
            -0.18370412523891755,
            -0.15789687864216426,
            -1.3899173903943842,
            0.2171453540664095,
            -1.373998955592106,
            0.3963212663293977,
            -0.26860657296475776,
            -0.5592997507243687,
            0.152512207269036,
            -0.130914564040169,
            -0.12501623611064203,
            -2.090634728655666,
            0.3239769656550448,
            1.2331260795981995,
            -0.30432457230803245,
            0.6786089659121588,
            -0.3208593833158291,
            1.0915282390178083,
            1.9817835298764233,
            1.4169639275895247,
            -0.38419668538454543,
            1.084995553687452,
            1.45159885719386,
            -0.622462583674059,
            -2.280223701286768,
            0.6026555733926098,
            2.079911458669836,
            -0.3987121326796953,
            -0.4988105102722848,
            0.3152294803481386,
            1.298859004961523,
            0.34968150740518883,
            0.301089022270691,
            -1.0834977233526082,
            -2.283247026989514,
            -0.1221319317224945,
            -0.4405776240299414,
            1.5496992254470612,
            0.48889991679082895,
            -1.295846690772353,
            -1.0881704777272112,
            -0.9572994795442032,
            2.0048872204697687,
            0.533720800167321,
            -0.2854150784795034,
            -0.1024348028178074,
            -0.5992752978556339,
            -1.714560144239598
        ],
        [
            -0.40156085458117635,
            0.8820174659072654,
            1.2239684565356896,
            -1.8970910038894795,
            0.0,
            -2.5921150806812006,
            1.8559604478727134,
            -0.005324446992129866,
            -0.4172753194366966,
            -2.170932377432828,
            0.10032100096764814,
            -1.9950241909269724,
            0.10301882775039196,
            -0.20765390940358933,
            -0.6634779997432461,
            -2.261607370842053,
            -1.5944577829812179,
            0.7536809222631518,
            0.7392228463083638,
            -0.3028563988053614,
            -0.02101872776031957,
            1.3965785904525407,
            3.0727931879727564,
            -0.7755541328696584,
            -0.6265333405014506,
            1.0479734934459828,
            -0.22076019850728762,
            2.0103957427093864,
            -0.2532802254989103,
            0.16137577445690085,
            -0.25817747400066626,
            0.9025120643989808,
            0.2529953921029782,
            0.030938584955429373,
            0.8970313767373485,
            1.1549455266839286,
            0.6939831711169059,
            -0.7380299986701023,
            0.14221369482229687,
            -1.8352076751899178,
            -0.7703444923270594,
            0.9465051040197681,
            0.17436511450008194,
            0.7030898152227617,
            1.2656579463055355,
            0.5372968955278226,
            0.31561372351117384,
            0.3562924402460555,
            0.04120182921106287,
            1.3389212813824167,
            -0.387441436161983,
            -0.6518029105842693,
            0.7459634398944717,
            0.9230136390679093,
            -0.07296665754878724,
            -0.2917682497062692,
            0.1376142619223243,
            0.5610629859376641,
            -1.486572967209302,
            0.39000200463076395,
            -0.5808810686778502,
            -0.8218147509234012,
            0.09248286825224748,
            -1.0272576780603009
        ],
        [
            -0.7200927722036193,
            1.0943343021976895,
            0.2889378240010053,
            -0.8364032009366559,
            -2.5921150806812006,
            0.0,
            -0.00288899748183595,
            2.2381195900637882,
            -0.5266986462776622,
            -0.04758079771175686,
            0.00802744161088235,
            0.5533560224239443,
            1.0759401424760286,
            0.40567450961051393,
            0.132630405575964,
            -0.2321059246400217,
            0.26100062833267834,
            0.666249416930159,
            0.29585327340509393,
            0.4009697018648321,
            1.4005441511412655,
            -1.7983980505478756,
            0.7768352567102756,
            0.557965150860565,
            -0.06096786780454526,
            0.9616912901764716,
            1.5943192461448497,
            -0.11376112640779347,
            -0.37368044758569335,
            1.2547988532384593,
            -0.00574665842448262,
            -0.7882016336066521,
            0.2553364588899326,
            1.8335109756852213,
            -0.40025515510645815,
            0.9890917291276726,
            -0.5880238057089362,
            -1.8336172727232947,
            0.8299301117571444,
            0.15101266561943655,
            -0.9004809975176745,
            -0.46065325586769995,
            -0.9880005827246306,
            0.9761390700374326,
            -2.1961880711464272,
            -0.2605954388154768,
            -0.40389294860720765,
            1.9945692032844728,
            -0.8931433345909698,
            -1.0397741249917376,
            0.45857210726609604,
            0.3154997620284618,
            0.333581279113161,
            0.06671239537631511,
            -0.599184582169847,
            -0.8763908859486768,
            -0.11314383417904228,
            0.7867657389926668,
            -0.3361994408573021,
            0.9855496326297168,
            -1.2068502092054534,
            -0.21452821506305036,
            -0.6179543496997135,
            -1.0306867978439591
        ],
        [
            -0.1630240384709967,
            -0.2662231045214633,
            -0.0929060341269061,
            -0.18919529723898484,
            1.8559604478727134,
            -0.00288899748183595,
            0.0,
            -0.12046720846819481,
            0.504752070360733,
            0.7837210612107378,
            -0.4232981317090675,
            0.6629455788698345,
            0.6603338053339443,
            0.21009845046596004,
            -0.18654344598584777,
            1.1692502260776176,
            -2.3520213876642058,
            0.7093900123272426,
            1.1980433341753913,
            1.001051224957042,
            -0.7717047910260291,
            1.5577828076801605,
            -2.2330744424713798,
            -0.49530319856082267,
            -0.05651134791959187,
            1.629355005393921,
            -0.5472263790073677,
            0.5430314801076481,
            0.09494387478569664,
            0.6608306305031817,
            0.09029618105462096,
            0.35975730633280434,
            -0.034586544578400845,
            0.005811466110190036,
            -0.7167178243852467,
            1.1984178785208641,
            1.1998415473719437,
            -0.530675039742147,
            1.2087079498277193,
            0.6956363310194329,
            -1.6466166891572411,
            -0.37628885192982287,
            0.8060518443078533,
            -0.16316502693489102,
            1.2720339115939445,
            0.3745640632498942,
            -2.044225180707668,
            -0.8025139102838602,
            1.7581056264497996,
            -0.1446720308333594,
            -0.42134906266549654,
            0.43193037748408847,
            0.3228414815860585,
            0.7279389184820018,
            -1.05033621110598,
            -1.2487017453693563,
            -1.0748469064319002,
            0.18877529481657207,
            1.0120493019525905,
            0.2609394726352079,
            -0.9066968331199134,
            0.027563746477652605,
            -1.0590595219576937,
            0.8414775469615671
        ],
        [
            -0.15347877847910654,
            -0.6295443690128426,
            0.043281842353024104,
            -0.766192895496823,
            -0.005324446992129866,
            2.2381195900637882,
            -0.12046720846819481,
            0.0,
            0.18669354319424353,
            1.9933439052416708,
            1.2254135123744316,
            2.0474068285303986,
            0.2652090257958686,
            1.6199195582376114,
            -0.1711622249427026,
            2.2269416280015157,
            -1.2618702285845094,
            0.506502035912804,
            0.4045952750010582,
            -0.3787568340830035,
            0.9723153916402097,
            0.5259197324714088,
            -0.2848687553891923,
            2.022696021347679,
            0.6031274614039271,
            0.18577660123954604,
            0.22135099755174467,
            -0.19724827805489906,
            -0.16721580649859055,
            -1.5077028270043094,
            1.3670588838263524,
            0.18263366386166913,
            -1.2594996527457951,
            0.5969956415159933,
            0.1908376632976038,
            0.35455208520766107,
            -0.33420114012446267,
            0.5758061043124344,
            1.3891766002268757,
            -1.0239285581212392,
            0.3420491240814398,
            1.6291723121038697,
            -0.6921554162661291,
            -0.7221451589711616,
            0.8079977650487231,
            1.9984620127535946,
            0.7921423141136396,
            0.29100892777648407,
            0.06657677706338713,
            -0.8006295239223193,
            -0.9766815467900964,
            -0.493791848892556,
            -2.0174901045926847,
            0.5099576503837852,
            -2.0329171325059545,
            -0.5976424538528979,
            0.25082042715967934,
            -0.629636427275952,
            0.15223662497543988,
            -0.41274885420388974,
            -2.3658540420117706,
            0.37100075104503816,
            0.8031842736911475,
            1.7943726637659978
        ],
        [
            1.8456558096001097,
            0.066855093221501,
            1.7242749810184783,
            0.5881360961145063,
            -0.4172753194366966,
            -0.5266986462776622,
            0.504752070360733,
            0.18669354319424353,
            0.0,
            0.26113354653810517,
            -0.16057438471912341,
            -0.12500434926767254,
            -2.0616968698521427,
            1.2647807501475523,
            -0.9028966649733452,
            -2.1126250958336557,
            -0.321231891966006,
            -0.36324684564762266,
            -1.1048129089227685,
            -0.17569575854402975,
            0.14562063365819758,
            0.40596015337137215,
            0.12608498818242908,
            0.43110388939916966,
            -0.22798437843278868,
            -0.021635601327732477,
            1.1489025515362339,
            0.3684317527993591,
            0.02633598070734175,
            0.05196018619001252,
            0.7084007035711172,
            0.2711252837157629,
            0.1854707789597916,
            0.41089205765695486,
            0.9480176462005749,
            -1.0605395960762554,
            -0.3116792200394049,
            1.3115534483835773,
            0.6778696663666016,
            -1.164150741225305,
            -1.3181753919687778,
            0.876327713395406,
            0.3311840770302378,
            -0.1719659977882876,
            0.7767607029492034,
            -0.783035159379383,
            -0.512132507319746,
            -1.411221109398001,
            -0.9510209264678912,
            0.01856339588938679,
            -0.27248570234438896,
            0.7280865478501646,
            -0.6933641649043939,
            0.24967118850581627,
            -0.3934849922257666,
            0.829020422418177,
            0.5084373840865556,
            1.120249075763343,
            -0.6300881183602345,
            -0.7897524257589245,
            -0.3058349037527997,
            0.7317584432017386,
            0.24508867281119232,
            0.25954489402568315
        ],
        [
            0.6479982806347271,
            1.3680772488348456,
            0.6469081897300244,
            0.7998709761489038,
            -2.170932377432828,
            -0.04758079771175686,
            0.7837210612107378,
            1.9933439052416708,
            0.26113354653810517,
            0.0,
            -0.3830722047723404,
            -0.9675663316461368,
            -0.6894719319826986,
            -0.060324068586360906,
            0.15175284472540243,
            -1.1769500963605743,
            -0.3863887530742195,
            -0.7121522831125874,
            -2.3465131735077374,
            0.5849032664426227,
            -0.4547295896173434,
            0.7212997975084464,
            0.6018405529662229,
            0.19882756075989846,
            0.6646293411733709,
            -2.099787486825198,
            0.11997294085020331,
            -0.482483580260619,
            -0.5041948979492957,
            -0.46230634461297054,
            -2.0156499818001223,
            -0.30665877367113153,
            -1.2551055956205641,
            -1.2608433945049837,
            -0.924131894291517,
            -2.20784490679896,
            -0.24004063889401128,
            1.1276466415093012,
            0.8153582041047469,
            0.6500779086161692,
            -1.3773419780436382,
            1.09303045482432,
            0.7128954044877052,
            -0.6586738316369795,
            1.062992279568034,
            0.08219293086033318,
            -1.5608057219442368,
            0.6571420642234882,
            2.203670230331666,
            0.6570232127218842,
            -0.9885657010691422,
            -0.05498798721455045,
            -0.5103653039912468,
            0.9817698720386661,
            -0.2302952118103877,
            1.7225384876981293,
            -3.5213697548307996,
            -0.4423112933766759,
            -0.5724015626152088,
            0.4164100120688787,
            1.1652056588916364,
            -0.0964221166324143,
            -0.3787129557677594,
            0.20312963938175435
        ],
        [
            -0.8197442108053905,
            -0.7443591356597586,
            1.7286743388435006,
            0.7415214344999449,
            0.10032100096764814,
            0.00802744161088235,
            -0.4232981317090675,
            1.2254135123744316,
            -0.16057438471912341,
            -0.3830722047723404,
            0.0,
            0.7883415068716237,
            0.3920080169005155,
            0.11742537541101163,
            1.2186241671500158,
            -1.1693243162804632,
            1.5835439238677433,
            -0.6928287765383786,
            -0.793978453377508,
            1.161606105183016,
            0.8130138732209522,
            -1.7079325808449421,
            0.9287640494889019,
            0.5275513858512453,
            -0.3819238535829082,
            -0.28952223915783254,
            0.24158571655361816,
            -0.9540025860248513,
            -0.8430621839977458,
            -0.07886856158686845,
            0.4026095879494138,
            1.1997463634247558,
            0.17307024739654792,
            0.02790955827208657,
            1.3237777790738756,
            -1.1509680312489545,
            -0.4445563802963738,
            -0.25161015761695693,
            1.0589103796764203,
            -1.0652199338061306,
            0.11683282436201975,
            1.2384338052980723,
            -0.36847263037111017,
            3.4396175960890125,
            -0.7239015942078971,
            -1.137754451744609,
            1.144015627904372,
            -2.447291502641771,
            -0.037691581618894535,
            1.3433074072862943,
            0.573298144039692,
            -0.5216854588583179,
            -0.15963441217075977,
            -0.7799946068633008,
            0.2495833449168255,
            0.02495291073580058,
            -1.5479434451280227,
            -0.25246002121320893,
            1.950174663667017,
            0.38125282027702195,
            -0.7573433846428997,
            -1.3649983591971195,
            -1.2077907483215455,
            -0.23147152639957183
        ],
        [
            -1.1707211444742691,
            0.3786573533341599,
            0.35523127051502984,
            1.933247190970428,
            -1.9950241909269724,
            0.5533560224239443,
            0.6629455788698345,
            2.0474068285303986,
            -0.12500434926767254,
            -0.9675663316461368,
            0.7883415068716237,
            0.0,
            0.7613058354733339,
            1.5828106684064491,
            0.7692541267259627,
            1.5015993727436519,
            -0.7164484160728862,
            0.24112768819929264,
            -0.3166109696916526,
            0.3947661501675243,
            -0.20696509841551014,
            0.18776925163693917,
            0.5683174913597122,
            -0.17591838303652618,
            1.8288523317007594,
            0.5356397275276588,
            -1.159839580006062,
            -0.18287277073372094,
            0.5752817883192908,
            0.7242524806875377,
            -0.10081346140715079,
            0.8062024574301158,
            0.11296077723521332,
            -0.12787121607228957,
            1.3395685171036371,
            -0.8366237623977372,
            -1.6934842831484256,
            -0.3970882508778358,
            -0.9548037684847323,
            0.4120025324935801,
            -0.7066829381588055,
            0.1832378898241694,
            1.2609815024311615,
            2.520475626937915,
            0.8362149928350342,
            0.5566034885610089,
            -0.4165124638360149,
            -1.5333558752026895,
            -0.09570445863034494,
            -0.9925215112196121,
            0.5434734559276937,
            0.4347514418850774,
            0.49304541199049323,
            -0.08257013192408028,
            2.135807222751487,
            0.9950793548415094,
            0.7973506164449192,
            1.1479667584474353,
            0.4283773980092315,
            0.9328803405932466,
            -1.4640034439040341,
            1.0205126925775838,
            -0.29093076951452174,
            0.0920365331272735
        ],
        [
            0.5504618566050122,
            -0.16460374418672988,
            0.08563992427511982,
            0.2537083912746624,
            0.10301882775039196,
            1.0759401424760286,
            0.6603338053339443,
            0.2652090257958686,
            -2.0616968698521427,
            -0.6894719319826986,
            0.3920080169005155,
            0.7613058354733339,
            0.0,
            -0.271245773244383,
            -0.28208798680454156,
            -1.79544119358016,
            0.7178176625097065,
            -0.5179126271210104,
            1.4424947118732714,
            -0.19670738712150876,
            -2.418327817769672,
            -1.6836186200737506,
            -0.11270931288287818,
            0.548910327506282,
            -0.7815697057227134,
            0.14909533395576943,
            1.5329362841624892,
            -0.43245999895393694,
            -0.05951214404840783,
            0.2137416994140076,
            0.24548124862199078,
            0.9794145414293257,
            0.24410093587846118,
            1.2695583740439884,
            -0.11955129203341287,
            0.23660834932602082,
            1.6513226818563327,
            0.4212469681754165,
            0.6509099268775231,
            -0.42553385423225304,
            0.9752556874070423,
            -0.05820824173259757,
            1.6539831903413533,
            -1.4786686994626612,
            0.1405531454214714,
            1.3004517202626324,
            1.1349072498685087,
            -1.785250853814027,
            2.0590286362131356,
            1.002518307507298,
            0.8799138487685766,
            -1.652542398963975,
            -1.6154839607788392,
            1.3607611432116944,
            -0.12421948127672036,
            1.1339235812963246,
            1.6203941682634733,
            1.640479664843728,
            0.45771755951092286,
            -0.8734654478567846,
            -0.3994774404392487,
            -1.3849847384649885,
            -1.0367293709226635,
            -1.7681011443506751
        ],
        [
            1.3991197895682665,
            1.1188469070649443,
            0.6159314645411827,
            0.533549459967363,
            -0.20765390940358933,
            0.40567450961051393,
            0.21009845046596004,
            1.6199195582376114,
            1.2647807501475523,
            -0.060324068586360906,
            0.11742537541101163,
            1.5828106684064491,
            -0.271245773244383,
            0.0,
            0.1001072852376002,
            0.530850301350955,
            -0.8810773633356621,
            -1.0192501878083897,
            0.11333577120827372,
            -0.3821867108276584,
            1.5120854909764232,
            0.11887739482467118,
            0.5535875612133994,
            1.2433685260433847,
            -1.621336945799737,
            -1.3633427898667028,
            0.6527434820892077,
            -1.5454694524908603,
            0.869053680261583,
            0.6889971740021371,
            -0.9372034581744548,
            1.0821006365883594,
            -0.7328248414774883,
            0.9714034057143359,
            -1.2264922693758389,
            -0.4094254714845452,
            -0.46622832253314683,
            -0.8599012059447773,
            0.08650225025996927,
            0.7221844021646419,
            1.409319016642931,
            1.1501952221951073,
            -1.511548684747073,
            0.4878459482324449,
            -0.6637607159305561,
            -0.0019839634625006828,
            1.7676940499090648,
            0.17079789621236421,
            1.245692830601432,
            0.32639971159598724,
            -0.08260420308044071,
            -0.8091783850988601,
            -1.252194561946333,
            -1.450021268434727,
            -0.30204148777342527,
            -0.7562546416792344,
            1.776740202740496,
            -0.8428365930663986,
            -0.8304685313600514,
            1.1325816471955104,
            -0.24554414353620949,
            -1.396946246641411,
            1.574642607022743,
            2.272007269117916
        ],
        [
            -0.5831184836310764,
            -0.4532958694497425,
            0.63942006737479,
            1.3060311123146449,
            -0.6634779997432461,
            0.132630405575964,
            -0.18654344598584777,
            -0.1711622249427026,
            -0.9028966649733452,
            0.15175284472540243,
            1.2186241671500158,
            0.7692541267259627,
            -0.28208798680454156,
            0.1001072852376002,
            0.0,
            0.1240613653971031,
            0.2620221874207167,
            0.9940917063577998,
            1.0845920255875197,
            0.527995352588522,
            -0.8703495510983718,
            2.2719160404919565,
            -0.5832467895281329,
            0.3886377415623983,
            0.2975318842876171,
            0.6224269674762327,
            0.6992828536923521,
            -0.9915040541377267,
            1.767358520332286,
            -0.12626696257779976,
            -0.7186722130350034,
            0.39934467350918074,
            0.38415976689418163,
            1.5336539834982255,
            -0.752425937344018,
            -0.6657820489977517,
            0.0418865784461949,
            0.4515798243949004,
            -1.7347607901961049,
            0.38045133227832806,
            0.4496655116306952,
            -0.2951261712331257,
            0.101745055665706,
            -1.3670719389521215,
            -0.8519921780860569,
            -1.7981216654347452,
            1.6724356954432047,
            0.6535134017580386,
            0.5716772966676348,
            1.0847314568628628,
            1.6032164439977465,
            -1.5804408796611835,
            -1.1736494862438571,
            -0.1502797280480799,
            0.2459327889016032,
            0.04243644598633806,
            0.9781919645107848,
            -0.40259835111782305,
            1.6127328218763026,
            -1.2387454446189725,
            0.11446184033350301,
            1.5076341136496088,
            0.9567796266637028,
            0.4144690290845903
        ],
        [
            -0.036615743257734576,
            -0.45870341237080525,
            -0.024859052957157072,
            1.1850298732151605,
            -2.261607370842053,
            -0.2321059246400217,
            1.1692502260776176,
            2.2269416280015157,
            -2.1126250958336557,
            -1.1769500963605743,
            -1.1693243162804632,
            1.5015993727436519,
            -1.79544119358016,
            0.530850301350955,
            0.1240613653971031,
            0.0,
            -2.190839698629649,
            0.6610872898828006,
            -0.6117174941662576,
            0.6610049692780777,
            0.4841902190842775,
            -0.29106839215428165,
            0.14251039060088702,
            0.17688868885187656,
            0.06941713775656543,
            0.696779633054167,
            0.30598768998402814,
            0.9601583848706287,
            -1.4210770218813307,
            -2.266306370650139,
            0.43413795838796077,
            1.7770304602608795,
            0.8694159611408422,
            -0.31687070964487857,
            -0.106107347918699,
            0.3516721300347623,
            0.7911040098604386,
            0.17160736778993357,
            0.7880092005931788,
            0.802358896022073,
            0.9230881963225546,
            0.23448687900948467,
            0.44283919045093695,
            0.8403929766486861,
            0.5740325689922388,
            0.4898549118589747,
            0.34652131549984355,
            1.2245212223592572,
            0.7426442428867203,
            -0.08129497047099579,
            -0.2982700170671917,
            -1.5966059217073834,
            0.12045448128220625,
            -0.07787016744541468,
            1.3652789901485407,
            1.258080472876569,
            -0.4115976881611677,
            -0.2617620005956712,
            0.3538635568926423,
            -0.6140716701182048,
            -0.7990874345657267,
            1.5030373716521899,
            -1.238713100118151,
            1.3094951919755855
        ],
        [
            1.0822942131869457,
            0.07102778679543999,
            1.7143248957453787,
            -0.18370412523891755,
            -1.5944577829812179,
            0.26100062833267834,
            -2.3520213876642058,
            -1.2618702285845094,
            -0.321231891966006,
            -0.3863887530742195,
            1.5835439238677433,
            -0.7164484160728862,
            0.7178176625097065,
            -0.8810773633356621,
            0.2620221874207167,
            -2.190839698629649,
            0.0,
            -0.482677035314677,
            0.0725480010754887,
            1.2280905838228164,
            0.6525957583262961,
            0.86657628663872,
            -1.296646109974607,
            -0.17298878437965404,
            0.09192419620361698,
            -0.7383098712733352,
            0.2491474260728869,
            0.5189475474829764,
            -1.0206630069891676,
            -0.5279741453821958,
            0.9536702626611812,
            -0.5489024204388211,
            -0.3647326076255748,
            1.0678826945081905,
            1.5440911351738407,
            -0.8169378073302812,
            -0.425198686361607,
            -1.7513186013835058,
            -1.1079727421639047,
            -0.9303358275331967,
            0.3365618199594347,
            0.1552893844832766,
            0.14879779008394542,
            -2.2353025302303644,
            1.7485008826246773,
            1.010894942891477,
            0.67697498502079,
            -1.0104390755727857,
            -0.08120835899015724,
            -0.09860964627933368,
            1.8911403995465155,
            1.6019928656559503,
            -0.36701919776908615,
            1.5234042355638755,
            -0.44097219299399537,
            0.1540377300408419,
            -0.648348695036272,
            1.1499663115116547,
            1.7161852440579668,
            -0.8020608273558243,
            -0.29117945697149644,
            2.525663953222232,
            0.2406090251097613,
            -0.24083810549830942
        ],
        [
            -0.9983501632662446,
            1.756958522818176,
            1.0737654112058015,
            -0.15789687864216426,
            0.7536809222631518,
            0.666249416930159,
            0.7093900123272426,
            0.506502035912804,
            -0.36324684564762266,
            -0.7121522831125874,
            -0.6928287765383786,
            0.24112768819929264,
            -0.5179126271210104,
            -1.0192501878083897,
            0.9940917063577998,
            0.6610872898828006,
            -0.482677035314677,
            0.0,
            0.6192718909727357,
            0.3416214190377871,
            -0.7432252043932414,
            0.34451841238172903,
            0.7647939353635856,
            -1.07528731064532,
            -0.470802729310612,
            -0.23373788362193748,
            0.16945288127463973,
            0.25942020400257265,
            -0.17981202351424513,
            -2.235577517990226,
            0.8696945073080555,
            2.3121643390531768,
            0.6296438469025848,
            -0.7484201200696025,
            0.9372931607298561,
            0.012770212885228135,
            -0.01878688124290714,
            1.1244731177279863,
            -0.34939610858050235,
            0.30072428468816115,
            -1.708142893433405,
            -1.8993191970584946,
            0.5902901287350102,
            -1.0039118945609062,
            2.2426114900032212,
            -1.3349752841904636,
            -0.6209978820585869,
            -0.013005865968305013,
            -0.04928535933386259,
            -0.026758485162510823,
            1.016184876481525,
            -0.34534829938607536,
            -0.3674235230527678,
            -0.03488069407887734,
            1.1846329006209761,
            1.2608078460443575,
            1.3303028789905893,
            0.2892118904545401,
            1.6999377273689602,
            -1.151895906263932,
            0.15332699006789938,
            -0.7379390124899966,
            -1.1750122992244416,
            0.20497391662619083
        ],
        [
            0.5528762558912937,
            0.8860893800966541,
            2.967969292814847,
            -1.3899173903943842,
            0.7392228463083638,
            0.29585327340509393,
            1.1980433341753913,
            0.4045952750010582,
            -1.1048129089227685,
            -2.3465131735077374,
            -0.793978453377508,
            -0.3166109696916526,
            1.4424947118732714,
            0.11333577120827372,
            1.0845920255875197,
            -0.6117174941662576,
            0.0725480010754887,
            0.6192718909727357,
            0.0,
            -0.9795859624794403,
            -1.3407346060289826,
            0.1563559056357701,
            2.139305429483862,
            1.0644820122856953,
            -1.0305046008615375,
            -0.7313610625476955,
            -1.0801738648640513,
            -0.7577222375780504,
            1.7743393587642056,
            0.534138915485214,
            -1.6735345455510648,
            -1.8281844358056247,
            0.8494988720293299,
            1.2125658308244913,
            0.277482420214948,
            1.8180338634181987,
            -0.447029821252204,
            0.5502419077323564,
            0.7113541182139536,
            0.23187801122411478,
            0.5923809268789471,
            -0.3997385916095746,
            -0.9635879950185688,
            -0.26838903227495414,
            1.8759224528032064,
            -1.64818857626116,
