{
    "N": 64,
    "id": "45459333-dee9-4969-832c-7e936986501a",
    "problem_type": "SK Spin-Glass",
    "distribution": "gaussian",
    "spins": [
        1,
        -1,
        1,
        -1,
        1,
        1,
        1,
        -1,
        1,
        -1,
        -1,
        1,
        -1,
        1,
        -1,
        1,
        1,
        -1,
        -1,
        1,
        1,
        -1,
        1,
        1,
        1,
        -1,
        1,
        1,
        1,
        -1,
        1,
        -1,
        -1,
        -1,
        -1,
        1,
        -1,
        -1,
        1,
        1,
        -1,
        1,
        -1,
        1,
        1,
        1,
        -1,
        1,
        -1,
        -1,
        1,
        1,
        1,
        1,
        -1,
        1,
        1,
        1,
        1,
        1,
        -1,
        1,
        -1,
        -1
    ],
    "couplings": [
        [
            0.0,
            -0.32056811998304907,
            0.698596120957734,
            1.3215216304135218,
            0.0827069121526373,
            0.04055394149007616,
            1.47983726003214,
            1.3046581163809525,
            0.07993854566208083,
            0.23734112114522093,
            1.956194495600071,
            0.35406160482322985,
            0.21297990018320145,
            -0.8805087716037037,
            0.684520444519448,
            -0.8445197217041241,
            -1.7686107656449996,
            -0.778635709312023,
            0.33182467970785207,
            1.2110284253617956,
            -1.7043491883525463,
            -0.11373043969048456,
            -0.9946541740186386,
            0.8923025814900487,
            0.5726548205552391,
            -0.2091316455723459,
            0.2502709595382523,
            1.446975192057671,
            0.6703312717074283,
            0.8410501896481909,
            0.7365298809906494,
            0.2720795701648018,
            -1.3586029258827974,
            0.5294036404256872,
            0.8458336152479378,
            1.3793400522159045,
            -0.41487060396856956,
            0.9650944495210132,
            -0.8454507878693106,
            0.5664495340635717,
            -0.7147244540650269,
            -0.20619803906076214,
            -0.38624672179250796,
            0.8950673127135301,
            2.0861762005304145,
            0.3362956628972397,
            -0.05407324505103823,
            1.5071009854898232,
            -1.0819057272236743,
            1.373004534946541,
            -0.46901458156037845,
            1.0521532825151463,
            -0.420581094011581,
            -0.8072533258637449,
            1.0203751641477055,
            -0.5821383073438131,
            0.21923478618878015,
            -0.9922812470265906,
            0.1766993511267653,
            0.3345524135801419,
            0.5036276339933614,
            -1.4375545396484821,
            0.665606234665431,
            0.8256919334080437
        ],
        [
            -0.32056811998304907,
            0.0,
            -0.16432712462298638,
            0.3352567824214747,
            0.1414164915673705,
            1.4961383722697599,
            1.1275176221528562,
            0.32767821232653505,
            -2.1911631820108246,
            -0.6943217987100573,
            1.7159705121751225,
            -1.1004469845884068,
            0.3305311406469984,
            0.6275655523863629,
            -1.308304625962567,
            0.3652056524721612,
            -0.08478856723693255,
            -0.08155178914104964,
            0.6445500268948892,
            -0.243060676096779,
            -0.7363023181081264,
            -0.2486862527861621,
            -0.06344700347462283,
            0.43567229927512363,
            1.0372324454578081,
            0.515510121444963,
            0.1042663900600364,
            0.6852043410420531,
            -0.001510397190882236,
            0.5767516608580351,
            1.0323082807264845,
            -1.028631124417679,
            -0.844978600955062,
            -2.654638054931106,
            0.4644215702956113,
            1.7487457268148616,
            0.1315608429044817,
            -0.13369753423446568,
            -0.263317110594391,
            -0.8903557487643593,
            0.08835819057765024,
            -1.0213417187312999,
            -0.1916370159190902,
            0.6646343800661151,
            -1.3034865676502057,
            -0.6194211944795773,
            -0.8713012257981316,
            0.06129776854233499,
            -0.2639075399957545,
            0.4033780010493236,
            0.18507986402750848,
            -0.979249783408603,
            1.5683043273302957,
            -0.19359984187182844,
            -1.692299801977049,
            -2.2985070786841297,
            -0.3078924600081619,
            0.4009498347791258,
            -0.7665617242999841,
            -0.413298341152084,
            0.00897114817730304,
            -0.7142374271194846,
            0.07545374359515163,
            0.007001868678311509
        ],
        [
            0.698596120957734,
            -0.16432712462298638,
            0.0,
            0.9640742784779602,
            -1.420799863555646,
            1.234069990698101,
            -1.3876237802740627,
            0.8178065938823309,
            -1.5751989418097236,
            0.34171766117388014,
            -0.713028122576665,
            -0.7762615893819211,
            0.03655402739330073,
            -1.7099812371962932,
            -0.26776258251840745,
            -0.4650619683214183,
            -1.080794280463533,
            2.1843890242959985,
            0.5088029333294464,
            1.2441191602918618,
            -0.11276692921150751,
            -1.8300345186421256,
            -1.7963741851920219,
            -0.22074647680480586,
            0.4534826348249603,
            0.616931176983585,
            -0.11767807841910166,
            -0.9527342956888756,
            0.993470798553232,
            -2.0449117841079034,
            -1.087897802356365,
            1.864515812394043,
            0.03777374492253704,
            1.040203712278643,
            -0.9741642392218052,
            1.9448334031508134,
            -0.7930211270160469,
            -0.30161131449524925,
            0.04560891972628136,
            0.09807623182561957,
            1.1676959160798541,
            0.40588635769815085,
            2.1898503087586842,
            1.758021057342789,
            1.3723585144795716,
            -0.2685544951439797,
            -0.4766831557650809,
            -1.050523730669995,
            0.5364635358501422,
            -0.45212081488742384,
            1.9210780669971306,
            -0.3011838735167309,
            1.1247360655515493,
            -0.3611745556032282,
            -0.3435873187703307,
            -0.41319059062664004,
            1.1151999065671037,
            1.7428513347958194,
            0.0032906704038700944,
            -0.18726779646673872,
            -0.7019197232203386,
            0.7977916499290046,
            1.3796990397022595,
            0.9045204754525233
        ],
        [
            1.3215216304135218,
            0.3352567824214747,
            0.9640742784779602,
            0.0,
            -1.6111816468241944,
            0.7020630762439789,
            -1.9877087603024994,
            -0.6858599979417859,
            0.23317427928741855,
            -0.030756358520795106,
            -0.2185582931091677,
            -0.6129580274928262,
            0.616547419201803,
            1.419443345615461,
            -0.3649512549579374,
            -1.8377716376657036,
            -1.3427722731997307,
            -0.18744341117603538,
            -0.24378749429919191,
            -0.6682715299085519,
            -1.7931502308366285,
            0.8697088669585893,
            -1.3182306199878604,
            -0.8014292009191943,
            0.1551722997725818,
            1.0269833097073837,
            1.674717465711017,
            -1.5428299491454853,
            0.43662944578320356,
            -0.1543650666664648,
            -0.9919683695688494,
            -0.040141114919164736,
            -0.862129142875736,
            -1.5050110957216285,
            -0.374992755257746,
            -0.5199106038086,
            1.9618663370328402,
            -1.3088669661089594,
            0.07620798916829022,
            -0.03684116072856033,
            1.785626111828972,
            0.2616943065830233,
            -1.1930129155007183,
            -1.0722150614739723,
            1.8804785230399146,
            0.6345585286001066,
            0.7301345010665787,
            0.41526857007159934,
            -0.019497980489207443,
            0.023484014984927158,
            1.0781630463364003,
            0.9681876906728314,
            -0.11105107941236969,
            0.38231021322645115,
            -0.6536560223131777,
            -0.9227395004248936,
            -1.0612348673239014,
            -0.9124758642208511,
            2.2292142034460065,
            -2.146961875367817,
            -0.3643334799673599,
            -0.2350577260129199,
            0.5709660656927056,
            -0.394240428621329
        ],
        [
            0.0827069121526373,
            0.1414164915673705,
            -1.420799863555646,
            -1.6111816468241944,
            0.0,
            -0.5663990752601904,
            -0.2556237291235823,
            -2.0961728174327576,
            -1.1677004510471742,
            0.8695910863759757,
            -0.06647942905757137,
            -0.04896535714899463,
            -1.6396476557630792,
            1.6688075533645805,
            -0.5497207574642129,
            0.9582596580586654,
            1.3728063807899207,
            1.5264001636807538,
            -0.01787805043145527,
            -0.1257808249545351,
            -0.006255606818409653,
            1.5431596549582605,
            0.6162431805091821,
            0.08119993733898027,
            2.7000462981965927,
            -1.2341499675638095,
            -0.8083765085865027,
            -0.38286227887735774,
            -2.119262907698436,
            -0.5247682780697911,
            0.8260690434267453,
            1.9051452046050141,
            0.11724567359693715,
            2.1955162561174433,
            1.2761529298375842,
            -0.06997069864248677,
            -0.5363054487447672,
            -0.06435469694266921,
            1.0851395911135928,
            -1.6858763425937267,
            0.280916931746569,
            1.176364607700153,
            0.7929082163033695,
            1.047989435794668,
            -0.935682242678878,
            0.5431529161942502,
            1.0289061185709014,
            -1.1187614439833173,
            -0.1883901649827109,
            0.9366715254281517,
            0.1406381445776679,
            0.5359137174779017,
            -0.703799930985702,
            0.12133305447481722,
            0.9322461425552161,
            0.8156236403495984,
            -0.2164315276168382,
            -0.1751725231438179,
            0.04142510566788206,
            0.39274485615041277,
            -0.7077418999265361,
            1.13432089647375,
            -0.13472686591661842,
            0.5876159472076242
        ],
        [
            0.04055394149007616,
            1.4961383722697599,
            1.234069990698101,
            0.7020630762439789,
            -0.5663990752601904,
            0.0,
            -0.9612612237828526,
            -0.7721766336276137,
            0.7045085374711889,
            -1.6799221018595265,
            -0.04805472362277219,
            -1.577943298984205,
            0.8963630679966474,
            0.6266233592527425,
            -0.19518416423981735,
            0.7020572602024734,
            -0.35581432255354084,
            1.4749154186315185,
            -1.8371885620907469,
            -0.04765810963753898,
            -0.3086462778845537,
            -0.2241367898921371,
            -0.27087382621176537,
            -0.9890767062026349,
            -0.1441215640662629,
            -0.825246209044778,
            0.43178606353022275,
            0.42775103536991677,
            -1.2028005059198577,
            -0.6843513294177336,
            0.619995746439804,
            0.34719362022780587,
            -0.6970869464325511,
            -0.48250786578699345,
            -3.1971436340113732,
            0.4947231608219241,
            0.1454852923806605,
            0.8694980145464904,
            -0.5074809476212429,
            -0.9659639876158527,
            -0.661796618043056,
            0.13972339143424567,
            0.1269438588426386,
            -0.689503337542866,
            -2.2619123641285275,
            0.07869327614671162,
            1.4201073392725143,
            1.3114674525560692,
            0.07090206259827102,
            1.2533629456739803,
            -0.7010818529242534,
            1.0491020432392104,
            0.9195064211758822,
            -1.1029238203619542,
            -0.45069734497724523,
            0.5153406226947181,
            0.26667309407306466,
            -1.418266779331647,
            0.432772970488572,
            1.5894256283830301,
            -0.25115447151598636,
            0.28071691463522463,
            0.7659651861088145,
            1.0386128710746436
        ],
        [
            1.47983726003214,
            1.1275176221528562,
            -1.3876237802740627,
            -1.9877087603024994,
            -0.2556237291235823,
            -0.9612612237828526,
            0.0,
            0.8175720191294548,
            -1.574352741854609,
            0.6501744972063959,
            0.7476691183338924,
            0.053779874722049426,
            -0.6276220062118945,
            1.653999607878211,
            0.5901606146260969,
            1.7054309906845344,
            0.14031374870908128,
            0.0924824657602877,
            0.1179609501455296,
            0.313696234707473,
            -0.06707256095209839,
            0.8172413102883573,
            0.07657167756898892,
            0.415726704146665,
            -1.5473215978559072,
            -1.852884341024466,
            1.1811845601265287,
            0.19864907447952043,
            -0.2897344247093731,
            1.3750443114221438,
            0.5299442678097909,
            0.41442874198444307,
            -0.23712493546328658,
            -0.6905073943717245,
            0.6663866136759522,
            -1.7941040314116665,
            -0.521892681778768,
            0.7961707149521462,
            1.1548289191062087,
            -0.4545832303076036,
            -0.5280319463143314,
            0.2539110502428131,
            2.0403137376949303,
            -1.5139069601429351,
            -1.482609080615032,
            0.009254285670324346,
            0.608684431710893,
            -0.39901332927555117,
            -1.945082655858861,
            0.8463559615571857,
            1.1187975772225347,
            -0.2222543158616484,
            -1.5082862428380412,
            -0.7718983914364436,
            0.308742824483982,
            -1.6706884925902843,
            -1.969346421691679,
            -0.6786101220439845,
            -0.33035188325002435,
            1.8967453702384933,
            0.496530662578194,
            2.559900954692224,
            -0.626008268690122,
            -0.7136933656901214
        ],
        [
            1.3046581163809525,
            0.32767821232653505,
            0.8178065938823309,
            -0.6858599979417859,
            -2.0961728174327576,
            -0.7721766336276137,
            0.8175720191294548,
            0.0,
            -0.8620723790974654,
            -0.03494967379372007,
            -0.8026342246901378,
            1.7535185387596581,
            0.555569743553728,
            1.3114818741611665,
            -1.5497001497818605,
            -1.538048907227781,
            0.9960023385466891,
            -1.337645304702034,
            1.1478510004025797,
            0.8367666474580384,
            0.07975821993056768,
            1.0332926080741693,
            0.4009957322630434,
            -0.43292018089723994,
            0.21869001998591697,
            0.2677897761634444,
            0.5568295799769521,
            -0.49000969850559367,
            -1.7306460781607709,
            0.8358209387156578,
            2.664588136728836,
            1.1314263503463953,
            -0.2895297272941764,
            -1.5130818203026524,
            -0.5122936254526917,
            1.3868763375618585,
            0.7569629837252182,
            -1.1072722395449002,
            0.23894831023162444,
            0.7388313838802945,
            0.4852528088436856,
            -0.030205232404954672,
            -0.7190924674548446,
            -0.6456283410470701,
            -0.2531935845192084,
            0.8155833641487784,
            -0.10926278172067368,
            0.7845310771919496,
            -0.14270628134464003,
            -0.01180883148188536,
            -0.08637838466038926,
            0.6892573752424933,
            -0.1731452716053869,
            -0.967275513476621,
            1.5811407017955443,
            0.25237300314948785,
            -0.13708363606386537,
            -0.4025267436743427,
            0.9810318264586915,
            0.7553992072246563,
            1.433267988945034,
            -2.432665499129081,
            -0.5133747850849013,
            -0.5885820468864716
        ],
        [
            0.07993854566208083,
            -2.1911631820108246,
            -1.5751989418097236,
            0.23317427928741855,
            -1.1677004510471742,
            0.7045085374711889,
            -1.574352741854609,
            -0.8620723790974654,
            0.0,
            -0.17584185212223333,
            2.1108133087862573,
            0.6458816481659029,
            -0.30637438722208965,
            -1.284947924566576,
            -1.0867754477998748,
            -0.7727688197658512,
            0.3154794898879237,
            0.46828345123141946,
            -1.543661704136593,
            0.2512196821866861,
            -0.11077162373555735,
            0.3040449864913324,
            -0.6324705222744347,
            -1.9636326860379643,
            0.7153752101679403,
            0.048400360696257055,
            -0.2815633979480501,
            2.8352575233674546,
            -0.4989743695016905,
            2.09739030312178,
            -0.2743214786462454,
            -0.1004139712294464,
            1.9270706783575444,
            0.34370430940433677,
            -1.2506560321118108,
            -0.7929099985587855,
            1.5034475441636654,
            -0.36410411629577755,
            0.4640576794149724,
            -0.07909378272503845,
            -1.181903328512469,
            -1.7612830691138546,
            0.8271945205873835,
            -1.0945322502561123,
            0.6442499864643468,
            0.3771026336701072,
            0.5005633157423803,
            0.08673784246976156,
            -0.018063979875041897,
            -1.548602731696619,
            -2.3328996930571537,
            1.4959715214176048,
            0.2710164061584602,
            0.8707376356211898,
            0.7370024064643471,
            0.9672747122917557,
            -1.209934744513073,
            -1.4447743944585036,
            -1.0712573772966498,
            -0.379286367693772,
            0.7848441292851174,
            -1.4859994895138344,
            1.2208182463940889,
            -1.2401156170336056
        ],
        [
            0.23734112114522093,
            -0.6943217987100573,
            0.34171766117388014,
            -0.030756358520795106,
            0.8695910863759757,
            -1.6799221018595265,
            0.6501744972063959,
            -0.03494967379372007,
            -0.17584185212223333,
            0.0,
            0.09466724712842864,
            0.6235515517540403,
            -0.22279961413187338,
            0.850573809148869,
            1.3902179424990602,
            -0.31957213470800194,
            0.44853366654397764,
            -0.6119233629492425,
            -1.254034866452377,
            2.255787117805734,
            0.16099816485995222,
            -0.5392425238736179,
            0.7176450660179988,
            -0.26182081318234834,
            -1.4339416569549734,
            -0.6163353736735872,
            -0.7732952237633038,
            -0.14820317921663612,
            0.2972548537796775,
            -2.4785954929795597,
            0.03935950542997035,
            0.20037600089552546,
            0.5612849212535997,
            -0.5767408056923665,
            -1.0734576218581344,
            0.747717659979534,
            1.234712483595751,
            -0.8931770620919105,
            -0.7024055124497736,
            -1.0693615406710248,
            -2.1574605675360026,
            -0.37352818753596473,
            2.42618015394882,
            0.41559395136511434,
            -0.9353320921266978,
            -0.3792018200056981,
            0.8209479309838283,
            -0.027586019482774518,
            0.030463020878363025,
            -0.07251802609697548,
            -0.5081706113918536,
            1.6948286363097178,
            0.26505191569537284,
            -0.11026888971650559,
            -1.964831584606815,
            -2.0601592952887624,
            0.12743772695091943,
            -0.153704475329981,
            -0.03484670513357776,
            -0.01851988027116731,
            0.3957753843389071,
            1.4729525394142482,
            0.3032008899916388,
            -1.0416890594484085
        ],
        [
            1.956194495600071,
            1.7159705121751225,
            -0.713028122576665,
            -0.2185582931091677,
            -0.06647942905757137,
            -0.04805472362277219,
            0.7476691183338924,
            -0.8026342246901378,
            2.1108133087862573,
            0.09466724712842864,
            0.0,
            0.7504582411016837,
            -1.8728430285592799,
            0.6871290947443683,
            -0.9212038502794133,
            -0.9172570630023817,
            0.8208476968848399,
            -0.4526099074104994,
            -0.14618653100077253,
            -0.6489244345059286,
            1.3917179417074481,
            -0.7128956370712428,
            0.27773492868359495,
            0.3403269876449037,
            -0.4506647223972211,
            0.37574934802083704,
            -0.24809100168500256,
            -0.79043336228598,
            0.5474958444803006,
            0.6096227359584203,
            0.5449616943976875,
            1.778644071039786,
            1.1970041431286664,
            -0.8688329441865724,
            0.08655726306510099,
            0.3225117871401265,
            -0.600233305837106,
            0.9845015298196218,
            -1.914167168079617,
            -0.15484444157468927,
            0.09786240416778823,
            -0.5932319136621257,
            -0.6054561392719926,
            1.75224162037642,
            1.20128777233536,
            0.24812762706009123,
            -0.48288248343236784,
            -0.10196190414102008,
            0.5319939883512572,
            -2.142635728086927,
            0.005984402217703445,
            -0.610202235306014,
            -1.2518396281228792,
            -2.3815647270544376,
            -1.108766245496021,
            -1.6289073068475939,
            1.5056470726356221,
            -0.44054251509111664,
            -0.24952313181650074,
            -1.2321044493945321,
            0.9819041346232714,
            -5.104697276463592e-05,
            -0.28292690507563484,
            0.7595799713996179
        ],
        [
            0.35406160482322985,
            -1.1004469845884068,
            -0.7762615893819211,
            -0.6129580274928262,
            -0.04896535714899463,
            -1.577943298984205,
            0.053779874722049426,
            1.7535185387596581,
            0.6458816481659029,
            0.6235515517540403,
            0.7504582411016837,
            0.0,
            1.2097127022123093,
            1.1369384757760772,
            0.00826009871649737,
            0.6054121739233851,
            0.15797400326124653,
            0.028295211021094984,
            -0.23270681771215077,
            1.0604252272690593,
            -0.12788432714466216,
            -1.1236195035530179,
            -0.11480384044177515,
            -0.9443524661492595,
            0.17011504402374322,
            1.1283883064063214,
            3.048838117297197,
            0.6885989330460697,
            0.046309852176599414,
            0.6684019506914146,
            -0.9711536809280564,
            0.2502366088646014,
            -0.36144916715916764,
            -0.7621918543858816,
            -1.6765107997557154,
            -0.2383154176117598,
            -0.5679528158529278,
            0.26198359084796236,
            -0.05759632511676739,
            1.3995880870214739,
            -0.7088431053469817,
            0.9303976982550294,
            0.5175008307578648,
            0.16851784680919255,
            -0.4712240704021507,
            -0.15878606560700909,
            -0.6921486322485535,
            1.882171115037687,
            0.37432369379426533,
            0.7339894426076626,
            -0.5629776833435959,
            -1.1752793983516783,
            -0.5429317533967476,
            1.075801444061332,
            -1.754100275501419,
            -0.6856711500559625,
            0.18491380448461964,
            -0.4220674449388495,
            -0.8403536880716965,
            0.45581420454717325,
            0.7504949805029758,
            -0.8707938162635709,
            -0.8185857040330462,
            -0.10751398342295501
        ],
        [
            0.21297990018320145,
            0.3305311406469984,
            0.03655402739330073,
            0.616547419201803,
            -1.6396476557630792,
            0.8963630679966474,
            -0.6276220062118945,
            0.555569743553728,
            -0.30637438722208965,
            -0.22279961413187338,
            -1.8728430285592799,
            1.2097127022123093,
            0.0,
            0.11825683406936752,
            0.758233072568472,
            0.6604883878883054,
            -0.3667439762871019,
            -0.8563199415493052,
            0.0679208522973177,
            -0.6913515777804913,
            0.8022835701864037,
            0.9665796482779608,
            0.7184566607449258,
            -0.6646806069134671,
            0.7213442895165361,
            -1.0914936688779384,
            1.2033163121645685,
            1.8144898025148621,
            -0.8312278511476733,
            0.27215972520456566,
            -1.2099749902321426,
            -0.5988076345529965,
            0.27506687195481544,
            -0.9225253514603279,
            0.31460396667882773,
            -0.17196855470964176,
            0.026918151001068553,
            0.5763244759928385,
            -0.0642691394058884,
            -0.7320607011682413,
            2.0379432980088907,
            -1.1627369638782434,
            0.3793389439085028,
            0.2015837855252566,
            -0.06253653425871836,
            -1.0988423022314728,
            -0.8575169733796971,
            -0.6767645551143923,
            -0.4516416793252174,
            -1.3717388327995919,
            0.4455496442954761,
            0.25014984291341497,
            -0.4825733285046043,
            0.5602186412142403,
            0.3533865923960225,
            0.04111666055432339,
            -1.0577586358552757,
            2.1050430735471775,
            0.618952737687812,
            0.01790301214505224,
            0.30847818025261503,
            1.9002405126848512,
            -1.0077948400769985,
            0.6774198946297009
        ],
        [
            -0.8805087716037037,
            0.6275655523863629,
            -1.7099812371962932,
            1.419443345615461,
            1.6688075533645805,
            0.6266233592527425,
            1.653999607878211,
            1.3114818741611665,
            -1.284947924566576,
            0.850573809148869,
            0.6871290947443683,
            1.1369384757760772,
            0.11825683406936752,
            0.0,
            -1.503155970847394,
            0.1282177677990591,
            0.1154595482496308,
            0.7995679588465181,
            -0.1922380014179918,
            0.9892060918139197,
            0.24955894173081425,
            1.2145266665267003,
            -1.463478946626339,
            0.09515613062090587,
            1.5412903008024585,
            1.076402430659616,
            -0.011375644979276461,
            -0.6921737697648768,
            -0.05098164824455575,
            1.0560200947683713,
            1.1615239949696317,
            1.0323166528756091,
            1.5314114227342381,
            -0.47395225751304176,
            0.4932837920251971,
            -0.9622141668998806,
            -0.9575218776188268,
            -0.18098929395517235,
            -0.24843477175752268,
            -0.2387825286773866,
            -1.575969338390051,
            1.2238853915553227,
            0.9825628667201015,
            -1.8692231825592978,
            -0.2036315162210338,
            -0.039152552421684556,
            0.031065336090147177,
            -1.19642675549675,
            1.1381937016426174,
            0.9655639043275631,
            0.6876901917086942,
            3.3080015245811554,
            1.5828943329822012,
            0.8110353826962192,
            -0.13263287117145595,
            -2.0375824206752706,
            -0.8616631912506237,
            0.0050070129795483,
            -0.5272806311890295,
            -0.6312697040024959,
            -0.7566566903021089,
            -0.2927823968166448,
            0.5076201947111068,
            0.4981077606577802
        ],
        [
            0.684520444519448,
            -1.308304625962567,
            -0.26776258251840745,
            -0.3649512549579374,
            -0.5497207574642129,
            -0.19518416423981735,
            0.5901606146260969,
            -1.5497001497818605,
            -1.0867754477998748,
            1.3902179424990602,
            -0.9212038502794133,
            0.00826009871649737,
            0.758233072568472,
            -1.503155970847394,
            0.0,
            2.3713947801523854,
            -0.2516698226609487,
            1.0640596776962412,
            -1.8390851129557644,
            0.24783303002145904,
            3.246704866914726,
            0.49769171785841937,
            1.2437905446874367,
            -1.2266356049179685,
            -1.0309597803315744,
            0.8934976001608093,
            -0.18814322099862793,
            0.39399884929821366,
            0.45896345691768503,
            1.5210972682684407,
            -0.9121319514663053,
            -0.9482485244180835,
            0.06978105861788739,
            -0.0806892280864776,
            -1.7376936859774146,
            -1.5882082132201396,
            0.16060475119137987,
            2.912181705581186,
            0.1557508965899975,
            -0.3796926266561852,
            0.7796370894661094,
            1.1336052031019364,
            0.5128255352755642,
            -0.21281181950929756,
            -0.2559964588151343,
            0.8134390642812861,
            2.712182937873947,
            0.12248742896894829,
            -0.47423097217353105,
            1.6974861114168405,
            -0.996110460347261,
            -0.08017761380555652,
            -0.5009541973351658,
            0.8707484608088936,
            -0.9867701908735137,
            -1.6272748376537054,
            -0.6118093859533139,
            -0.5410332606358967,
            1.5393655486680062,
            0.3295120967998365,
            -0.2805990196584767,
            0.8108533932428452,
            1.0110399536940917,
            -0.849256690734332
        ],
        [
            -0.8445197217041241,
            0.3652056524721612,
            -0.4650619683214183,
            -1.8377716376657036,
            0.9582596580586654,
            0.7020572602024734,
            1.7054309906845344,
            -1.538048907227781,
            -0.7727688197658512,
            -0.31957213470800194,
            -0.9172570630023817,
            0.6054121739233851,
            0.6604883878883054,
            0.1282177677990591,
            2.3713947801523854,
            0.0,
            -1.0900385953483696,
            0.6924075593752559,
            1.175417497739452,
            0.1039130024643124,
            -0.742117377143211,
            -0.871191627384141,
            -1.303081756785271,
            0.9394535647435848,
            0.7453813062070904,
            -0.4687978131607848,
            0.2644475095369609,
            0.44968262183029906,
            0.46157579451243974,
            -1.2896002293195394,
            0.6733713634487536,
            2.0238768236938163,
            -0.5032645354829189,
            2.4875226102664176,
            -0.4840111695147377,
            0.43221676760528277,
            -2.415311352863201,
            0.9331975347362661,
            2.120976687699749,
            0.289970813611457,
            -1.8276771298545231,
            -0.6238150412704928,
            -1.3994995478264818,
            -2.202483859310486,
            0.5423274747654879,
            0.04777720377666273,
            1.6956424302923958,
            -0.2666950562473173,
            -0.8974295591877035,
            -2.2616600818981527,
            -0.35786752994542537,
            -0.9382800930031512,
            -0.3123234443813385,
            0.5040768152195857,
            -0.8775075023916517,
            0.17778846504998802,
            -2.1719686441063835,
            0.16871118273716118,
            1.7251623717974989,
            1.3003721105905803,
            -0.7211546531234179,
            0.017055025221026233,
            -0.4760856934686403,
            -0.5084056861153904
        ],
        [
            -1.7686107656449996,
            -0.08478856723693255,
            -1.080794280463533,
            -1.3427722731997307,
            1.3728063807899207,
            -0.35581432255354084,
            0.14031374870908128,
            0.9960023385466891,
            0.3154794898879237,
            0.44853366654397764,
            0.8208476968848399,
            0.15797400326124653,
            -0.3667439762871019,
            0.1154595482496308,
            -0.2516698226609487,
            -1.0900385953483696,
            0.0,
            -1.0265856477445754,
            1.0549324316156614,
            0.7642696280096324,
            -1.0869567822323178,
            1.2062490467725786,
            -0.9023394348452912,
            2.291785183882046,
            -0.545484302160352,
            0.25984915069660774,
            -1.3292262999863402,
            -0.20931659566647737,
            -1.0198836840810432,
            0.8532282148200464,
            0.9818126283792429,
            1.3485969238310673,
            -1.5233417038902919,
            0.2639499265587,
            -2.019724099679143,
            2.3874005122862054,
            0.9463130057920842,
            1.3825285415745412,
            0.7505713767789202,
            -0.29981025227282043,
            -1.8464495848322864,
            0.11947261670326036,
            -1.2689042143929474,
            0.3568575839080198,
            1.4693803622945434,
            -1.2941668469413665,
            -0.38477976110268686,
            2.4835302782774558,
            -0.4239658851999185,
            -0.3931941769781717,
            2.045969104216418,
            -1.6790770787364533,
            -0.3751246739552608,
            -0.5202124530935067,
            0.09867940047435703,
            0.7367294331978869,
            0.08844565095539451,
            -0.02642328468888903,
            -0.6564361387748827,
            1.5851264872068362,
            -0.9187441022278356,
            -0.11615964416761487,
            -0.25328099224854916,
            -0.651571552693271
        ],
        [
            -0.778635709312023,
            -0.08155178914104964,
            2.1843890242959985,
            -0.18744341117603538,
            1.5264001636807538,
            1.4749154186315185,
            0.0924824657602877,
            -1.337645304702034,
            0.46828345123141946,
            -0.6119233629492425,
            -0.4526099074104994,
            0.028295211021094984,
            -0.8563199415493052,
            0.7995679588465181,
            1.0640596776962412,
            0.6924075593752559,
            -1.0265856477445754,
            0.0,
            1.5519540002960748,
            0.37151252351879976,
            -0.0576731767620391,
            0.17378308981418444,
            0.4884486013466368,
            1.0911915120011488,
            0.9337673504305238,
            0.058714595298539736,
            -1.3631818748461169,
            0.4478026686659443,
            -1.2196737230629848,
            -1.1146037329100968,
            -0.40334444820507104,
            -0.1537541353151459,
            -1.4547617712676117,
            0.6342243092331804,
            1.1299086554203086,
            0.309297011249435,
            -0.47719168845589255,
            -0.6746928177640711,
            0.10974799713612864,
            0.02368234525044649,
            -0.8125638875691499,
            -0.27188519077872186,
            -0.18556228345791492,
            -0.7097325966666025,
            -0.7161010927601473,
            -1.237643902287246,
            0.9099898916381853,
            0.19922101451632684,
            -0.5534924895936737,
            -0.7055564073789401,
            0.1635741338138705,
            0.9115404453048929,
            -1.1089404260638012,
            0.5281718560294356,
            0.5619588704696822,
            -1.3928821907689355,
            -1.3696964242544654,
            2.664365661715319,
            2.3807088641939194,
            0.2914044549544271,
            -1.64637012203514,
            0.6316749110334299,
            1.2689292277205875,
            -0.4791034435401835
        ],
        [
            0.33182467970785207,
            0.6445500268948892,
            0.5088029333294464,
            -0.24378749429919191,
            -0.01787805043145527,
