{
    "N": 64,
    "id": "a4891308-2898-4e06-a15f-d5bbde7bf7a0",
    "problem_type": "SK Spin-Glass",
    "distribution": "gaussian",
    "spins": [
        1,
        -1,
        -1,
        1,
        1,
        1,
        -1,
        1,
        -1,
        -1,
        1,
        -1,
        1,
        1,
        -1,
        -1,
        1,
        1,
        1,
        1,
        -1,
        1,
        -1,
        1,
        -1,
        -1,
        -1,
        -1,
        -1,
        -1,
        -1,
        -1,
        -1,
        -1,
        1,
        1,
        1,
        -1,
        1,
        -1,
        1,
        -1,
        1,
        1,
        1,
        -1,
        -1,
        -1,
        1,
        1,
        1,
        1,
        -1,
        -1,
        -1,
        1,
        1,
        1,
        1,
        -1,
        1,
        -1,
        -1,
        -1
    ],
    "couplings": [
        [
            0.0,
            -1.1160017640603839,
            -0.9331499522155691,
            -0.3159620872084702,
            -1.3113576537536065,
            1.0046772564019268,
            0.5483594690233532,
            0.5328363403687427,
            0.7175231259517841,
            1.0581632255297544,
            -0.23949106566649195,
            -0.23977598717283743,
            0.305260501661379,
            1.31165249760058,
            -0.7900915002930401,
            -0.1951247733855343,
            1.0995279087253373,
            -2.2039896010962483,
            -0.27863595698813143,
            0.1605819363784386,
            -1.3860157077890696,
            0.3365089931379035,
            -0.3732748709049113,
            0.34715885733828195,
            -0.9894335831188971,
            -1.0703389429070196,
            0.5548975866286967,
            -1.9202563786833367,
            0.7355789166547592,
            -0.5919645320525794,
            -1.4861507214861989,
            -0.8172933414106465,
            -0.5203185209951322,
            1.1249133561545552,
            0.7931852099666754,
            -1.618954494108564,
            1.7993338944154151,
            -0.3900442913226147,
            0.5923576376444513,
            0.6667628380238785,
            -0.7776045962453102,
            -0.8908855563029241,
            -0.519309770010164,
            0.17368406149328042,
            1.0218734052261669,
            0.6141312366190588,
            1.086622424199318,
            -0.5887898911389993,
            0.18973136478584365,
            1.8250064823492813,
            0.6390435220296166,
            -0.31951072148416326,
            0.24504343900608547,
            -1.083052107751788,
            0.32986172980405487,
            0.41450049646169296,
            1.1203406890368863,
            1.6756173343864211,
            0.4316524532698518,
            -0.6030826480544634,
            0.9072574798703984,
            0.209539109347657,
            1.0142999590256596,
            0.3456160265959723
        ],
        [
            -1.1160017640603839,
            0.0,
            -1.5473306960110318,
            -0.16971975736199077,
            1.125303996850695,
            -1.361714084052483,
            0.6883636884991885,
            -0.0326146567613803,
            0.02025327572583452,
            0.41416544932632415,
            1.53719863862836,
            -0.6272112427585037,
            0.9160954812462115,
            1.3230750295295972,
            -0.5326014732210185,
            -0.8785596822169052,
            0.6197438538674208,
            -0.1842812335962966,
            -1.0882655069800504,
            -2.5446049499034618,
            -0.024075920393425543,
            0.2381840019738175,
            -0.31315833721713476,
            1.3112511847853505,
            -0.10165217655599233,
            1.6161990575887286,
            0.14468034954469142,
            0.639114555198262,
            0.1170038936712333,
            -1.1276092371476416,
            3.1932137102392812,
            1.9161252791926209,
            -0.6992800935366379,
            -1.220568258144685,
            -0.6440355018489011,
            1.0097845499554652,
            1.6921400358572731,
            0.7654204774195592,
            -2.5844832077341557,
            -0.7508630184890901,
            -0.389045007902085,
            0.67476325716434,
            0.5037198764665658,
            -0.8834722795874288,
            0.7918872559851098,
            -0.6362108124862034,
            -0.4527850576819184,
            1.001413296240508,
            -1.1505960582963022,
            1.602301513611597,
            0.4848818491913661,
            0.04320443073315241,
            0.7778316020821485,
            0.21493650254484292,
            0.7077887419207719,
            -1.7921381016510818,
            -0.5180109066803898,
            -1.031813073612143,
            0.5599569137914951,
            1.1208721799909085,
            -2.400791055763535,
            0.24363564765018894,
            -0.039912126863870724,
            -1.1154776271767075
        ],
        [
            -0.9331499522155691,
            -1.5473306960110318,
            0.0,
            1.3512521161890112,
            0.20743142208061033,
            0.6923891162229117,
            -0.8344667088493275,
            0.7036950827124391,
            -0.6986615318190628,
            -0.4256167963457949,
            -0.27732511191901665,
            -0.35373189671724775,
            -0.07646609164928343,
            0.539603076386279,
            -0.13344345743441444,
            0.0006927617889791037,
            -1.8752630967900712,
            -0.5277499451315378,
            -1.1850160003364065,
            0.44895511898539886,
            -1.3409544979945516,
            -1.24925219292419,
            -0.47742394995565973,
            0.009135170625889654,
            -0.7112410872421718,
            0.539402877634429,
            -0.49384414103123914,
            -0.6671491386208926,
            -2.709036155439503,
            0.5573820029544178,
            -0.400833047411847,
            0.6335906205940981,
            0.11676629449382057,
            0.01255818450832817,
            0.6660683462520827,
            0.13388867052731762,
            0.6571574678822546,
            -0.16560656450163888,
            1.0374739143520582,
            1.2341066034264494,
            0.08458581629138148,
            -0.8697182264037955,
            0.3897031412259176,
            -0.8701095917369589,
            -1.4987112718803883,
            -0.21624165352821378,
            0.9837600355982256,
            -0.587447727245524,
            0.7628213907039765,
            0.46034598939436444,
            1.033904269468591,
            0.9077456455405782,
            -0.3570602060117293,
            1.4162598545529468,
            -0.9230116619922475,
            -0.5024140706779335,
            -0.2470223949039685,
            -0.5757282665097074,
            0.3922239475087546,
            1.1917529404930796,
            0.6753506427069345,
            -0.18658551039078053,
            -0.49049615545338526,
            -0.6532324724920767
        ],
        [
            -0.3159620872084702,
            -0.16971975736199077,
            1.3512521161890112,
            0.0,
            -0.14246773666125667,
            0.7252691570045159,
            0.23959651628313539,
            -1.1342584838611975,
            2.2187696826362413,
            -1.426951824899566,
            -0.3967304084384412,
            1.3120990154842973,
            -0.9344454045977751,
            0.7644491823178701,
            0.1415298808072325,
            0.08332206836199056,
            -1.3447119154099625,
            1.3993862131618835,
            -1.2781238223194653,
            -0.2170797038141234,
            0.20300555095526018,
            0.1551932631853491,
            -0.7873967093507958,
            0.9369126963779284,
            -0.9841997575666972,
            0.8833404758889781,
            -0.6364757025010593,
            0.758605608436502,
            -0.8712213724395236,
            0.39300496623860987,
            -0.1861402234560794,
            -2.524179218746089,
            -0.7945992796666974,
            -0.5276678536412951,
            0.52313359440305,
            1.1711598184303116,
            -0.008920348381570067,
            -0.3376093539980367,
            -0.6725917624634082,
            0.6018172045199052,
            0.34352703975703136,
            1.4775188931798158,
            -0.3986648140117305,
            1.3538361232634828,
            -0.3239907014455822,
            0.4097924389084198,
            0.5618671692801613,
            -0.7542112762460698,
            -0.30636592559718434,
            -0.2562756992365352,
            1.8668683941188262,
            0.488332118510447,
            0.5423150702335979,
            -0.574336578754419,
            -1.5596708133546482,
            -1.545464487872406,
            0.19609472420854654,
            1.2865679378128632,
            -0.23825591151071457,
            1.4683213150029724,
            0.93338906054993,
            1.4757467350313829,
            0.6680742304124032,
            -0.6151933514012514
        ],
        [
            -1.3113576537536065,
            1.125303996850695,
            0.20743142208061033,
            -0.14246773666125667,
            0.0,
            -1.2297289979875754,
            -1.0947030082466405,
            0.5704050502207176,
            0.04540761339114581,
            0.5272683342181468,
            -1.5036535294685238,
            1.1711391063900225,
            0.09137054738386632,
            0.030765420446812665,
            0.4460319064457505,
            -0.9594520514235819,
            -0.7687168046345544,
            -0.6169829345654417,
            0.5969431907550383,
            1.4840213926739712,
            0.7057284909402913,
            0.054654962143199134,
            1.2862467623726026,
            0.25519001059124347,
            0.40219389046440024,
            -0.583399265742871,
            1.686771616535266,
            -0.6748274405179591,
            0.29240433745229594,
            -1.183194207313332,
            -1.022854837080681,
            -1.1647978480480157,
            0.37080357759213656,
            -0.1971437307978189,
            -0.8273289567018208,
            -0.02889411030615971,
            0.06494666597888651,
            1.854114363401572,
            1.1172813805008088,
            -1.4772994812806524,
            -0.628354373724298,
            0.08122444209522353,
            0.04377278616945484,
            -0.6641962579019964,
            -0.49441848346241696,
            0.5796197320745203,
            -1.2669250954202587,
            0.3093774432179352,
            -0.6570803357698574,
            1.105812703105112,
            2.1646604050305127,
            -0.07737680041420048,
            -1.3144148570046472,
            0.6633973521039085,
            -1.150418434430421,
            0.40850372161176995,
            -0.6610800999505828,
            0.25047210949632187,
            -0.34319733444442174,
            -0.122244852116163,
            -1.9165890438009456,
            -1.1852870317949764,
            0.23629702518700418,
            -1.5451918245735545
        ],
        [
            1.0046772564019268,
            -1.361714084052483,
            0.6923891162229117,
            0.7252691570045159,
            -1.2297289979875754,
            0.0,
            -0.5335549742557137,
            1.0566403231484436,
            -0.6782254474050466,
            -0.7322097925020256,
            -0.7359167563361393,
            -0.1968745697678518,
            1.1460750852265753,
            0.5815341098482452,
            0.8626025461733551,
            -0.6879917365255416,
            1.659134100104749,
            -0.2678955781322611,
            -0.7679415320080916,
            -0.51732254418637,
            1.2969548212867454,
            -0.7307070577207274,
            -0.5727123807800156,
            1.1284438295768942,
            0.3705482250487275,
            -0.686411441266215,
            0.5820374515881312,
            -0.3071265693905948,
            -0.1923197879676604,
            -1.359749715061202,
            -2.3597801091149244,
            -1.324354268290376,
            1.0761677617436318,
            -0.7377189437112557,
            0.7060533052928704,
            0.14939620220833566,
            0.09164272949506737,
            1.625162764530018,
            0.11850781766748432,
            -0.629287832599309,
            0.7156070890561578,
            -0.8945823683078064,
            1.405746507169996,
            0.31736985673306234,
            1.6011317991267395,
            -0.37324616752946155,
            0.97651948290656,
            2.190810459510119,
            -0.8510916574370772,
            -0.20163811100047546,
            -1.8618673911420156,
            0.1387830413414584,
            -0.32231831942993283,
            0.31055797419581316,
            0.08216475206266204,
            0.7740368207042913,
            -2.26908472315504,
            -0.3332896689951241,
            -0.636969484244069,
            -0.23854133190199325,
            0.4873303484669971,
            -1.596733356049862,
            0.4745364397037709,
            -0.56464126392369
        ],
        [
            0.5483594690233532,
            0.6883636884991885,
            -0.8344667088493275,
            0.23959651628313539,
            -1.0947030082466405,
            -0.5335549742557137,
            0.0,
            -2.016400325626423,
            1.6120001549965586,
            -1.9499146432472656,
            0.3062934857912336,
            0.5937054523990875,
            -0.2545051768227423,
            0.13452435005053365,
            -0.6503221611443128,
            0.38503955254865263,
            -0.2393860178115734,
            -0.34469055792113373,
            1.2981333486936668,
            -0.39267995817252094,
            0.17347235977601888,
            0.1496815069859738,
            -1.8584205148334785,
            1.5073779724400165,
            0.9829843885155827,
            -0.7115042137736289,
            -0.2793360447617596,
            0.5574734393904887,
            -0.9131061325491715,
            -1.3423677948524662,
            0.04204388089175118,
            -1.5665414995165574,
            0.14731092409894264,
            -1.0732169832241771,
            1.308939619568167,
            -0.24134925190595607,
            2.3972519983223535,
            -0.35569729207525225,
            1.586344589465671,
            -2.3647417925550416,
            -0.11511871344512054,
            -0.3276181244025316,
            1.3983441180648768,
            -0.8512699109013723,
            1.5960215108101525,
            1.641223307090409,
            -0.5983844375505709,
            -1.4880292040967606,
            -0.20486927583698716,
            -0.26056283992537965,
            -0.10609455787268154,
            0.9619465537709452,
            0.23995410452798968,
            -0.9931396481962803,
            -1.9672543371040576,
            -0.701856164168004,
            0.6227328633704498,
            -1.0491590316717714,
            1.3466754287689109,
            -1.1827497543212437,
            0.5191224507103681,
            1.4896172380169233,
            -1.7739283705423172,
            -0.5908865376618919
        ],
        [
            0.5328363403687427,
            -0.0326146567613803,
            0.7036950827124391,
            -1.1342584838611975,
            0.5704050502207176,
            1.0566403231484436,
            -2.016400325626423,
            0.0,
            1.676266727891744,
            -0.7364612236504982,
            1.036399164070471,
            -0.23952636226218288,
            0.27555571636648973,
            0.20436345932629438,
            0.37883004317646163,
            -0.8868673245922355,
            -0.0928329935124684,
            -0.8935238119744432,
            0.2034874350617233,
            1.0431923167390278,
            0.31654444586222574,
            -0.5554643617209103,
            -0.04968148062225215,
            -0.36337929047166834,
            0.3599858551470783,
            1.6829679964778574,
            0.5356820561396468,
            0.3329531701855537,
            -0.20092300147785377,
            -1.8115054781396709,
            -0.8933841805443425,
            -0.8634862967832858,
            2.389871698569814,
            -0.572512366800704,
            -1.8904175219617338,
            -1.1703091380862858,
            0.13394587648913314,
            -0.12644957878456273,
            0.7556088972800867,
            -0.9356289753390075,
            -0.692870729363674,
            0.9118730660496108,
            0.1880338149802907,
            0.2423831934740384,
            -0.9295906618525682,
            0.5941320351293622,
            -0.7852623480933344,
            -0.945063425533993,
            -0.016673383052797114,
            -1.1610836997779534,
            -0.481105887488374,
            1.2897262068709356,
            -1.2037650190907543,
            -1.4572327940478287,
            -2.091901874277316,
            -0.6333393508682075,
            -0.37870221970365214,
            -0.676465085868542,
            -1.2396482370706476,
            -1.3475477210221052,
            -1.4124032100127357,
            -0.22218241832079275,
            0.11643048628230204,
            -0.26695924248234776
        ],
        [
            0.7175231259517841,
            0.02025327572583452,
            -0.6986615318190628,
            2.2187696826362413,
            0.04540761339114581,
            -0.6782254474050466,
            1.6120001549965586,
            1.676266727891744,
            0.0,
            0.31205923743733877,
            -0.7051984947018705,
            0.03144135141135348,
            -0.7739162792022555,
            -1.463149235826416,
            0.3210926274141438,
            0.12939575233127426,
            1.0844312402054017,
            0.9238765133446313,
            2.8530089409924377,
            0.256143428847934,
            0.17450557987596219,
            0.7907194540233066,
            -0.9180113448790624,
            0.3992383875960146,
            -0.03865777840157127,
            -0.2005878122621704,
            -0.885773945625098,
            -0.3314642385735917,
            -0.08987211720055842,
            -0.5219506746821349,
            -0.6955168024907834,
            0.12004816201191039,
            0.9345017185406476,
            -1.0437212142277599,
            0.8795076558121854,
            -0.3864792445942452,
            0.42377031211103033,
            -0.8445763271794682,
            1.5107535445112585,
            0.7979281152963782,
            1.8265803073244047,
            0.2878697194226749,
            0.32797197588989174,
            0.4336656629565298,
            -0.06171939648640145,
            -1.6341125452070067,
            0.25787382803945474,
            1.0864881455432556,
            0.07405115726349135,
            -1.539784078398273,
            1.230242130164392,
            0.16454924922270178,
            0.8921706631133614,
            -0.7379188422439006,
            0.026280113658668534,
            -0.4178923453203028,
            -0.08046551039904902,
            0.49472920019952793,
            0.17571172466486806,
            -0.9437653770802689,
            -0.2301146733671842,
            0.600324755141135,
            0.6509837416862938,
            2.243740552224537
        ],
        [
            1.0581632255297544,
            0.41416544932632415,
            -0.4256167963457949,
            -1.426951824899566,
            0.5272683342181468,
            -0.7322097925020256,
            -1.9499146432472656,
            -0.7364612236504982,
            0.31205923743733877,
            0.0,
            0.10869805435950924,
            0.07325395722188274,
            1.3991714720859352,
            1.811498123525484,
            1.1194049744435044,
            -1.3249511407500503,
            0.38167583416415146,
            1.4899228287027915,
            0.3833603605997122,
            0.0659073414377707,
            0.5409345335829456,
            -0.6903615008336962,
            -0.9887900815215178,
            -1.033595136640013,
            0.046476874256161094,
            0.47273683608531447,
            -0.6998378291404588,
            -0.3631319148425201,
            -1.0180459414878003,
            -0.13736605271452704,
            0.665007998141815,
            -1.228601826745772,
            0.919939864355397,
            1.206456801706372,
            -0.44538083707448267,
            -0.6641302683977766,
            -0.7104083469328628,
            0.2649156834601543,
            0.09750308714048357,
            0.08775651304700605,
            0.2371309097167121,
            -1.430134487555413,
            -0.3401961568876559,
            0.34743192435041836,
            -0.5033496216602356,
            1.0537825181421032,
            -0.8975196795443413,
            0.4215314762609766,
            -1.9197449946802667,
            -0.07675276680251313,
            -0.8701953199557285,
            -0.3090275722014141,
            -0.729642887193837,
            -0.19588379649669818,
            -0.538206604819833,
            0.38225686574401835,
            0.4520182154261992,
            0.07400402643363524,
            1.667002441255345,
            -0.1534614151349567,
            1.3409585306502199,
            0.15346737513881756,
            0.0406857189175906,
            -1.0014790628191428
        ],
        [
            -0.23949106566649195,
            1.53719863862836,
            -0.27732511191901665,
            -0.3967304084384412,
            -1.5036535294685238,
            -0.7359167563361393,
            0.3062934857912336,
            1.036399164070471,
            -0.7051984947018705,
            0.10869805435950924,
            0.0,
            -0.02153581884121634,
            0.044011358772758885,
            -0.8238015571486066,
            -2.173200913045607,
            -1.2288516785155315,
            1.0070400280436274,
            -0.599810940504546,
            1.0580438208472527,
            -0.3925743970757436,
            -0.675647124964845,
            -1.7099676121439602,
            0.9814117021854236,
            0.38402971620115833,
            0.4724822385944592,
            0.21799250409991225,
            -0.37917705554008,
            -1.0576498823356377,
            -0.27967314877257277,
            -0.1909778045164037,
            1.349127467927695,
            -2.7456143640156023,
            -0.9377089804882877,
            -0.8753047177606107,
            0.09860571411084693,
            0.39301096469185964,
            -0.5801896129148105,
            -0.43002263323659556,
            1.729658681698408,
            -1.2595169852608392,
            -1.7429808880946005,
            -0.6944327991065257,
            1.2830980928039533,
            1.9511866024292952,
            -0.448579520166415,
            -1.4238595139879227,
            0.46211461133872495,
            1.3826629278863816,
            -1.1161200767437418,
            1.0532665265503336,
            -0.35810209190435094,
            0.8529891974880774,
            -0.187182149653252,
            -0.49254742264555945,
            -1.3840895525081176,
            -0.046390778225016874,
            -0.860843434933849,
            0.06431119574283767,
            1.2655472173585656,
            -0.5361091865004649,
            0.5021286197641833,
            -0.05012570627440761,
            1.2303798274279756,
            1.0683562141064762
        ],
        [
            -0.23977598717283743,
            -0.6272112427585037,
            -0.35373189671724775,
            1.3120990154842973,
            1.1711391063900225,
            -0.1968745697678518,
            0.5937054523990875,
            -0.23952636226218288,
            0.03144135141135348,
            0.07325395722188274,
            -0.02153581884121634,
            0.0,
            -0.3662094481840828,
            2.152321530076442,
            1.8056153706518945,
            -0.3120307475044023,
            -1.0786209545717675,
            1.66681558289883,
            -1.5002657708967693,
            -0.7073458929637945,
            0.03599515369669199,
            -0.7772694150316546,
            -0.001173396133022443,
            0.7676323635342415,
            0.688277083359371,
            -0.06012095908330172,
            -0.7707133498635161,
            0.49325937959884963,
            1.305878399927832,
            0.5129032781965533,
            -1.0870107186890487,
            -1.0546770854414846,
            -0.12831999632895305,
            1.6081259409102113,
            -1.9366807401899557,
            -0.23199161818627279,
            -0.66286786078178,
            0.8474534799564384,
            -0.479347210842175,
            -0.3828323960552699,
            0.6901789551124656,
            0.3213854821929767,
            0.28970805867874194,
            1.7006544115331264,
            -1.2444868980447585,
            -1.2715039948684146,
            0.41451423277475075,
            -1.8467767837790412,
            -0.4921710064643642,
            -1.7613277137792975,
            0.78907621528575,
            -0.26449059810115017,
            -1.0670474398983993,
            -0.7572080816490199,
            1.3560021505606024,
            -0.5720065453618609,
            -1.2031261203164516,
            -0.7106008362140025,
            -0.3738895743719123,
            -1.0296549486795241,
            -0.7616696279520629,
            -0.38085036252719845,
            1.702626698961561,
            -1.3486076235810072
        ],
        [
            0.305260501661379,
            0.9160954812462115,
            -0.07646609164928343,
            -0.9344454045977751,
            0.09137054738386632,
            1.1460750852265753,
            -0.2545051768227423,
            0.27555571636648973,
            -0.7739162792022555,
            1.3991714720859352,
            0.044011358772758885,
            -0.3662094481840828,
            0.0,
            0.08171829583195601,
            0.030792538072463856,
            2.629462204478401,
            -0.013117453284785384,
            -0.010726068788257909,
            0.9063115496083668,
            -0.04579087790180842,
            -0.9035895357722182,
            -0.8849047129831584,
            -0.20590521633864622,
            0.276015637598517,
            1.281728819941026,
            0.9301607679795204,
            1.183962098296827,
            0.1929413349495822,
            -0.934472233623427,
            -0.0420979649042563,
            0.18901983559890884,
            -1.3773594722082974,
            1.4203504282914585,
            -1.654779364039131,
            -0.02929450302200506,
            0.4659254685695234,
            0.5072448598373298,
            0.9416059144821459,
            1.2426160488370492,
            -1.3280207617823343,
            1.2929315744432632,
            1.6534941172506978,
            -0.22655620268249807,
            1.746998634148301,
            0.6143452588941368,
            0.4186702076252316,
            0.7875516116220058,
            -0.31266661959513625,
            -0.8669244776216382,
            -2.0828081984249835,
            -0.7247375855123617,
            -1.1251145146052604,
            -0.01225180569111891,
            -0.003611876209084514,
            -0.6531900709330132,
            -0.12489260280050936,
            -0.822443103914972,
            -0.766961645490881,
            0.7896317420613617,
            1.9120971599090109,
            1.3742142024616162,
            1.2442835448083023,
            -0.25910260216939396,
            -0.3218823953819984
        ],
        [
            1.31165249760058,
            1.3230750295295972,
            0.539603076386279,
            0.7644491823178701,
            0.030765420446812665,
            0.5815341098482452,
            0.13452435005053365,
            0.20436345932629438,
            -1.463149235826416,
            1.811498123525484,
            -0.8238015571486066,
            2.152321530076442,
            0.08171829583195601,
            0.0,
            0.2980566111032554,
            -0.8741556454046352,
            -0.48505633598417136,
            1.7704520726249013,
            0.2928303614234682,
            -0.15115860106127038,
            -0.8280267850699562,
            0.33567013827923076,
            -1.152070518091727,
            -1.752894559205827,
            -0.5654068116906901,
            0.6710741873673307,
            0.5791704577566122,
            -1.0374143530362414,
            0.8401975547090486,
            -0.7422693125695493,
            -0.8680268456980208,
            -1.3339249401085729,
            0.4390254983808949,
            -2.0120568066430033,
            0.8651400057797781,
            0.5098262036148316,
            -0.6549965291304221,
            0.49878838028011524,
            -1.3574689237955788,
            -0.7449814738256151,
            1.1088037901143555,
            0.8407428106269365,
            1.07238212392814,
            -0.45885218601190686,
            -0.08116573853604993,
            0.2213794048718659,
            0.5728008232538494,
            1.0491217932754093,
            2.178821472525293,
            0.006520909601739466,
            -0.670459189642619,
            -0.20742718672081312,
            0.3253080238613449,
            -0.6580108768487457,
            -0.130665093650441,
            -0.6234349681990116,
            -0.5814028339435252,
            0.03800296349281612,
            -2.2856245279764518,
            -0.25562729524370054,
            1.195278881403976,
            -1.2372977056511938,
            -1.1886428841970704,
            0.9332079270469926
        ],
        [
            -0.7900915002930401,
            -0.5326014732210185,
            -0.13344345743441444,
            0.1415298808072325,
            0.4460319064457505,
            0.8626025461733551,
            -0.6503221611443128,
            0.37883004317646163,
            0.3210926274141438,
            1.1194049744435044,
            -2.173200913045607,
            1.8056153706518945,
            0.030792538072463856,
            0.2980566111032554,
            0.0,
            0.04140176006198382,
            0.7553362660402306,
            0.1947550725661203,
            0.31244325151395386,
            -0.14777165893584276,
            -1.2978889282292045,
            0.3922088304883124,
            0.9847920796243482,
            -1.1160128309417776,
            -0.4237958966728536,
            0.3053953955826137,
            0.02565797757443857,
            -0.6274114970072168,
            -0.359438579486,
            -1.0999078082711808,
            0.14823788212370773,
            0.5346328145901128,
            0.4150176968051204,
            -0.820828200813469,
            0.4328697310971765,
            0.73180192850415,
            1.4429452290981521,
            0.31286585523728444,
            1.9841552461383871,
            0.8413133057050667,
            0.14176224944159477,
            0.8153214296120743,
            1.4262500590451321,
            1.423050803066428,
            -0.5974547449928386,
            0.6448380791690013,
            -0.04261463259340681,
            -0.16289401575112772,
            -1.7262624548022338,
            -0.7069731893291461,
            0.49176007870423943,
            -0.15816815564000733,
            -2.0037829721415235,
            0.2910481452690789,
            2.3635307001182135,
            -0.2158475434565161,
            -1.1291637411558635,
            0.13541767831991255,
            -1.784848897835082,
            -0.30189451293212416,
            -1.2298931692916655,
            0.8442609185267652,
            0.5032887233827378,
            0.6552506746899127
        ],
        [
            -0.1951247733855343,
            -0.8785596822169052,
            0.0006927617889791037,
            0.08332206836199056,
            -0.9594520514235819,
            -0.6879917365255416,
            0.38503955254865263,
            -0.8868673245922355,
            0.12939575233127426,
            -1.3249511407500503,
            -1.2288516785155315,
            -0.3120307475044023,
            2.629462204478401,
            -0.8741556454046352,
            0.04140176006198382,
            0.0,
            -1.1760416911956049,
            -1.8036119696529573,
            0.44977543589173347,
            -0.7348661393471361,
            -0.18014225942174786,
            -1.081778973198877,
            -0.6992809495430222,
            1.7694351865612596,
            -0.5035566593736301,
            0.1204839687722229,
            -0.41804396997485993,
            1.2582233081637977,
            0.6172216935570213,
            1.4798933496123163,
            -0.6914178329510745,
            -0.7394181820033163,
            -0.42192044174521687,
            3.22604433013796,
            -1.0560627844909594,
            0.759442214526678,
            0.45866153480365746,
            0.08336567112800136,
            1.198924443212908,
            -1.0289964080832936,
            1.1282911424089315,
            0.7820030079669011,
            -0.25444583499632395,
            -0.06107824249353958,
            0.44555967349632136,
            1.090456072316109,
            1.227367159906978,
            -1.1730762609649001,
            0.6001873328996987,
            -1.354808581859914,
            0.639965431317144,
            1.4911493766022943,
            -1.6339079105493097,
            0.4205203300056625,
            0.6348735025375337,
            -0.31675833170642453,
            -0.5746834530851376,
            0.1957242812130215,
            0.8222384527099142,
            -1.2435820998811544,
            1.4188089329703641,
            0.29785547507790455,
            1.620593772610416,
            -1.03728154019217
        ],
        [
            1.0995279087253373,
            0.6197438538674208,
            -1.8752630967900712,
            -1.3447119154099625,
            -0.7687168046345544,
            1.659134100104749,
            -0.2393860178115734,
            -0.0928329935124684,
            1.0844312402054017,
            0.38167583416415146,
            1.0070400280436274,
            -1.0786209545717675,
            -0.013117453284785384,
            -0.48505633598417136,
            0.7553362660402306,
            -1.1760416911956049,
            0.0,
            0.866948318765788,
            0.1347087331034345,
            1.8385967254202207,
            0.5490851358607151,
            -0.3680577253562694,
            -1.6551062312276128,
            -0.1598086432330627,
            0.7751215034479241,
            0.29691021173781584,
            0.008954499166187313,
            0.5929048418261634,
            -0.9887983099176687,
            -0.042177003577308116,
            -0.47085418083260433,
            -0.8677426379702152,
            -1.4120702363771085,
            0.20594084352028938,
            0.11907883302459339,
            0.5023137735450809,
            -0.002134215712571822,
            0.6657899659256868,
            0.9884526010203655,
            0.06390502438825621,
            -0.3726134012891572,
            -0.3277657000646293,
            -0.8237394831219244,
            2.2201856053484006,
            2.6865151359353887,
            1.0227809184284726,
            -0.16270508783324755,
            0.35118269005852387,
            -0.24284264190820223,
            0.005682424279400502,
            -0.8727317866420015,
            -1.617808050004428,
            -1.5896136718636467,
            -0.2776940014389662,
            0.4951130889068091,
            0.5234854535550272,
            -0.5068076518957572,
            0.28038903925532277,
            0.7421348192887034,
            -0.4518402886758404,
            0.8368344326539429,
            0.12691117188068765,
            0.9393300878541625,
            -0.44210130633649725
        ],
        [
            -2.2039896010962483,
            -0.1842812335962966,
            -0.5277499451315378,
            1.3993862131618835,
            -0.6169829345654417,
            -0.2678955781322611,
            -0.34469055792113373,
            -0.8935238119744432,
            0.9238765133446313,
            1.4899228287027915,
            -0.599810940504546,
            1.66681558289883,
            -0.010726068788257909,
            1.7704520726249013,
            0.1947550725661203,
            -1.8036119696529573,
            0.866948318765788,
            0.0,
            0.9807284451584388,
            0.09833974539029283,
            -0.2837336989920119,
            0.8905683363159344,
            -1.0571177184526317,
            0.22390624188150246,
            -0.39771000597203743,
            0.4605802957271755,
            0.7770881804889448,
            0.7144881308008493,
            0.8688773355758838,
            -0.41957876310555564,
            -0.6793977832700691,
            0.4617123664066686,
            -1.6466094217653688,
            1.354454252271767,
            -0.3943669505217777,
            -0.06534986108266735,
            2.464062981680324,
            0.6861656155801759,
            -1.2878561158440864,
            0.011441075661440753,
            -1.0018095360888697,
            0.501179648473622,
            -1.9678354084970762,
            -2.3733942349443176,
            -0.05518467569945808,
            0.7153104164623302,
            -1.2565681441829601,
            -0.4717105950620023,
            -0.09408750813766918,
            0.985596749456804,
            -0.9448224642577447,
            0.17898088699662545,
            -1.328816337692513,
            -1.9521768844401368,
            0.7482349919169973,
            0.4311643437820833,
            0.5954068945752907,
            -2.651086347637359,
            0.8404047170075596,
            -1.779201298785328,
            -2.055860281131784,
            -0.8076811877901602,
            1.7710527033545045,
            -0.598150769800608
        ],
        [
            -0.27863595698813143,
            -1.0882655069800504,
            -1.1850160003364065,
            -1.2781238223194653,
            0.5969431907550383,
            -0.7679415320080916,
            1.2981333486936668,
            0.2034874350617233,
            2.8530089409924377,
            0.3833603605997122,
            1.0580438208472527,
            -1.5002657708967693,
            0.9063115496083668,
            0.2928303614234682,
            0.31244325151395386,
            0.44977543589173347,
            0.1347087331034345,
            0.9807284451584388,
            0.0,
            0.45489008984563567,
            0.44338398907777365,
            0.844251077171502,
            0.9300615979848218,
            1.2826486167426239,
            1.3691062996636814,
            1.157893248460251,
            -1.5243967084028642,
            1.1036669603137728,
            -0.11239873094471459,
            1.9904096221902838,
            -0.15885168939461727,
            -0.4795743793945783,
            -0.7325511101540795,
            -1.9040036173803365,
            -1.1658871299442055,
            -1.2169175709738098,
            -0.8765029905827019,
            -1.888777388699976,
            1.7067401504461484,
            -0.9303336375410353,
            0.1165803809361249,
            2.2031102917753342,
            0.39098927577823667,
            0.1662448418195839,
