{
    "N": 32,
    "id": "2cfc1907-c1cd-403f-898c-076730d21799",
    "problem_type": "SK Spin-Glass",
    "distribution": "gaussian",
    "spins": [
        -1,
        -1,
        1,
        -1,
        -1,
        1,
        -1,
        1,
        1,
        -1,
        1,
        -1,
        -1,
        1,
        1,
        1,
        1,
        1,
        1,
        1,
        -1,
        1,
        1,
        1,
        -1,
        1,
        -1,
        1,
        -1,
        -1,
        -1,
        1
    ],
    "couplings": [
        [
            0.0,
            -0.2376994582174125,
            1.5071407562597103,
            0.14653476678347913,
            -1.1383518312867282,
            0.4441903568042362,
            -0.32019747630088335,
            0.6884668550630415,
            1.123831631293281,
            -1.43932987942254,
            -0.446688081168701,
            0.5319024941592879,
            1.4612287440536085,
            1.274228685512356,
            0.17092689236959618,
            0.5960900738914419,
            -0.848099958277571,
            -0.9421966904489433,
            -0.3279190386102722,
            0.1496061190879429,
            -0.2610587092892786,
            -0.493204034594256,
            0.2560604575440673,
            -0.5268566723965104,
            -2.2167178374934244,
            -0.7806384653306638,
            1.4069996869184553,
            0.003345054598554232,
            1.010851262740338,
            0.6314293844477146,
            0.08422280808468041,
            -0.2740564724699052
        ],
        [
            -0.2376994582174125,
            0.0,
            0.42295964449743634,
            0.7169209100430143,
            0.3267545287617979,
            1.1501057220971367,
            1.0598965745623357,
            -0.6273670893673998,
            1.2434874366396997,
            -0.05966018113727516,
            -0.854194774086456,
            0.2006068095764479,
            0.35261080126535604,
            -0.45865487524528115,
            0.6962731343334826,
            -0.41073793179753726,
            -0.41071130136313944,
            0.6983069172352899,
            0.7539616529772569,
            -1.0235568850165668,
            1.4552574072712536,
            -0.4591978555942839,
            -0.024262786600753008,
            1.3495857673541705,
            -0.15803527749335838,
            0.3234416790702628,
            -0.8671220567566402,
            -1.2802630789001879,
            1.5926008712737207,
            0.5213206900699758,
            0.9169035464989674,
            -0.6571300833027951
        ],
        [
            1.5071407562597103,
            0.42295964449743634,
            0.0,
            1.291266536256241,
            1.2240878661155041,
            1.3871050083887393,
            0.3193446719324608,
            1.6269485776650736,
            -0.09477908518245967,
            0.5144719118985253,
            -0.8272790550868305,
            1.8457866577251072,
            1.9710775513986405,
            0.859704565705572,
            0.12103706849692075,
            0.5181325836870747,
            0.6804729001631661,
            -1.0752076625977143,
            0.8899635587835133,
            0.6874957463591991,
            0.07704853856235176,
            0.7088912263154935,
            -0.023563535335684196,
            0.05653280665758129,
            -1.4585962682507538,
            -1.404749065748357,
            -1.3240194924745161,
            0.8437364056255993,
            -1.7214489693390125,
            0.4003333684359862,
            -0.7404382797802539,
            -1.41678462417373
        ],
        [
            0.14653476678347913,
            0.7169209100430143,
            1.291266536256241,
            0.0,
            -0.8064553228614332,
            1.767911253042214,
            -0.9692617790509183,
            0.46812797966718306,
            0.1167709463032237,
            0.9609597050649501,
            1.141474869622456,
            0.030893246057643767,
            -1.7141658381125695,
            0.3933657292976507,
            -0.538830930320407,
            0.698245230359228,
            -1.03479565571384,
            -0.40532719106028353,
            -0.10656403763613308,
            1.572080919703008,
            -0.9473769882099591,
            -0.6729502354589387,
            2.0586457395009767,
            0.9423552732810295,
            -1.537621941398033,
            -0.7682298449409928,
            -0.17902588242702305,
            -0.49619880619186846,
            0.21276211563270772,
            2.7414133154627653,
            -1.7275162699980802,
            1.2005130968718662
        ],
        [
            -1.1383518312867282,
            0.3267545287617979,
            1.2240878661155041,
            -0.8064553228614332,
            0.0,
            -0.17553916766573613,
            0.44112588371436573,
            -0.5715221736515896,
            0.4349237942011869,
            1.8011151996293049,
            -0.29031947802038494,
            0.8566088069123824,
            -0.7584677303417974,
            0.16622103998216056,
            0.20422778037696468,
            0.07493142415813576,
            -0.8480162791376018,
            -0.24600433007022046,
            1.0913267371188842,
            -0.4372660199751298,
            0.27015794619864414,
            1.5255376262867792,
            0.8614943773335182,
            1.0320403123196489,
            0.20675439582193536,
            0.3774178911521475,
            0.6932366592096291,
            0.45865575741678016,
            1.157046891035502,
            -0.7490882469994513,
            -0.39452446702052923,
            1.4704157020552346
        ],
        [
            0.4441903568042362,
            1.1501057220971367,
            1.3871050083887393,
            1.767911253042214,
            -0.17553916766573613,
            0.0,
            1.008541837463483,
            -1.292378628029123,
            -0.17020671758975014,
            1.299818624777992,
            1.2508429275750477,
            0.2748691113673003,
            -0.5808484814382041,
            0.157507448764666,
            1.2563791241883764,
            -1.3915830035796848,
            1.9299038466428158,
            -0.07275177432293863,
            0.4535900124868222,
            -1.2236228134229368,
            -0.008365423737887977,
            -0.698959411765167,
            -2.1301703360335744,
            0.178079006219488,
            1.8376627422157696,
            -1.426164866561585,
            0.4949712789475507,
            0.4680807809828228,
            -1.5260892902658107,
            1.1238755635730717,
            -0.07259957929099883,
            -1.5875761237888906
        ],
        [
            -0.32019747630088335,
            1.0598965745623357,
            0.3193446719324608,
            -0.9692617790509183,
            0.44112588371436573,
            1.008541837463483,
            0.0,
            0.041893143185269384,
            -0.3002056951613397,
            1.1203435898207226,
            0.0281736320377304,
            2.093052568748526,
            -0.5850422643612831,
            0.30462287788136344,
            -0.3121078310435047,
            -0.08220985248436112,
            -0.3590884357983144,
            -0.9418505818559373,
            -0.8813688806925997,
            -1.047899690155209,
            -1.6301015661426552,
            -1.166977178573019,
            1.7246561423116686,
            0.6756308689916002,
            0.7602475343875296,
            -0.09988025850458802,
            1.0492230146465502,
            -1.1581517618063137,
            -0.36337653430761185,
            -1.2430595363264898,
            0.045922819725771793,
            -0.2281110053412651
        ],
        [
            0.6884668550630415,
            -0.6273670893673998,
            1.6269485776650736,
            0.46812797966718306,
            -0.5715221736515896,
            -1.292378628029123,
            0.041893143185269384,
            0.0,
            0.8545024231602187,
            -0.40963779271605005,
            -0.3852852547738792,
            1.1916935829740702,
            0.8552627421173841,
            -1.5260165814033109,
            0.9071620134108369,
            -0.9795629510647172,
            0.11355544532217748,
            -1.237559854254205,
            -0.3584185751231169,
            -0.768096304799942,
            0.6017494882164979,
            -1.0238531098424524,
            0.22988873668031584,
            0.13422182880617198,
            1.2697698129540225,
            -0.6365815186675757,
            -0.8388401626347862,
            -0.5474913846533421,
            -0.009579412147915729,
            0.7369371991310067,
            -1.3982621324459479,
            -0.44580224802665247
        ],
        [
            1.123831631293281,
            1.2434874366396997,
            -0.09477908518245967,
            0.1167709463032237,
            0.4349237942011869,
            -0.17020671758975014,
            -0.3002056951613397,
            0.8545024231602187,
            0.0,
            -0.7027921197305611,
            0.3910247180075685,
            -0.7720681620371036,
            2.5113014428265603,
            -0.4073945239545052,
            -0.1394988033352418,
            0.7764224529273429,
            0.6924033403783794,
            0.22916385794901184,
            0.5504068694519297,
            -0.1229753034048739,
            -0.6556716189140792,
            -1.0342975594049046,
            2.8706860579157647,
            -1.4705038453942434,
            0.5900388307159161,
            -1.116109364737212,
            -0.16770048936207096,
            -0.8467610587837684,
            -0.3213922471149119,
            -0.17810888078045276,
            0.8124244308349324,
            0.1466276515276076
        ],
        [
            -1.43932987942254,
            -0.05966018113727516,
            0.5144719118985253,
            0.9609597050649501,
            1.8011151996293049,
            1.299818624777992,
            1.1203435898207226,
            -0.40963779271605005,
            -0.7027921197305611,
            0.0,
            -0.4614143769782071,
            0.18390312368596604,
            -0.8723768567641252,
            -0.6678198302117473,
            0.755830101709668,
            0.08379168270447748,
            -0.9047602794391613,
            -0.17575165835079526,
            -0.9108670548242727,
            -0.8026137280951405,
            0.7166249204691993,
            -0.26387645813937305,
            0.14998159227274044,
            -1.1259537703727565,
            -0.19046254713802124,
            1.5689023245699523,
            0.3579580421867385,
            -0.8173603557527922,
            0.4915407158752967,
            -0.2870179123592332,
            0.976802205326497,
            -0.37955322615940246
        ],
        [
            -0.446688081168701,
            -0.854194774086456,
            -0.8272790550868305,
            1.141474869622456,
            -0.29031947802038494,
            1.2508429275750477,
            0.0281736320377304,
            -0.3852852547738792,
            0.3910247180075685,
            -0.4614143769782071,
            0.0,
            0.6691067410779942,
            0.7196306440703055,
            0.6704541842730758,
            0.8893460235582998,
            -0.33462764463830247,
            1.1896964084452664,
            -0.6352415395557661,
            -0.15222903516234615,
            0.7983419333739236,
            -0.9853439936747717,
            0.19983666928337435,
            1.2251315239675657,
            0.22209151334002686,
            2.512097547718382,
            0.3366922595422035,
            1.075271137541021,
            1.1686861637922887,
            -1.0260028619846961,
            2.0901056127805586,
            -1.2266386329770662,
            0.46053590002739264
        ],
        [
            0.5319024941592879,
            0.2006068095764479,
            1.8457866577251072,
            0.030893246057643767,
            0.8566088069123824,
            0.2748691113673003,
            2.093052568748526,
            1.1916935829740702,
            -0.7720681620371036,
            0.18390312368596604,
            0.6691067410779942,
            0.0,
            -0.36530743397809035,
            -1.2193964905273273,
            0.6514109618154951,
            1.2656753512112413,
            -1.179485800727111,
            -0.9025324290811205,
            0.02873903318954317,
            -0.007414335748109937,
            0.24060102878039885,
            -0.19397390335162323,
            -0.2756245179490066,
            1.2949696599376197,
            -0.8419979151322622,
            0.4155704901748706,
            0.11700220738942355,
            0.005382947024720505,
            -0.013823573968189014,
            1.1719601697325541,
            -0.4737488808314209,
            -1.0848399315098292
        ],
        [
            1.4612287440536085,
            0.35261080126535604,
            1.9710775513986405,
            -1.7141658381125695,
            -0.7584677303417974,
            -0.5808484814382041,
            -0.5850422643612831,
            0.8552627421173841,
            2.5113014428265603,
            -0.8723768567641252,
            0.7196306440703055,
            -0.36530743397809035,
            0.0,
            -0.20307139853702322,
            2.345267100567131,
            0.512224204481533,
            0.3333208720114423,
            0.4742227250604761,
            0.02049307576472741,
            -1.3273222168588503,
            -0.05111026845608646,
            0.9241093644915266,
            -2.0788139245812483,
            0.37629957432259065,
            -0.34594107379568045,
            1.7307049313226799,
            0.815613084395996,
            -0.5987248301001028,
            0.8233102830979393,
            0.19341797220416623,
            1.3596458571715628,
            1.767825629848517
        ],
        [
            1.274228685512356,
            -0.45865487524528115,
            0.859704565705572,
            0.3933657292976507,
            0.16622103998216056,
            0.157507448764666,
            0.30462287788136344,
            -1.5260165814033109,
            -0.4073945239545052,
            -0.6678198302117473,
            0.6704541842730758,
            -1.2193964905273273,
            -0.20307139853702322,
            0.0,
            0.8524504944397996,
            0.9302998739401686,
            -0.36785699079137135,
            -0.7503223262798614,
            -0.26223657753650204,
            1.1461109622379315,
            0.22315724624430633,
            -0.7595608668528062,
            1.2366615943205945,
            -0.5752922285088007,
            -1.3868864950598956,
            1.7303959996793976,
            -0.8537032978474427,
            0.46655385441220565,
            -0.7245991967528125,
            0.5076396324889451,
            -1.3021983394779582,
            -0.28102163430957744
        ],
        [
            0.17092689236959618,
            0.6962731343334826,
            0.12103706849692075,
            -0.538830930320407,
            0.20422778037696468,
            1.2563791241883764,
            -0.3121078310435047,
            0.9071620134108369,
            -0.1394988033352418,
            0.755830101709668,
            0.8893460235582998,
            0.6514109618154951,
            2.345267100567131,
            0.8524504944397996,
            0.0,
            -0.5685647536772348,
            -0.4993688290494668,
            0.04964474992526399,
            1.496163331729401,
            0.3581781319688639,
            1.1754044956441663,
            0.23865194112398166,
            0.692185309821919,
            0.2497358664815989,
            0.3441454010733914,
            -1.5149004280926213,
            -0.9927076678434728,
            0.7894157630596444,
            -1.4856953218351951,
            -1.036445757005763,
            1.4699211182160996,
            -1.1773812271579636
        ],
        [
            0.5960900738914419,
            -0.41073793179753726,
            0.5181325836870747,
            0.698245230359228,
            0.07493142415813576,
            -1.3915830035796848,
            -0.08220985248436112,
            -0.9795629510647172,
            0.7764224529273429,
            0.08379168270447748,
            -0.33462764463830247,
            1.2656753512112413,
            0.512224204481533,
            0.9302998739401686,
            -0.5685647536772348,
            0.0,
            -0.10069529377765979,
            1.140247725857773,
            1.6867970826115393,
            -0.031001360247369776,
            -1.6116719551864052,
            -1.2609845676584668,
            -2.505948275745255,
            0.6808270654053044,
            1.161304427401981,
            -0.9580200664770748,
            -1.6745000333388878,
            -1.117333065093246,
            -0.03285734409104502,
            -0.2915663716848141,
            -0.5418282697600797,
            0.9240035132327233
        ],
        [
            -0.848099958277571,
            -0.41071130136313944,
            0.6804729001631661,
            -1.03479565571384,
            -0.8480162791376018,
            1.9299038466428158,
            -0.3590884357983144,
            0.11355544532217748,
            0.6924033403783794,
            -0.9047602794391613,
            1.1896964084452664,
            -1.179485800727111,
            0.3333208720114423,
            -0.36785699079137135,
            -0.4993688290494668,
            -0.10069529377765979,
            0.0,
            -0.5926863274927658,
            -0.36868990240157345,
            -0.9845701861287409,
            0.16917974754677706,
            -0.8647050199819485,
            -2.0183198839426177,
            0.5456722819718501,
            1.9269799516528376,
            -0.5249989549995568,
            -0.669529989038349,
            -0.8417499886434922,
            0.7312033492435442,
            2.1392048610712924,
            -0.19149016788571532,
            -0.3181550698095918
        ],
        [
            -0.9421966904489433,
            0.6983069172352899,
            -1.0752076625977143,
            -0.40532719106028353,
            -0.24600433007022046,
            -0.07275177432293863,
            -0.9418505818559373,
            -1.237559854254205,
            0.22916385794901184,
            -0.17575165835079526,
            -0.6352415395557661,
            -0.9025324290811205,
            0.4742227250604761,
            -0.7503223262798614,
            0.04964474992526399,
            1.140247725857773,
            -0.5926863274927658,
            0.0,
            -0.485285323572864,
            0.5041218472943427,
            0.6091905659849876,
            -0.5755240429409574,
            -0.21011673206532447,
            0.8509658212644012,
            -1.5978187833160542,
            0.811664709564364,
            0.10706505960826967,
            0.6902647795203166,
            1.6967416119031553,
            0.31409147733053117,
            -1.2750993061018268,
            0.045718000515392695
        ],
        [
            -0.3279190386102722,
            0.7539616529772569,
            0.8899635587835133,
            -0.10656403763613308,
            1.0913267371188842,
            0.4535900124868222,
            -0.8813688806925997,
            -0.3584185751231169,
            0.5504068694519297,
            -0.9108670548242727,
            -0.15222903516234615,
            0.02873903318954317,
            0.02049307576472741,
            -0.26223657753650204,
            1.496163331729401,
            1.6867970826115393,
            -0.36868990240157345,
            -0.485285323572864,
            0.0,
            0.7930522187124113,
            -1.5625099134583713,
            -0.596097948623996,
            -0.47547702658589114,
            0.17448909413304306,
            -0.5001877466695424,
            -0.6103126607135524,
            -0.9206301045526144,
            -0.26874123379524245,
            -0.22595473620669151,
            1.2123918908007956,
            1.165157774502839,
            -0.21753153599224817
        ],
        [
            0.1496061190879429,
            -1.0235568850165668,
            0.6874957463591991,
            1.572080919703008,
            -0.4372660199751298,
            -1.2236228134229368,
            -1.047899690155209,
            -0.768096304799942,
            -0.1229753034048739,
            -0.8026137280951405,
            0.7983419333739236,
            -0.007414335748109937,
            -1.3273222168588503,
            1.1461109622379315,
            0.3581781319688639,
            -0.031001360247369776,
            -0.9845701861287409,
            0.5041218472943427,
            0.7930522187124113,
            0.0,
            0.29320673230167293,
            -1.2409329400697908,
            0.5745385095262827,
            -2.01893209867204,
            -0.22151757585753493,
            -0.15871850073381222,
            -0.9764826479346284,
            0.7007228041615049,
            0.7454862623857528,
            -0.09560825294805592,
            0.8828826946196655,
            1.0706173302994817
        ],
        [
            -0.2610587092892786,
            1.4552574072712536,
            0.07704853856235176,
            -0.9473769882099591,
            0.27015794619864414,
            -0.008365423737887977,
            -1.6301015661426552,
            0.6017494882164979,
            -0.6556716189140792,
            0.7166249204691993,
            -0.9853439936747717,
            0.24060102878039885,
            -0.05111026845608646,
            0.22315724624430633,
            1.1754044956441663,
            -1.6116719551864052,
            0.16917974754677706,
            0.6091905659849876,
            -1.5625099134583713,
            0.29320673230167293,
            0.0,
            1.7945030630977954,
            1.390770404419581,
            -0.319469792905844,
            1.007325308749609,
            1.0686653928396992,
            0.5778931445801384,
            0.27235027605208734,
            -0.6595429042006093,
            0.10251533345482537,
            -0.7436845064123221,
            0.42048947965741046
        ],
        [
            -0.493204034594256,
            -0.4591978555942839,
            0.7088912263154935,
            -0.6729502354589387,
            1.5255376262867792,
            -0.698959411765167,
            -1.166977178573019,
            -1.0238531098424524,
            -1.0342975594049046,
            -0.26387645813937305,
            0.19983666928337435,
            -0.19397390335162323,
            0.9241093644915266,
            -0.7595608668528062,
            0.23865194112398166,
            -1.2609845676584668,
            -0.8647050199819485,
            -0.5755240429409574,
            -0.596097948623996,
            -1.2409329400697908,
            1.7945030630977954,
            0.0,
            0.2309894427296615,
            -1.2642106338093018,
            -2.710252937156492,
            -0.24522682734142096,
            -1.3302716016272116,
            0.7410101301289201,
            -0.13180334837521784,
            1.6617170235783774,
            1.5346859332697285,
            -0.2856125153521144
        ],
        [
            0.2560604575440673,
            -0.024262786600753008,
            -0.023563535335684196,
            2.0586457395009767,
            0.8614943773335182,
            -2.1301703360335744,
            1.7246561423116686,
            0.22988873668031584,
            2.8706860579157647,
            0.14998159227274044,
            1.2251315239675657,
            -0.2756245179490066,
            -2.0788139245812483,
            1.2366615943205945,
            0.692185309821919,
            -2.505948275745255,
            -2.0183198839426177,
            -0.21011673206532447,
            -0.47547702658589114,
            0.5745385095262827,
            1.390770404419581,
            0.2309894427296615,
            0.0,
            -1.721662110906748,
            -0.412047920554115,
            -1.2577233566110617,
            1.9635995403493527,
            2.0639747202256924,
            2.1228364341512425,
            -1.641823177505431,
            -1.2007589832507761,
            0.3441905808614252
        ],
        [
            -0.5268566723965104,
            1.3495857673541705,
            0.05653280665758129,
            0.9423552732810295,
            1.0320403123196489,
            0.178079006219488,
            0.6756308689916002,
            0.13422182880617198,
            -1.4705038453942434,
            -1.1259537703727565,
            0.22209151334002686,
            1.2949696599376197,
            0.37629957432259065,
            -0.5752922285088007,
            0.2497358664815989,
            0.6808270654053044,
            0.5456722819718501,
            0.8509658212644012,
            0.17448909413304306,
            -2.01893209867204,
            -0.319469792905844,
            -1.2642106338093018,
            -1.721662110906748,
            0.0,
            -0.12466303990252393,
            -0.9479880751974126,
            -0.3631018549461464,
            -0.322776644630192,
            -1.151600965732827,
            0.04500627505685808,
            -0.4738262620961393,
            0.6928837806146811
        ],
        [
            -2.2167178374934244,
            -0.15803527749335838,
            -1.4585962682507538,
            -1.537621941398033,
            0.20675439582193536,
            1.8376627422157696,
            0.7602475343875296,
            1.2697698129540225,
            0.5900388307159161,
            -0.19046254713802124,
            2.512097547718382,
            -0.8419979151322622,
            -0.34594107379568045,
            -1.3868864950598956,
            0.3441454010733914,
            1.161304427401981,
            1.9269799516528376,
            -1.5978187833160542,
            -0.5001877466695424,
            -0.22151757585753493,
            1.007325308749609,
            -2.710252937156492,
            -0.412047920554115,
            -0.12466303990252393,
            0.0,
            -0.9966829944962393,
            -0.9668551737323868,
            1.631324369618804,
            1.0288441644868282,
            -0.24198958472830137,
            0.3770478147576752,
            0.9598656709947991
        ],
        [
            -0.7806384653306638,
            0.3234416790702628,
            -1.404749065748357,
            -0.7682298449409928,
            0.3774178911521475,
            -1.426164866561585,
            -0.09988025850458802,
            -0.6365815186675757,
            -1.116109364737212,
            1.5689023245699523,
            0.3366922595422035,
            0.4155704901748706,
            1.7307049313226799,
            1.7303959996793976,
            -1.5149004280926213,
            -0.9580200664770748,
            -0.5249989549995568,
            0.811664709564364,
            -0.6103126607135524,
            -0.15871850073381222,
            1.0686653928396992,
            -0.24522682734142096,
            -1.2577233566110617,
            -0.9479880751974126,
            -0.9966829944962393,
            0.0,
            0.17694334079280769,
            -0.012805480886888588,
            -0.11317622052843317,
            1.2120463589262136,
            -0.7747327036383612,
            -0.0029189262313861052
        ],
        [
            1.4069996869184553,
            -0.8671220567566402,
            -1.3240194924745161,
            -0.17902588242702305,
            0.6932366592096291,
            0.4949712789475507,
            1.0492230146465502,
            -0.8388401626347862,
            -0.16770048936207096,
            0.3579580421867385,
            1.075271137541021,
            0.11700220738942355,
            0.815613084395996,
            -0.8537032978474427,
            -0.9927076678434728,
            -1.6745000333388878,
            -0.669529989038349,
            0.10706505960826967,
            -0.9206301045526144,
            -0.9764826479346284,
            0.5778931445801384,
            -1.3302716016272116,
            1.9635995403493527,
            -0.3631018549461464,
            -0.9668551737323868,
            0.17694334079280769,
            0.0,
            -1.3520897676000836,
            -0.45443990494590386,
            0.4573330150948023,
            0.28795998047234556,
            0.03948914632227731
        ],
        [
            0.003345054598554232,
            -1.2802630789001879,
            0.8437364056255993,
            -0.49619880619186846,
            0.45865575741678016,
            0.4680807809828228,
            -1.1581517618063137,
            -0.5474913846533421,
            -0.8467610587837684,
            -0.8173603557527922,
            1.1686861637922887,
            0.005382947024720505,
            -0.5987248301001028,
            0.46655385441220565,
            0.7894157630596444,
            -1.117333065093246,
            -0.8417499886434922,
            0.6902647795203166,
            -0.26874123379524245,
            0.7007228041615049,
            0.27235027605208734,
            0.7410101301289201,
            2.0639747202256924,
            -0.322776644630192,
            1.631324369618804,
            -0.012805480886888588,
            -1.3520897676000836,
            0.0,
            -0.7882702905281321,
            -0.9359566041775405,
            -1.133059360151848,
            0.4582062821717644
        ],
        [
            1.010851262740338,
            1.5926008712737207,
            -1.7214489693390125,
            0.21276211563270772,
            1.157046891035502,
            -1.5260892902658107,
            -0.36337653430761185,
            -0.009579412147915729,
            -0.3213922471149119,
            0.4915407158752967,
            -1.0260028619846961,
            -0.013823573968189014,
            0.8233102830979393,
            -0.7245991967528125,
            -1.4856953218351951,
            -0.03285734409104502,
            0.7312033492435442,
            1.6967416119031553,
            -0.22595473620669151,
            0.7454862623857528,
            -0.6595429042006093,
            -0.13180334837521784,
            2.1228364341512425,
            -1.151600965732827,
            1.0288441644868282,
            -0.11317622052843317,
            -0.45443990494590386,
            -0.7882702905281321,
            0.0,
            0.9358428176176293,
            1.0091574659275215,
            -0.4296929873484536
        ],
        [
            0.6314293844477146,
            0.5213206900699758,
            0.4003333684359862,
            2.7414133154627653,
            -0.7490882469994513,
            1.1238755635730717,
            -1.2430595363264898,
            0.7369371991310067,
            -0.17810888078045276,
            -0.2870179123592332,
            2.0901056127805586,
            1.1719601697325541,
            0.19341797220416623,
            0.5076396324889451,
            -1.036445757005763,
            -0.2915663716848141,
            2.1392048610712924,
            0.31409147733053117,
            1.2123918908007956,
            -0.09560825294805592,
            0.10251533345482537,
            1.6617170235783774,
            -1.641823177505431,
            0.04500627505685808,
            -0.24198958472830137,
            1.2120463589262136,
            0.4573330150948023,
            -0.9359566041775405,
            0.9358428176176293,
            0.0,
            0.17868599621534495,
            -0.08571423206763581
        ],
        [
            0.08422280808468041,
            0.9169035464989674,
            -0.7404382797802539,
            -1.7275162699980802,
            -0.39452446702052923,
            -0.07259957929099883,
            0.045922819725771793,
            -1.3982621324459479,
            0.8124244308349324,
            0.976802205326497,
            -1.2266386329770662,
            -0.4737488808314209,
            1.3596458571715628,
            -1.3021983394779582,
            1.4699211182160996,
            -0.5418282697600797,
            -0.19149016788571532,
            -1.2750993061018268,
            1.165157774502839,
            0.8828826946196655,
            -0.7436845064123221,
            1.5346859332697285,
            -1.2007589832507761,
            -0.4738262620961393,
            0.3770478147576752,
            -0.7747327036383612,
            0.28795998047234556,
            -1.133059360151848,
            1.0091574659275215,
            0.17868599621534495,
            0.0,
            0.7904590221806524
        ],
        [
            -0.2740564724699052,
            -0.6571300833027951,
            -1.41678462417373,
            1.2005130968718662,
            1.4704157020552346,
            -1.5875761237888906,
            -0.2281110053412651,
            -0.44580224802665247,
            0.1466276515276076,
            -0.37955322615940246,
            0.46053590002739264,
            -1.0848399315098292,
            1.767825629848517,
            -0.28102163430957744,
            -1.1773812271579636,
            0.9240035132327233,
            -0.3181550698095918,
            0.045718000515392695,
            -0.21753153599224817,
            1.0706173302994817,
            0.42048947965741046,
            -0.2856125153521144,
            0.3441905808614252,
            0.6928837806146811,
            0.9598656709947991,
            -0.0029189262313861052,
            0.03948914632227731,
            0.4582062821717644,
            -0.4296929873484536,
            -0.08571423206763581,
            0.7904590221806524,
            0.0
        ]
    ],
    "best_energy": -121.08017153704455,
    "best_spins": [
        1,
        1,
        1,
        1,
        -1,
        1,
        1,
        1,
        1,
        -1,
        1,
        1,
        1,
        -1,
        1,
        1,
        1,
        -1,
        1,
        -1,
        -1,
        -1,
        -1,
        1,
        1,
        -1,
        -1,
        -1,
        -1,
        1,
        1,
        -1
    ],
    "time_to_solve": 1.0252752304077148
}