{
    "N": 64,
    "id": "b511352b-b38e-46ba-ba7e-0baf65254669",
    "problem_type": "SK Spin-Glass",
    "distribution": "gaussian",
    "spins": [
        1,
        -1,
        1,
        1,
        -1,
        1,
        1,
        1,
        1,
        -1,
        1,
        1,
        1,
        1,
        1,
        1,
        1,
        1,
        1,
        -1,
        1,
        1,
        -1,
        -1,
        1,
        -1,
        1,
        -1,
        1,
        -1,
        -1,
        -1,
        1,
        1,
        -1,
        1,
        1,
        1,
        1,
        -1,
        -1,
        -1,
        1,
        -1,
        1,
        1,
        -1,
        -1,
        1,
        1,
        1,
        1,
        -1,
        1,
        -1,
        1,
        -1,
        1,
        -1,
        -1,
        1,
        1,
        -1,
        -1
    ],
    "couplings": [
        [
            0.0,
            -0.4527456046992572,
            -0.32076401218459427,
            -1.1975335635926325,
            0.9530281159493632,
            0.5242003840473144,
            0.15647903003871516,
            -0.1380428259795994,
            -0.28438429332472287,
            0.5096488546801282,
            -0.01516067661117104,
            -1.7247852918351414,
            0.1472426080443527,
            1.4384332167559368,
            -1.6228161950182673,
            -0.12703928344650728,
            -1.2681464762517278,
            1.1564536982865437,
            -1.3158565900214012,
            -2.2058518862892957,
            -0.8159577935770831,
            -0.40983802675528597,
            -1.298449873194935,
            -0.5979834712756542,
            0.3527915656461715,
            -0.8002068529733092,
            -1.2330316359869027,
            0.6090137611291117,
            -0.47434408437572967,
            -1.5291757063346054,
            -0.46757016513268224,
            -0.5702233255157072,
            -0.05255950409880485,
            -0.20215380337414707,
            0.36334941028905415,
            1.8342758365484164,
            1.3423760796365218,
            -0.07749135621013094,
            -0.6845886764834561,
            -0.16411607510874143,
            -1.053185109589988,
            1.0385315906517796,
            -0.4348526495822005,
            -0.4994043850639207,
            -0.06923809148445549,
            -0.6461370721339005,
            -0.5409665136899473,
            -0.013678944387710846,
            0.46730671952867026,
            -0.12843345278333199,
            -0.012009161064630208,
            -1.8476212600924389,
            -1.5811983207780564,
            1.5317042678979713,
            -1.0196600694186202,
            -0.5969111865455847,
            0.16839685252818484,
            0.24040993608020522,
            0.3243209499211626,
            0.5383331612396441,
            -0.31915509209231724,
            -0.23483733555529843,
            0.8803690553978608,
            -0.2170097651147427
        ],
        [
            -0.4527456046992572,
            0.0,
            0.028284176301310002,
            0.09788917671597437,
            0.11627039901344918,
            -1.1783447118137131,
            -0.26263451235776963,
            0.539986663657322,
            -1.6477475577802823,
            -0.6804036914621313,
            2.8098770086622284,
            1.0749946332954623,
            -0.11067813370808505,
            0.4670517823996716,
            1.6017900830663692,
            -0.2631443385287778,
            -0.6242493031548967,
            0.3617487337616833,
            -1.065820806534995,
            -0.5286589281910031,
            1.448690845085424,
            0.6121615082052382,
            -0.35741197537410135,
            2.020768250152187,
            0.7616952970179547,
            0.6654477110751872,
            0.42266842211276767,
            -0.21773384084635414,
            0.9768281873572713,
            -0.5226102678458184,
            -2.487843811396876,
            -1.2814476184370118,
            0.9670629896357749,
            -0.16739115622651296,
            1.9860649287008456,
            -0.12397633347899682,
            0.5008005437687334,
            0.5424477745859613,
            0.551378718064297,
            0.8500712759247981,
            -0.7229690723416822,
            0.8603911816982405,
            -0.6778939658731221,
            -1.5228908088986899,
            -0.1675845606050476,
            -0.05195778153297478,
            -0.6325000987751372,
            1.4131376639251048,
            -0.856659690344404,
            -1.1414246442066878,
            1.0577788005278503,
            0.22204969420639115,
            0.25924494779379653,
            0.2676722762981763,
            -0.3585406216396415,
            0.5817414845796927,
            -0.8005618830215084,
            1.2000489360901492,
            -0.5293979299721913,
            0.6618666174375664,
            -1.6423678046347103,
            0.5416637367865123,
            0.1486290623038386,
            -0.011595156166309538
        ],
        [
            -0.32076401218459427,
            0.028284176301310002,
            0.0,
            -1.1380450303030087,
            1.7088798655460677,
            0.05701780379234749,
            -0.08109933700996444,
            -0.0076143810857316075,
            0.09934486893694236,
            -0.008329593613997375,
            1.2306531007137296,
            -0.17465033534269606,
            -1.8160062994594508,
            -0.29973032701075253,
            0.897012477600217,
            -1.1220786109493,
            -0.2920730217934399,
            0.08330172444643318,
            1.054593057681175,
            -0.01757565656719625,
            -2.3110225713582353,
            0.04515568242626471,
            1.4049338874112391,
            0.2849370188393255,
            -0.5422501459610045,
            -0.5250666237099381,
            0.8722715687627945,
            -1.4970364931617501,
            -0.050972955340956756,
            1.1435881373692973,
            -0.3796694067691255,
            -0.8312266893113094,
            0.2687949202500496,
            -0.8868809220849944,
            0.5080452621623326,
            0.5822382465126705,
            0.8953511469103583,
            -1.2549358236166086,
            1.4788525344812384,
            0.3900706570350153,
            -0.8639766193839354,
            -0.8892950703670307,
            0.1003071751348169,
            0.5469037592259143,
            0.8360479385796544,
            -0.05900419331537856,
            0.48159174318884956,
            0.9244038168418182,
            -1.0626315744637087,
            0.551322086599194,
            0.16994440325773463,
            0.7205143691188057,
            -0.03339371641237759,
            -0.8137655927324037,
            1.4226384568996606,
            -1.7377560628715032,
            -1.034292619574669,
            0.908971383263762,
            0.0858385375471479,
            0.053658978405794366,
            0.4685540731358055,
            -1.0283619660694472,
            2.409471568251698,
            -0.4002540266836593
        ],
        [
            -1.1975335635926325,
            0.09788917671597437,
            -1.1380450303030087,
            0.0,
            -0.6406067010672715,
            0.3637966515504422,
            -0.5412045084058786,
            -0.9258047859441897,
            -0.11181699234251279,
            -1.0900890871777782,
            -0.6195752115422541,
            1.1751795572927206,
            -1.0080599470451805,
            -0.7268218770897233,
            -0.24740888788437,
            2.0225039081115446,
            0.6698715738146732,
            -0.0816597108588154,
            0.08624299706369608,
            0.7148385351124197,
            0.27730630148746066,
            -1.275202235240123,
            -0.583553510874418,
            1.1526789757791567,
            0.07770888155744553,
            1.874795591825248,
            -0.41672546086724027,
            1.38229092744504,
            -0.22411988767275617,
            1.9354224048493989,
            -1.046531003843505,
            -0.047447024272211945,
            -0.8764833096844235,
            -0.05137757458793431,
            -0.4308031620634704,
            0.263685527571264,
            -0.4708384419490845,
            -0.5889211335829295,
            0.7195757111759802,
            0.24023923646989065,
            0.6035491736764451,
            -0.28592580809938084,
            0.7922556712030635,
            -0.851525861554922,
            -1.6531666358858323,
            1.3823947478107248,
            0.8200669436634258,
            0.8375410909478351,
            -0.14406228473531166,
            -0.09133774062009027,
            1.9770393483347246,
            -0.24444873448633264,
            0.7311467763261702,
            1.6829717977969683,
            -0.5758082635231255,
            0.7978657912955657,
            -1.3615011846578131,
            1.3352848042213834,
            -0.06575847502926234,
            0.5290349718261714,
            -0.33759419109346667,
            0.6028662717239535,
            -0.48743716558364675,
            -0.00690321816581481
        ],
        [
            0.9530281159493632,
            0.11627039901344918,
            1.7088798655460677,
            -0.6406067010672715,
            0.0,
            0.6740225995402027,
            -1.5002807038473143,
            2.216095858934668,
            -0.5630788428608122,
            -0.17922276289560685,
            -1.263100041854249,
            1.1460895058751113,
            -0.14365079357138505,
            0.7455290495975248,
            0.10059701624081745,
            -0.6813425920800874,
            -0.9452648305021255,
            0.1390489950345912,
            -1.391194931330921,
            -1.3609685308042991,
            -0.7840083741428009,
            -0.1668902788416755,
            -1.178310024729198,
            0.12387530719817387,
            -0.17164589591024448,
            -0.2768158252127139,
            -0.5531127982470396,
            -0.01872317290890453,
            -0.8164533191936447,
            -0.25149616850144835,
            0.07845247709426505,
            -0.8747161755160506,
            -0.8682938440672533,
            0.9507278832836873,
            -1.510864072860854,
            -1.2262324213309554,
            1.991327650360106,
            0.14990840893645507,
            -0.7516644759290747,
            -0.6388035156795643,
            -1.0605044361105662,
            0.6372060186697249,
            -0.1476775313308761,
            -0.44434601400792434,
            0.8521297226389131,
            0.7154733356806725,
            -0.13118909517557764,
            0.25514799324135834,
            1.2405325437773924,
            -0.5004228383216555,
            -0.9219371930315738,
            -0.8351499742701989,
            -0.35494790007159066,
            0.19679284279622694,
            1.523047093915355,
            -3.5357914003954223,
            -0.0820970025768809,
            0.9356138375886341,
            -1.461075517416276,
            -1.153256398824663,
            0.2949679829098932,
            -1.178438325897838,
            -0.7507324952689379,
            0.7974009768160121
        ],
        [
            0.5242003840473144,
            -1.1783447118137131,
            0.05701780379234749,
            0.3637966515504422,
            0.6740225995402027,
            0.0,
            -0.7760179790892717,
            -1.0912472461785845,
            0.8006238100218905,
            0.18017454754867507,
            -0.6513087189090897,
            -0.9520288230625567,
            -0.15342453829269964,
            -0.3927763986103684,
            -0.5167217699729304,
            -1.9720477811588464,
            -0.44953146390174564,
            0.07563873876028462,
            -0.41671360103782057,
            0.5049275084612779,
            0.26560708344376066,
            0.5568440356395932,
            0.21127264078892422,
            -0.26936789157676055,
            -1.0755650763099116,
            0.24479368951508057,
            -0.08462925491985407,
            -2.248066145405796,
            -0.27732078866016985,
            -0.7125445016114886,
            -0.297897867031611,
            -0.5943652987811641,
            -1.278946826190013,
            0.8088371026079397,
            1.5951185559036212,
            -0.34881627141242916,
            0.1848797254350013,
            0.07278295391771356,
            -0.5523671995723879,
            -0.20637845614989705,
            1.137152517666211,
            0.8192218274160689,
            0.6965047205497752,
            -1.47584107234753,
            0.19584593518119847,
            0.35186765794911107,
            0.11211998266865973,
            0.5482952732337071,
            1.261429781693327,
            -1.207148792867538,
            0.658311137713102,
            -0.24091250728114846,
            1.9522750422143789,
            0.9317642915613312,
            -1.017061760766676,
            0.9057177711690808,
            1.2008616051752259,
            -1.4469672589340015,
            0.6915430993535239,
            -2.627429272748439,
            0.012575486071309533,
            -1.5757420899977808,
            0.5041904774117909,
            0.21200706611821443
        ],
        [
            0.15647903003871516,
            -0.26263451235776963,
            -0.08109933700996444,
            -0.5412045084058786,
            -1.5002807038473143,
            -0.7760179790892717,
            0.0,
            -1.0709183961954232,
            -3.5324127601754354,
            2.0467432703234625,
            0.2987458467647606,
            -0.2201296348563612,
            1.1340241214472255,
            0.4553085508521723,
            -1.3636671941251097,
            0.27357568492863676,
            1.1032738054861586,
            0.8749923142443803,
            -0.3547057538799807,
            0.10224804514337647,
            -0.7267655789964054,
            0.42686680174335595,
            -0.6400901305633833,
            1.020483837362134,
            0.2858907053512944,
            -0.8441837819986372,
            -0.028617912494114862,
            -1.0029605312672576,
            -0.09570564052309422,
            1.3094072557747314,
            0.406736550373032,
            0.6135031129098066,
            0.9427606865841561,
            -1.069968070027198,
            0.8634060729745711,
            0.19042204432864926,
            0.9231417940486901,
            0.953758187642554,
            -0.5479727365084374,
            1.2737248027513628,
            -0.7482978705240668,
            1.752686748110026,
            0.1804125901590111,
            -0.04189259700904741,
            0.7206587698628953,
            0.7812415543185341,
            -0.10553954253408135,
            0.23582652919050384,
            0.8668495624434367,
            0.7312831906859145,
            0.4665009433880064,
            -0.5382903704056321,
            0.21766082595577302,
            1.0792468026356141,
            1.269570625568415,
            0.6934186629537311,
            -0.7235401708330624,
            0.18920526220382158,
            -0.46667005088524,
            -0.24744124274105653,
            2.6639389471633526,
            1.1352920947390654,
            0.48872319974479095,
            -1.7104767951382183
        ],
        [
            -0.1380428259795994,
            0.539986663657322,
            -0.0076143810857316075,
            -0.9258047859441897,
            2.216095858934668,
            -1.0912472461785845,
            -1.0709183961954232,
            0.0,
            0.6095905103463912,
            0.36070200220922627,
            0.07683644034821552,
            -1.4577829463125314,
            -0.05638262114272873,
            1.812263839531467,
            -0.3198124550947018,
            0.9727315894603406,
            0.12428422092952944,
            -1.1875402953582275,
            0.39792048511425965,
            -0.5164985724482207,
            -0.2747340832717952,
            0.03175347175102498,
            0.019020535471772525,
            1.2797364339803943,
            0.33910881273312793,
            -0.7181640100830944,
            -0.707781985262545,
            -1.6400146132567357,
            -0.7717134022505991,
            -0.8629416813846235,
            -0.4406608038913387,
            1.4779099352838405,
            1.0478306198894265,
            0.7537709210650972,
            -0.3619508913386578,
            1.3380041358795427,
            -3.2064524730621593,
            -0.4573002505755005,
            0.9812651239788505,
            0.5710620517907967,
            0.7862808108125865,
            0.29924006947084825,
            0.9878332051763817,
            0.06379384349422793,
            0.44731173283179126,
            0.509517837599885,
            -1.0365213271900215,
            1.377185567848489,
            1.262604834766944,
            1.0438002190010047,
            -0.14554421411829557,
            0.30434878197308335,
            -0.047561140591824126,
            -1.7014426190498406,
            0.1854903494390977,
            0.5122974793438615,
            1.628684392379807,
            1.5772998861006746,
            0.22972392685474072,
            -0.7981294667203588,
            -0.25775486623609456,
            -1.383017378997315,
            0.578535773105101,
            0.6196931499058067
        ],
        [
            -0.28438429332472287,
            -1.6477475577802823,
            0.09934486893694236,
            -0.11181699234251279,
            -0.5630788428608122,
            0.8006238100218905,
            -3.5324127601754354,
            0.6095905103463912,
            0.0,
            2.960478559430485,
            -0.6715426948242955,
            0.14307867580727252,
            0.8320505378546171,
            1.9667529345406078,
            -0.4363520841801238,
            0.6888577170914486,
            -0.340588805309501,
            0.33112716134126374,
            0.7757122041775858,
            1.3349119335635964,
            -0.1461508451964725,
            1.4670565909443973,
            -0.793624090749821,
            -1.0723033269724347,
            0.3472167769454888,
            1.3982144442370708,
            -1.3720113480824263,
            2.0589042715027777,
            -0.015999150201815537,
            -0.8465485248762445,
            -1.130923553565207,
            -0.5166949502996273,
            -0.6163613385923583,
            -0.33255313436566925,
            -1.868095034081052,
            0.04364357596403742,
            -0.3009168708874307,
            -0.6668627935696454,
            0.5409933584568254,
            -1.2349287181156237,
            -0.7269163021479541,
            1.0673107253443268,
            -1.0285812970336434,
            -2.0106219005100296,
            1.1584384850374543,
            0.427990492386943,
            -0.07287327554772016,
            -0.5840707973312296,
            -1.6783870826594651,
            -1.8425984618480513,
            -0.16372666601841862,
            -1.0319696959882394,
            0.5556410427548641,
            -0.8005537988496269,
            1.8699910445644823,
            0.15739711272181783,
            1.1684346402159995,
            -0.018783712504152752,
            0.31939772470058897,
            -0.5971728957888378,
            -0.12814626548139452,
            -0.6884411934521395,
            0.7506259001242173,
            -0.8935506087182424
        ],
        [
            0.5096488546801282,
            -0.6804036914621313,
            -0.008329593613997375,
            -1.0900890871777782,
            -0.17922276289560685,
            0.18017454754867507,
            2.0467432703234625,
            0.36070200220922627,
            2.960478559430485,
            0.0,
            1.0986093298388273,
            -1.3221548345066092,
            -1.7877094059935226,
            -1.4840126140228747,
            0.7224598819221916,
            -0.8019942345941995,
            -0.5811129777044475,
            0.7676593157637256,
            -0.9721662159366885,
            0.6839852897036833,
            -1.1441085373672102,
            -1.6056455925636997,
            -1.010950615791471,
            0.18275302245240344,
            1.343942445562633,
            1.5936221621834157,
            2.2833558188376872,
            -0.3194838872618903,
            0.15898783204287092,
            -0.1457364495604226,
            -0.1227407629637607,
            -0.7443168208116643,
            -0.0766783414141414,
            1.262340009409871,
            1.3762527962413018,
            -0.47031430801097956,
            -1.0632298657266916,
            2.0905685296263736,
            -0.9336980989146345,
            0.04705559851099887,
            1.4840631900446737,
            -2.435608905101098,
            0.12615471973618536,
            -0.24351372064342514,
            -0.2558188840701479,
            -0.865095356120592,
            1.7426403963992518,
            -0.4918768907077219,
            0.1207088179432557,
            0.17637287963987872,
            -0.5615769103957227,
            0.8021567721151696,
            -0.5065305122603384,
            -0.32411909285333584,
            1.1165453269010006,
            -0.4916561132655774,
            -0.30317982734972554,
            -0.4330822495625947,
            0.6819972387666116,
            0.5914053735327275,
            -0.524023530101727,
            0.08375859483876814,
            -0.13149347474575585,
            -1.1491879018920614
        ],
        [
            -0.01516067661117104,
            2.8098770086622284,
            1.2306531007137296,
            -0.6195752115422541,
            -1.263100041854249,
            -0.6513087189090897,
            0.2987458467647606,
            0.07683644034821552,
            -0.6715426948242955,
            1.0986093298388273,
            0.0,
            2.6275292920893767,
            -0.13010345889898614,
            1.4024658584244212,
            -0.5427555706103615,
            1.4741238677332404,
            2.414471963195096,
            -0.6301470427633659,
            -0.6133496434362268,
            1.6266894388958757,
            0.8576283587945122,
            -0.000489695938957331,
            0.837924446108125,
            0.41627277249845995,
            0.7757166001858814,
            0.9557383292854426,
            -1.2987016539120493,
            0.3835510694406104,
            -0.5922497785634908,
            0.8666740200666962,
            0.19367699391730755,
            -0.6350994121018115,
            -1.272445870941099,
            0.667226956248491,
            0.2889727928726496,
            0.33050191288230435,
            1.1086265847683452,
            -0.03846784649734925,
            0.5931807637107309,
            -1.369629040443152,
            -0.2208536413506489,
            0.36551652219626674,
            -0.01608004687126559,
            -0.7676038202078442,
            0.9272672019934542,
            0.8125363932774924,
            0.7042437886753216,
            2.031423319425059,
            0.8854031288869506,
            1.1989049080858258,
            -1.1370509870925114,
            0.9525049573762868,
            -0.1564764943861667,
            -2.313090599057957,
            -0.4502259726365214,
            0.5044625330686809,
            -1.7718676523707595,
            -2.1262989067617046,
            -1.1921294344349005,
            -1.2813461400889217,
            -0.4626503461325138,
            1.4209588780888853,
            -0.1766883452515239,
            0.05233244736525432
        ],
        [
            -1.7247852918351414,
            1.0749946332954623,
            -0.17465033534269606,
            1.1751795572927206,
            1.1460895058751113,
            -0.9520288230625567,
            -0.2201296348563612,
            -1.4577829463125314,
            0.14307867580727252,
            -1.3221548345066092,
            2.6275292920893767,
            0.0,
            0.06338970913660678,
            -0.39431749471223715,
            0.2230847674758724,
            -0.524953290268989,
            2.297856599884911,
            -0.6910389089654081,
            3.3285133199297237,
            -0.44157852260875835,
            1.6355527375284786,
            -0.08917540628250226,
            0.5486384286524529,
            -0.45920222095472857,
            -1.7676295840721195,
            0.5857791262610985,
            0.1842871211379006,
            -2.1123191108117934,
            -0.04967037660886796,
            -1.8664433969902816,
            1.2522519393327807,
            -0.12407431556392748,
            0.3202416568575522,
            -0.2514051510591614,
            0.21073777893618034,
            0.1846777861244131,
            0.3471993941044713,
            -1.1099577247222772,
            -0.46196684034250607,
            -1.8608939893418162,
            1.1754944283132214,
            0.1452474815813777,
            1.573475183399931,
            1.624283812386732,
            -0.20386537119729728,
            0.2427910260503005,
            -0.11285731048782827,
            0.010472938384382848,
            0.7944820787153951,
            -2.2632216741048867,
            0.33584248689887664,
            1.6356906631332482,
            -1.7381223324873745,
            -1.0078541069142262,
            -0.29993020223892947,
            1.13178294082049,
            0.22422762108233385,
            -3.5054591867117786,
            0.7155831848276122,
            -1.4088028551460776,
            -2.0742708122837366,
            0.40864724257702106,
            0.35860717555922195,
            -1.419287784067079
        ],
        [
            0.1472426080443527,
            -0.11067813370808505,
            -1.8160062994594508,
            -1.0080599470451805,
            -0.14365079357138505,
            -0.15342453829269964,
            1.1340241214472255,
            -0.05638262114272873,
            0.8320505378546171,
            -1.7877094059935226,
            -0.13010345889898614,
            0.06338970913660678,
            0.0,
            -0.4983271261441399,
            -0.03882898427243441,
            0.5906196918030112,
            0.26254477622604855,
            -1.3584141857509193,
            1.4666254591559424,
            -1.0030767813856754,
            -0.2915897940684957,
            -0.8958649177100799,
            -0.8704597734567432,
            -0.5835296424250515,
            0.39169083344013034,
            0.45150641352032433,
            0.2784917004146146,
            0.6316413238568404,
            -0.14827074902726603,
            0.5280902945048805,
            -1.4665608177184384,
            0.694620744510349,
            -0.0856672018838566,
            -2.1240556737745964,
            0.4832881290544309,
            -0.5762841165350885,
            1.0821247740763313,
            1.1551618616839412,
            -0.7261376745158926,
            1.0499116889045088,
            0.6775685346077435,
            -0.5328930337263136,
            1.0231371824552966,
            0.26913230108896213,
            0.21191716263198,
            1.3633472358443084,
            -0.22822678631511834,
            -0.6616106275960532,
            -0.30612688864422416,
            -0.0569508691144235,
            -0.11372251323361576,
            0.3043671446134325,
            -1.5418694573200675,
            -1.9658434653906263,
            0.6959353643236327,
            1.2736755004288312,
            -0.5626435274443652,
            -0.626293758416855,
            1.0422658670879874,
            -0.5678404152498284,
            1.6137958652634186,
            -0.16677506588546348,
            -0.7197404861402991,
            -1.4989921755101472
        ],
        [
            1.4384332167559368,
            0.4670517823996716,
            -0.29973032701075253,
            -0.7268218770897233,
            0.7455290495975248,
            -0.3927763986103684,
            0.4553085508521723,
            1.812263839531467,
            1.9667529345406078,
            -1.4840126140228747,
            1.4024658584244212,
            -0.39431749471223715,
            -0.4983271261441399,
            0.0,
            0.5165775021046918,
            0.32688273878260293,
            -0.31168331363411533,
            0.19412837622192225,
            -1.193028830196497,
            -1.3856430762636351,
            -1.0492487604417529,
            -1.209231672400327,
            -0.22075841407077978,
            0.009401152847967095,
            3.1163539205958646,
            0.2892175324706633,
            0.49037188078950866,
            1.043755695721682,
            1.4206409093200536,
            -0.5400537201881805,
            0.5093884832844818,
            -0.07312220843510467,
            -0.9637482018697137,
            -0.03587158851596255,
            -0.5789297023066151,
            0.16245667188276794,
            -0.27726238479303805,
            -0.9953384733571008,
            0.9599509641922553,
            -1.2209594862206754,
            0.271934171240979,
            -1.6865746299546258,
            -1.4157056873885725,
            0.08736525171858064,
            0.24900496656428575,
            0.03692446107740078,
            -0.5642852094920138,
            1.9629211926597872,
            -0.5007623943614077,
            -1.497067617958566,
            0.6062778452737715,
            -1.0703684135003906,
            -0.06311612843989563,
            0.2182490678894873,
            0.3888588000235742,
            0.952603743096818,
            -0.8185143324411387,
            0.23481355885967248,
            0.7749614051677586,
            -0.7188417623284464,
            -0.09613124195927089,
            0.36133344930868666,
            -1.0446229613463511,
            -0.8288055473661871
        ],
        [
            -1.6228161950182673,
            1.6017900830663692,
            0.897012477600217,
            -0.24740888788437,
            0.10059701624081745,
            -0.5167217699729304,
            -1.3636671941251097,
            -0.3198124550947018,
            -0.4363520841801238,
            0.7224598819221916,
            -0.5427555706103615,
            0.2230847674758724,
            -0.03882898427243441,
            0.5165775021046918,
            0.0,
            0.4288855569383961,
            -0.897677806495267,
            1.8027624795107422,
            1.0960570699668215,
            -0.20832753130466358,
            0.8029427801849429,
            -1.2716102201524453,
            -2.0069606111875133,
            0.07344450831918604,
            0.3952321529519213,
            -0.30370999655598196,
            -0.20726319435076732,
            -0.707893740263711,
            2.4758176936686764,
            -0.15645946658656815,
            2.546187981772713,
            -0.7573206307225732,
            -0.8875473838204393,
            0.27159839355713356,
            0.34892225231558743,
            -1.1400431522220762,
            -0.04845405794512123,
            -0.3704581741988108,
            0.6587062732507846,
            0.27453047358569915,
            0.35652291964556115,
            0.5701950367244579,
            0.07682060932595244,
            0.8389281630591319,
            -1.84352102791488,
            -0.721772988509255,
            -1.1787586871210343,
            0.9620640357378536,
            -1.5653823362171304,
            -0.33194829114229335,
            0.9430036793954164,
            0.07596425805532349,
            0.7821333595723038,
            0.6583668173528782,
            0.3089181353762615,
            -1.365745808899277,
            -0.481893738361725,
            1.5396655055219088,
            -0.3038325625964873,
            -0.059730784275863334,
            -0.04837953212312832,
            1.5961286854437093,
            1.2414092564818315,
            -0.1863273567161701
        ],
        [
            -0.12703928344650728,
            -0.2631443385287778,
            -1.1220786109493,
            2.0225039081115446,
            -0.6813425920800874,
            -1.9720477811588464,
            0.27357568492863676,
            0.9727315894603406,
            0.6888577170914486,
            -0.8019942345941995,
            1.4741238677332404,
            -0.524953290268989,
            0.5906196918030112,
            0.32688273878260293,
            0.4288855569383961,
            0.0,
            0.03962051450405258,
            -0.7118055574561367,
            0.22365734637895518,
            0.5108234263632635,
            -0.5512645360456506,
            0.9098609648335313,
            -0.40010294880975894,
            -1.530593556539034,
            -0.012012929270224189,
            -1.2900606964041281,
            0.3702097674910569,
            -0.6219918701830326,
            -0.7792996905632716,
            0.34059956793983104,
            -0.7182272389265433,
            0.6961366709574869,
            1.6314769158896456,
            -0.1816829142563526,
            0.9708372743845145,
            0.4859863715037326,
            -0.544578487587583,
            0.6212275498001271,
            -2.3096577299773497,
            -0.20755395817753267,
            -0.3354907900122358,
            0.7891016063733186,
            1.6124143332890042,
            0.9817142764357353,
            -0.7535546662047405,
            0.7498262308228124,
            -0.2342016436193287,
            2.028710624718227,
            0.9838702522728837,
            1.1767694073341983,
            0.9434602601199076,
            0.9097694470955563,
            0.8151255656934481,
            -1.0531875781581084,
            0.6103375217899589,
            0.8233549592012658,
            0.04737748003760471,
            -1.8186494842180183,
            1.1807120531797048,
            0.009035997765433026,
            1.5607288055413675,
            0.689579028341852,
            1.1884831950178265,
            0.7298048726379655
        ],
        [
            -1.2681464762517278,
            -0.6242493031548967,
            -0.2920730217934399,
            0.6698715738146732,
            -0.9452648305021255,
            -0.44953146390174564,
            1.1032738054861586,
            0.12428422092952944,
            -0.340588805309501,
            -0.5811129777044475,
            2.414471963195096,
            2.297856599884911,
            0.26254477622604855,
            -0.31168331363411533,
            -0.897677806495267,
            0.03962051450405258,
            0.0,
            -0.9176947513254617,
            -0.6643794150684929,
            0.20833898942298815,
            0.8581889674814602,
            -1.6894752061866691,
            0.4532540393705038,
            -0.21985478878787748,
            -1.0654774716752486,
            0.3432129549648559,
            0.4279984734721339,
            -0.259672280698733,
            0.3185853258966133,
            1.2614773735338782,
            0.6543614827643507,
            -0.39507968977043456,
            -0.11750196147953557,
            0.4376698839472565,
            0.41778465640052675,
            -0.3213752639316164,
            0.2569951258468733,
            0.9745548814590522,
            -0.5994055460393292,
            -1.1760347045595885,
            1.1577860593728988,
            0.6082015365312414,
            0.21003322646766065,
            -0.8242712551751351,
            -0.10843620572648288,
            0.9132962867831702,
            -0.5461426354841802,
            -0.5930493352769721,
            0.4158606669506207,
            -1.376436684637545,
            0.3577499369453954,
            -0.10617541346590421,
            -1.3463449970719408,
            -0.1492110191783231,
            -0.7287258792143987,
            0.5774637362732008,
            -0.8856543919824226,
            -1.817567634589926,
            -0.28979365987951766,
            0.47404354101198287,
            -2.32542741956387,
            -1.1200481791514543,
            -0.7509829548234085,
            0.2496267337067009
        ],
        [
            1.1564536982865437,
            0.3617487337616833,
            0.08330172444643318,
            -0.0816597108588154,
            0.1390489950345912,
            0.07563873876028462,
            0.8749923142443803,
            -1.1875402953582275,
            0.33112716134126374,
            0.7676593157637256,
            -0.6301470427633659,
            -0.6910389089654081,
            -1.3584141857509193,
            0.19412837622192225,
            1.8027624795107422,
            -0.7118055574561367,
            -0.9176947513254617,
            0.0,
            -0.7482341928019648,
            2.2246502595320883,
            0.4972011424415609,
            -0.6335006615315637,
            0.4537753511475057,
            0.9403477420377583,
            -0.5516644963307794,
            0.20726685314376894,
            -1.0117576265681814,
            -0.2777929356890815,
            -0.42877725084924034,
            -0.0033343764627458364,
            -1.5404132686335608,
            0.7301563126430402,
            -1.6573665688317027,
            -0.4601969926653599,
            -0.8738703785687848,
            1.0619712122114386,
            0.1834520476513208,
            -0.007119870436199515,
            -0.3494560515894882,
            -1.1901634998162423,
            0.7813446451150649,
            0.4303000535429292,
            0.1837819294261349,
            -1.347433919886364,
            -1.301210171278036,
            3.000852192828214,
            -1.286597529673922,
            -0.12608341097022538,
            -0.5264110525435493,
            1.862660278289565,
            0.9132302488200831,
            1.3079850772352806,
            0.5238733312102571,
            -0.6160861515913798,
            -0.5596525516329575,
            -0.4446320984686549,
            -1.5562794901390284,
            0.31154494067459704,
            -0.721438417902152,
            -0.23713446248832082,
            -1.356914193801746,
            -0.4621092951298462,
            1.958121413579268,
            1.976250934388027
        ],
        [
            -1.3158565900214012,
            -1.065820806534995,
            1.054593057681175,
