{
    "N": 64,
    "id": "ce951bc0-3569-4ab4-8871-997b0dc67f40",
    "problem_type": "SK Spin-Glass",
    "distribution": "gaussian",
    "spins": [
        1,
        -1,
        1,
        1,
        -1,
        -1,
        1,
        -1,
        1,
        -1,
        -1,
        1,
        1,
        1,
        -1,
        -1,
        1,
        1,
        -1,
        -1,
        1,
        -1,
        -1,
        -1,
        1,
        1,
        1,
        1,
        1,
        1,
        1,
        1,
        -1,
        1,
        -1,
        1,
        1,
        -1,
        -1,
        1,
        -1,
        -1,
        1,
        1,
        1,
        -1,
        1,
        -1,
        -1,
        -1,
        1,
        1,
        -1,
        -1,
        -1,
        -1,
        -1,
        -1,
        1,
        -1,
        1,
        1,
        1,
        -1
    ],
    "couplings": [
        [
            0.0,
            0.2719150142613081,
            0.008636535835133661,
            -2.356409431590173,
            -0.4253917851945022,
            0.7738303886771222,
            1.76824259666106,
            -0.15584413529463345,
            1.4859256601627808,
            0.3107433549194578,
            0.7389158819848629,
            0.12099327663901095,
            -1.5837294045826618,
            -1.3173093091476087,
            -0.1844779425484974,
            -0.8386934696138921,
            -0.2809561430928464,
            0.37041678251340987,
            -0.7881811093598501,
            0.29953524069832116,
            1.2549856602104366,
            -0.07593712953887442,
            -0.7211554955480577,
            -1.8926251864600565,
            1.1244784123848106,
            0.27312098207292435,
            -0.6165569929829873,
            0.4169077078934156,
            0.6183678802421927,
            0.5659430755132979,
            -0.3066464880206139,
            0.5319187135798282,
            0.4659325929875551,
            0.09043508212252796,
            -0.5642871517824032,
            -0.16112069282909833,
            0.022284548630335417,
            -0.8363943632869574,
            1.111394623585579,
            0.5801074491770356,
            -1.3877266570694997,
            0.95655951738481,
            1.6565992563665872,
            0.3065760158273833,
            -0.5353397221878426,
            -0.5311853702164092,
            0.08185649027791768,
            -1.660729022603077,
            -1.7026358155326222,
            -0.4061034216671454,
            0.8282074362106313,
            -0.1318423237001202,
            1.1196264998098373,
            -0.9748193721255016,
            1.1282944585336043,
            -0.8339625720092928,
            0.5477776893443115,
            -0.836971590693348,
            -1.332108844642939,
            0.504006391281049,
            -2.127799878150377,
            0.15161158856433404,
            -1.8242580601794167,
            -0.5459583723257838
        ],
        [
            0.2719150142613081,
            0.0,
            1.3450355550903426,
            0.5761243085862114,
            -0.7354472517757881,
            0.9215796118211139,
            -0.7092479026753064,
            1.0796795524566651,
            -1.4183649072427371,
            2.3212405435438996,
            1.5387220302683293,
            2.0937625416008783,
            0.40855185016145934,
            -1.614606847774258,
            0.5081794332067823,
            1.010641064821291,
            -0.28794111957327706,
            0.9672040246820804,
            0.6018410123931123,
            0.4718585437069614,
            0.5727832256063299,
            -0.6823330537281098,
            0.5109912059638537,
            0.8419526634607918,
            0.14995035691186537,
            -1.0654959539524975,
            -0.3959515575775649,
            -0.52830626641662,
            0.20437756668773496,
            -0.628200371106878,
            1.355756864758286,
            -0.04392859447174429,
            -0.5533001493751281,
            -0.43863185346598127,
            0.7888470001461854,
            0.615787137904385,
            0.7471411964561048,
            -1.260125275889708,
            -0.8679717110240596,
            -0.8531578967168084,
            0.5653847221352093,
            -0.7417554365664015,
            0.8151313499811259,
            0.37392276864281015,
            -1.15708063204458,
            -0.4982069405454283,
            -0.6261819727376635,
            1.6577680722323338,
            -0.5416169285491866,
            -0.6559851608724325,
            -0.7530325580082856,
            -1.7509433209081495,
            0.8625684028042692,
            -1.0142265671559814,
            -0.34225951096545365,
            -1.164664406029277,
            0.8179628438546459,
            -1.2590217127592294,
            0.6586655452787556,
            0.1209425532027795,
            0.5254273999384418,
            -1.0001870247296487,
            -0.5022278323721748,
            -0.4131557624175208
        ],
        [
            0.008636535835133661,
            1.3450355550903426,
            0.0,
            2.7832776435550137,
            0.6323157563301861,
            -0.147380347682867,
            -0.24568604419686152,
            0.4874524495356682,
            0.577219234677208,
            -1.688405709451092,
            -0.663074681605314,
            -0.9177750996034777,
            -0.7572299493496001,
            0.6022951381088222,
            1.757383366230253,
            2.369314512831197,
            -0.03787622951162173,
            1.3454403332583407,
            -0.3059135654482012,
            -0.0947224849798992,
            -1.323110677096035,
            0.27482162778314373,
            -1.2671702931286974,
            1.436017265545681,
            1.0349666958430208,
            0.787674968691185,
            -0.5549104835505787,
            0.5724042516035038,
            1.6189940803838665,
            -0.8243090698640642,
            -2.0188346782398483,
            0.32937217169590044,
            0.2356634585852925,
            -0.9923166066848536,
            0.9285458014161951,
            -0.16330843511531654,
            -0.10562073613878321,
            -1.7347603716556408,
            0.878552999092163,
            -1.1321128972997931,
            -1.2885803881155202,
            0.8544896722063404,
            0.685951591950791,
            0.06957067293903041,
            -1.3924552854455419,
            -0.3424826511142094,
            -0.8962341128676881,
            0.18236447841217904,
            1.5707261600628202,
            -0.21903588871649537,
            0.5386841942751791,
            -0.2530871786177755,
            0.5684860075437933,
            -0.05048515776491053,
            2.54381775674415,
            -0.3485121875686391,
            2.1265606893867237,
            1.5693746696851478,
            -0.736500885243399,
            1.056929827828397,
            -0.4918290656966589,
            -0.5198054270244475,
            1.4192055902929075,
            2.7989852063607024
        ],
        [
            -2.356409431590173,
            0.5761243085862114,
            2.7832776435550137,
            0.0,
            0.7325208353266511,
            -0.5261239497793029,
            -0.2576211451455304,
            -0.5715648275719222,
            0.7018236734477845,
            -0.7488782058467159,
            2.167779833459173,
            0.5338390808254947,
            -0.6537332532468222,
            -0.2819735113434855,
            -1.2445901914159954,
            -1.1714682052019176,
            0.7519105403936909,
            1.4541459414679172,
            1.056695158116835,
            -0.18935392126524894,
            -1.5833984167131885,
            0.8739271519486015,
            -0.6128661855726031,
            0.31096355648101925,
            0.7975324360714716,
            0.30876109813095404,
            0.743062983584852,
            0.15704950320580172,
            0.25323474914396665,
            1.0319099070138966,
            0.44123126600666546,
            -1.332333950596017,
            -2.701920919532055,
            -0.11410713732709718,
            0.2652367177927957,
            -0.026124261005867046,
            0.3560817081731573,
            0.013943081810140968,
            1.2343771457407162,
            0.6109337512424933,
            0.0727144828343509,
            -0.48861787191609063,
            2.0032160315298,
            1.843463115590109,
            0.9793482677333335,
            0.7305395839476798,
            -1.5375293361814273,
            -0.1569363627486029,
            -1.742654828686251,
            -0.2573042861553311,
            0.8799567357893805,
            0.35116393613474167,
            0.6238922570285016,
            -1.3634969817674358,
            -0.6648817251345273,
            0.6138171592248819,
            -0.6173444792047358,
            0.9508614250560489,
            -0.09460436463256319,
            0.7533069630839325,
            0.17086561266179415,
            -0.5006371719688231,
            0.7586613558361263,
            -2.640463653112337
        ],
        [
            -0.4253917851945022,
            -0.7354472517757881,
            0.6323157563301861,
            0.7325208353266511,
            0.0,
            -0.4748750074820311,
            0.9458597289278097,
            -0.6824508116823454,
            1.8883136826316116,
            -2.8619749991013514,
            0.5939406556319048,
            -1.894955833837743,
            -1.2129847178979873,
            -0.3164283457157216,
            -0.0666134135629828,
            0.06944389565133291,
            0.8535071659064777,
            0.46136187748603386,
            0.4045110662544069,
            -0.7772975915575832,
            0.8036909893286667,
            0.7361038775859692,
            -1.8812156983019057,
            -1.2008762708117822,
            -0.5016223146832712,
            0.16392114158077414,
            -1.7626228638386365,
            -0.21596045909635342,
            0.10045668568930004,
            -1.0808142187041814,
            -0.735522471542771,
            -0.9202394735249533,
            -0.059107164686597415,
            1.1276050321657614,
            0.053006238367102956,
            0.1603048657523862,
            -0.4570155964324008,
            0.0379221143720217,
            -0.7026197442502754,
            -1.323880856142015,
            0.6862523436148665,
            0.3863069942451472,
            0.43992827697032916,
            -0.41303578475887237,
            1.1236954990445578,
            -0.21555576974507015,
            0.7963103635340287,
            0.26912474742562587,
            -0.3689155381902152,
            0.09552017799956078,
            1.1600793285744997,
            -2.9835261368008106,
            0.5344232757153791,
            -1.02773325566243,
            -0.678709972430033,
            -0.739151724286749,
            -2.4272127250220104,
            0.892267886268617,
            -1.2897218733744256,
            -0.7773885113372978,
            -0.9872090230979075,
            -0.5040819009932481,
            0.5951354297838563,
            0.3019515765916235
        ],
        [
            0.7738303886771222,
            0.9215796118211139,
            -0.147380347682867,
            -0.5261239497793029,
            -0.4748750074820311,
            0.0,
            0.2177569448725629,
            -0.526157730590176,
            -0.3277481089617446,
            -1.4774063225671548,
            -0.753271134133432,
            2.5482782710600724,
            -1.7762558626112492,
            0.18740564538141566,
            -0.5914365261552905,
            -1.5264898907813942,
            -0.3306444196534772,
            1.3303490875479116,
            1.9452931569661784,
            -0.02299614413251893,
            0.1565805235070868,
            -2.250922184144496,
            -1.8330273150557654,
            -0.6417998224426822,
            0.3763613456072986,
            -1.228881495004563,
            0.7305522212413472,
            -0.017626843538559683,
            0.2848535999013954,
            -0.46719132435456734,
            0.5309752365617817,
            0.47419360756045215,
            0.6149804591482799,
            -0.1089995256258943,
            0.9346893593186605,
            -1.2533670331644122,
            -0.5503995594457413,
            -0.6795129501171533,
            -1.0507844012374727,
            0.949766423970355,
            -0.07038819977363525,
            0.7051190269874311,
            -1.5978120534538391,
            1.2568262985923155,
            1.5260706770451116,
            0.03476581622668074,
            0.7162120242259089,
            -2.0374096771288466,
            0.024585374865449785,
            -1.314837437509057,
            -1.6041858288807598,
            1.148883242837156,
            0.8467677238946232,
            -0.14273497031336552,
            0.6579731306083548,
            0.5535372112078065,
            0.15060927134500357,
            -0.18172960088036655,
            -0.27196031499131273,
            -0.31887521202868374,
            1.349980345300767,
            1.1509697719050294,
            -0.3276772189943767,
            -0.49795108860322523
        ],
        [
            1.76824259666106,
            -0.7092479026753064,
            -0.24568604419686152,
            -0.2576211451455304,
            0.9458597289278097,
            0.2177569448725629,
            0.0,
            -1.1269579352142014,
            2.069298990133167,
            1.093314148649933,
            -0.5993250641482302,
            0.5294644282760954,
            0.3629208918779962,
            -0.39793739306531767,
            1.322104681170728,
            0.6168826307222766,
            -0.8068185715434286,
            0.13157263514435208,
            -0.4530106882452226,
            -0.4618631618679217,
            -0.5255604669165409,
            0.35914506773274524,
            -0.3138843717420605,
            -1.7523957008445525,
            2.6086259202558004,
            0.1405563078234911,
            1.9826384758473268,
            -0.35091058542791276,
            1.5817168827981214,
            -0.8284884987806773,
            1.579098275967945,
            -0.47637381384937866,
            -0.09626393443785035,
            -0.27819782043632507,
            -2.4484040931935804,
            1.6929259203169549,
            -1.1488040343624006,
            0.633114048621716,
            -1.328208489040511,
            1.2194400422939335,
            1.2285603471598858,
            0.06725351347633181,
            0.9189269755176387,
            -1.0657970082106663,
            -0.06033200974629337,
            0.30027598228275276,
            0.4257476105702421,
            1.137718321438789,
            -0.17905347494670182,
            -0.5486472403250056,
            -1.1012695690469405,
            0.004492893436571463,
            -0.11437924260086493,
            -1.2730400410903056,
            -1.5639517904426974,
            -0.9816330793839847,
            0.8972167258245102,
            -0.9025559523982081,
            1.2540368819365997,
            -0.6087816244202867,
            1.3814333736687334,
            -0.6748371528713172,
            -0.78629668784033,
            -2.16302519409854
        ],
        [
            -0.15584413529463345,
            1.0796795524566651,
            0.4874524495356682,
            -0.5715648275719222,
            -0.6824508116823454,
            -0.526157730590176,
            -1.1269579352142014,
            0.0,
            1.4538665399777522,
            0.40636916952348084,
            -0.8475389690157111,
            0.06232343658494516,
            1.5907492387922941,
            -0.7676915113396853,
            0.9929001249016768,
            1.5165028141555335,
            0.9929455799115748,
            -1.9156834736360933,
            -1.0803042187014034,
            -0.8169120891788598,
            0.6220380362475347,
            -0.8144806313253448,
            -0.579021598142567,
            1.3195775732731296,
            -0.48727447773315996,
            1.0729279364900282,
            -0.840028392562515,
            -0.5689756813686953,
            -0.89646335853684,
            0.11924164391221209,
            -2.173550998189392,
            0.17103327407288257,
            -0.16205629073405944,
            0.0587599538207083,
            -1.3573593807881021,
            0.42170612612799635,
            0.8012652504289904,
            -0.2484860062156355,
            -0.6275339559356483,
            1.4956609859056031,
            -1.6492757016306474,
            0.5235456636718295,
            0.1764510199266995,
            -0.6289317670010574,
            -0.23284661745587393,
            0.8035911561957878,
            -0.7225524568547993,
            2.3436838362316643,
            0.17651922922124094,
            -0.35455739369830885,
            1.4178314557272833,
            0.29384482684649327,
            -1.2368601604093044,
            -0.9389849977620719,
            -0.5416923377618137,
            1.6506219458193183,
            -0.2087111688988454,
            -1.2023643155989825,
            -1.7771542137224123,
            -1.0049445461073725,
            -0.1843772615273173,
            -1.2210954957793987,
            0.1492503564308807,
            1.6889580149454653
        ],
        [
            1.4859256601627808,
            -1.4183649072427371,
            0.577219234677208,
            0.7018236734477845,
            1.8883136826316116,
            -0.3277481089617446,
            2.069298990133167,
            1.4538665399777522,
            0.0,
            -0.909539216734347,
            0.2394685904053156,
            1.509455022202207,
            -0.35488028424024415,
            0.4641096947865757,
            -1.0389399866217244,
            -0.4034638954322829,
            1.4685325840519678,
            0.42992917493582267,
            0.8905864061963671,
            -0.08982549037620481,
            1.118597736957671,
            0.14031415841221734,
            0.28817907246083485,
            0.8766446910455236,
            -0.7833810354582843,
            -1.1226010840956473,
            0.34389036960017016,
            3.294194698799573,
            -1.758436115820449,
            0.7262543674144422,
            -0.3465974116625255,
            0.44207494709364487,
            0.18871613115083216,
            -0.20118708212956005,
            1.05969050603391,
            -1.0221876706380681,
            -0.5700342596317056,
            2.370668096229237,
            -1.1161563301511763,
            -1.57127424626606,
            -0.4142839242833975,
            0.10659608222242618,
            0.3780996902899337,
            -0.6629595075085043,
            -0.5504749414662075,
            1.5017887506865168,
            -0.8204547674385457,
            -0.4767668773489521,
            -0.2964089432756896,
            1.6308516660132908,
            -0.9421335411706899,
            -1.1776749735483127,
            -0.8715843135735553,
            -0.16888925472751026,
            -1.0529467617622075,
            1.2469328009494112,
            -0.8633748841412254,
            0.16341305632122557,
            -1.9605434418951597,
            -0.5854953922688823,
            0.8057166775682268,
            0.6243022803475083,
            1.0050572865142477,
            1.374726957037779
        ],
        [
            0.3107433549194578,
            2.3212405435438996,
            -1.688405709451092,
            -0.7488782058467159,
            -2.8619749991013514,
            -1.4774063225671548,
            1.093314148649933,
            0.40636916952348084,
            -0.909539216734347,
            0.0,
            -0.2315103250441228,
            -1.1293497275434659,
            1.7653706823983846,
            0.3726503121450306,
            0.8220113125357499,
            1.0839114695921532,
            0.2841076376217981,
            -0.9808072190490786,
            -0.7630721198491908,
            -0.7658844875918861,
            1.6074903353748493,
            0.5242215475729992,
            0.3111587764815381,
            0.018023046422130623,
            0.5960106867552224,
            -1.224903115741833,
            1.0991994744784688,
            1.6249018110992226,
            0.1693281772312912,
            0.5420102778432588,
            0.5694713429120275,
            -1.1400517205452545,
            -1.3051498918815936,
            -0.7830918798788356,
            -1.3060250576157435,
            -1.70156548820006,
            -0.060053071453233874,
            1.5982235064451296,
            -0.985896798104708,
            -0.18315737489279907,
            -1.328998949584395,
            -0.24680347706466324,
            2.4365550344522786,
            -1.5373531614218734,
            0.6877268393677824,
            -0.7359009709404505,
            -0.6596041153591803,
            -1.3374453733077238,
            -2.8028105217677752,
            0.9127435536879965,
            -1.0316385205763283,
            0.981765522365231,
            0.9348490752979913,
            -0.3867627885985106,
            -0.7196219714281368,
            -2.2592181455469653,
            -1.8044125102903348,
            0.761859778990964,
            -1.5567803459484861,
            -2.0851450315889175,
            -1.569110893467681,
            0.30841733650274866,
            -1.366909634391429,
            -1.2851740507803893
        ],
        [
            0.7389158819848629,
            1.5387220302683293,
            -0.663074681605314,
            2.167779833459173,
            0.5939406556319048,
            -0.753271134133432,
            -0.5993250641482302,
            -0.8475389690157111,
            0.2394685904053156,
            -0.2315103250441228,
            0.0,
            1.7258475745888098,
            -1.5408487596831415,
            0.24190604891705866,
            -0.33177681930743336,
            -0.27038721912570657,
            2.282469124444184,
            -0.4362655225590834,
            1.8373004692085768,
            -1.1885401747437225,
            -0.44029420449842255,
            -0.03704772431053131,
            -0.48659799727087927,
            0.6491609707715588,
            0.6359489866132578,
            0.8288068403984956,
            0.749915872401976,
            0.14618588908345315,
            -0.2639264589961738,
            -0.16950100580146885,
            0.3163601541419732,
            0.5647887601495747,
            0.0828818691198882,
            0.021953852786638004,
            -0.6499867823699899,
            -0.8791696558781653,
            -0.49402806000391597,
            -0.40267835084878056,
            -1.570154556588884,
            -0.8072994080357335,
            1.540549377545623,
            0.6745255930685569,
            0.9304423246688351,
            -0.48012796651914874,
            -0.15268545215402074,
            0.20156747150320317,
            0.4213969705960537,
            0.5328583166548908,
            0.33493013808292366,
            -1.1866423669486155,
            1.4152998818816873,
            0.4476107723593378,
            -1.916172533346427,
            0.45798326077814533,
            -0.04037618943015442,
            -0.17305680271618085,
            -0.3523193972593116,
            -0.795520428316034,
            -1.2827546804168581,
            1.5271005543584593,
            -0.012113630311825434,
            -0.8532761827235547,
            0.6112105749391221,
            -1.8148356462940196
        ],
        [
            0.12099327663901095,
            2.0937625416008783,
            -0.9177750996034777,
            0.5338390808254947,
            -1.894955833837743,
            2.5482782710600724,
            0.5294644282760954,
            0.06232343658494516,
            1.509455022202207,
            -1.1293497275434659,
            1.7258475745888098,
            0.0,
            0.17912427345122198,
            -0.20655657195327237,
            1.0118211262006673,
            0.10901687407335069,
            0.2819423895304927,
            0.6928067989286326,
            -0.676472024452591,
            -1.121800690955636,
            -1.3628262445351684,
            0.3906729668208215,
            0.9851049640997797,
            0.7129104048165423,
            0.48846362288420414,
            -0.920576021685177,
            0.1294287661080956,
            0.06563352521271715,
            0.19167722788187047,
            -0.468393631209779,
            0.09004581818237956,
            1.130154664244112,
            1.6469788903463536,
            0.45577399822042347,
            0.1130540671126032,
            -1.3635674383913496,
            2.2503388665558446,
            1.3139975916105742,
            0.1664863419690568,
            -0.2992141758206792,
            2.499081165039453,
            1.8540952754301492,
            -0.4858912456018391,
            -2.0384220746448523,
            -0.905198754851314,
            1.1586101619898748,
            0.1322752428507824,
            1.607910646555235,
            -1.2037789851996086,
            0.5194858258482112,
            -0.7667840063213934,
            0.9104457323584078,
            0.25911802712502824,
            0.5392426879229094,
            0.66837518227197,
            -0.020209960018304492,
            -0.07647093756525618,
            0.9725145596583991,
            0.004597736424547715,
            -0.8189550820614062,
            0.30782350554991705,
            -1.233266725997829,
            -0.517026201844873,
            -0.32008028905293623
        ],
        [
            -1.5837294045826618,
            0.40855185016145934,
            -0.7572299493496001,
            -0.6537332532468222,
            -1.2129847178979873,
            -1.7762558626112492,
            0.3629208918779962,
            1.5907492387922941,
            -0.35488028424024415,
            1.7653706823983846,
            -1.5408487596831415,
            0.17912427345122198,
            0.0,
            1.4265788923801836,
            -1.2227388594761353,
            0.18937204885388845,
            0.11234867906329844,
            0.7734474030601609,
            -0.9495017847431639,
            0.12420376559469834,
            -0.1857713384330166,
            -1.4102388417714438,
            2.0539255669032577,
            -0.5662949592899978,
            0.978779340970887,
            -0.8184730861521812,
            1.792660294777922,
            0.9741846198795356,
            -1.2035383577730598,
            0.30695082900419807,
            0.54396000879764,
            -0.20702892274755336,
            -0.1618235518729281,
            -0.9202444410639685,
            0.265330893341769,
            0.6401147394729497,
            -0.9908692264083511,
            -0.014507408772583838,
            0.04506143215370643,
            -1.6598141808292672,
            -0.600335905921098,
            0.2231282298241155,
            -1.990584382003813,
            -1.3680955760724314,
            0.40978452951878963,
            1.1793758406172172,
            0.15766798205988217,
            0.6763074424164585,
            -0.8082125936254615,
            1.1262787584363017,
            -0.3074739446981375,
            -0.34473687749008114,
            0.35264313754636606,
            -1.5643215236133712,
            -1.3153889849782687,
            1.3543001541572584,
            0.7858173677687238,
            1.7667808998072114,
            1.2801088778768628,
            -0.5484173294808078,
            -0.9106141303432443,
            0.45765079593704444,
            -0.9796631722933343,
            -0.9521236259403797
        ],
        [
            -1.3173093091476087,
            -1.614606847774258,
            0.6022951381088222,
            -0.2819735113434855,
            -0.3164283457157216,
            0.18740564538141566,
            -0.39793739306531767,
            -0.7676915113396853,
            0.4641096947865757,
            0.3726503121450306,
            0.24190604891705866,
            -0.20655657195327237,
            1.4265788923801836,
            0.0,
            0.5919987020277974,
            -0.7662751634259974,
            0.020443119737854572,
            0.1626299733934708,
            -0.23693595728347203,
            0.638765177609062,
            0.2223103079867173,
            -0.044975637740847736,
            -1.2990642630020144,
            2.106274821717261,
            0.4086531860190421,
            -1.1502097860152636,
            0.3061779363702529,
            -0.6184340922102622,
            -0.16634823818792285,
            -1.2855616065779918,
            0.14243322961479352,
            0.9908205773184438,
            0.36582067987297395,
            -0.11179024483491906,
            0.36130503613414017,
            -0.7108990059745731,
            -1.0961803891682742,
            -0.34671903037514046,
            -0.6785172502661742,
            0.8612206643654191,
            0.3424552297994655,
            -1.6313887484670742,
            -2.3834621654930155,
            -0.48388218280146067,
            -0.20991724313159119,
            0.0445506073636572,
            1.824866336531947,
            1.011369311894175,
            0.5561728688225617,
            -0.16159622620325567,
            -0.22981441409818304,
            1.3902330440715438,
            -0.9485618237382806,
            -0.45322535348701054,
            -1.1845250124674238,
            0.051895482478667064,
            0.8037380787724875,
            -0.011927815475295448,
            -0.3848152657528899,
            -0.8886557468424154,
            -0.45886633226262397,
            1.3770170793993788,
            0.6597449337478132,
            -0.44577762993392855
        ],
        [
            -0.1844779425484974,
            0.5081794332067823,
            1.757383366230253,
            -1.2445901914159954,
            -0.0666134135629828,
            -0.5914365261552905,
            1.322104681170728,
            0.9929001249016768,
            -1.0389399866217244,
            0.8220113125357499,
            -0.33177681930743336,
            1.0118211262006673,
            -1.2227388594761353,
            0.5919987020277974,
            0.0,
            -0.03390846689717817,
            -0.08071757917669486,
            0.10921732990506221,
            0.5697729477817459,
            1.2035749642718458,
            2.4267924240556673,
            0.1429820771625255,
            0.7278591298668157,
            -1.8715402981329445,
            1.3554813922660915,
            -0.459741842836649,
            0.06385336990294861,
            -0.2783088121158391,
            0.12588219420847635,
            -1.3090198452933575,
            -0.4624437501325502,
            -0.5744941293348957,
            1.8387264001422896,
            0.5654760458449993,
            2.114201811835929,
            0.5377893789600102,
            -1.0522795008477146,
            -1.3541698749660396,
            -1.406824246490758,
            -0.9081470197396623,
            0.5697368919708892,
            0.41346498743111687,
            0.697555057634778,
            -0.8761481381946669,
            0.5364757218997445,
            0.03989549613731241,
            0.9745845468021997,
            0.652028517589091,
            -1.322895116968328,
            0.49826182020922244,
            -1.7579554693679131,
            2.8082784688963924,
            -0.1674239519315532,
            -1.5510296571593187,
            0.9038406993621553,
            -0.08181357538449217,
            -0.20125162625754234,
            0.2992170408778948,
            0.2672521427502253,
            1.1787842321149118,
            -0.7954641184687794,
            -0.31877920834450363,
            1.134485200196547,
            0.814049725421119
        ],
        [
            -0.8386934696138921,
            1.010641064821291,
            2.369314512831197,
            -1.1714682052019176,
            0.06944389565133291,
            -1.5264898907813942,
            0.6168826307222766,
            1.5165028141555335,
            -0.4034638954322829,
            1.0839114695921532,
            -0.27038721912570657,
            0.10901687407335069,
            0.18937204885388845,
            -0.7662751634259974,
            -0.03390846689717817,
            0.0,
            -0.16315672961247152,
            -1.3226365578690285,
            -1.3396762063910916,
            0.8339592308413073,
            -0.9474086576839931,
            -0.22076453662614615,
            -1.0439937628347848,
            -1.716123264091334,
            0.17869049852896798,
            -0.2875554480715239,
            -0.6202581642024293,
            1.5925806037949601,
            -0.6197334826163237,
            -0.5870374568633644,
            1.5895152374363726,
            -1.1880762765662,
            0.4157878487913859,
            1.169939294388554,
            1.3981784737776768,
            0.2820413866462802,
            -0.8640378826612167,
            -1.4051266666045792,
            0.9680607245934794,
            -0.4475983874294951,
            -0.23427457033875038,
            -0.7505116302973935,
            -0.9262446923521814,
            0.5020583056316258,
            0.461868660471228,
            -1.1300304362076699,
            0.9202279368042741,
            -0.02459456053862018,
            -2.8891687220525,
            -1.275723156278401,
            0.3577925911028519,
            -0.9439232997195063,
            -1.9884124791377245,
            -0.43279865759228225,
            1.2247606303236345,
            0.6132288303965706,
            1.05436319967794,
            -0.29007454306513786,
            -2.2276472927817523,
            -1.3108349775029655,
            -0.08251675092073178,
            -0.5303144553405339,
            -0.21923850993721636,
            0.011565777496792143
        ],
        [
            -0.2809561430928464,
            -0.28794111957327706,
            -0.03787622951162173,
            0.7519105403936909,
            0.8535071659064777,
            -0.3306444196534772,
            -0.8068185715434286,
            0.9929455799115748,
            1.4685325840519678,
            0.2841076376217981,
            2.282469124444184,
            0.2819423895304927,
            0.11234867906329844,
            0.020443119737854572,
            -0.08071757917669486,
            -0.16315672961247152,
            0.0,
            -0.35321560362734755,
            -1.3559976320147253,
            -0.8397528155054556,
            0.233325204708633,
            -1.7576442882358816,
            0.5071517278366964,
            -1.1133334059623312,
            1.1187143746323707,
            -1.4509171515862693,
            -0.3971579489236866,
            -0.14588470302628084,
            0.4807765886167997,
            -1.2434823166676325,
            -0.23146841860224068,
            0.1876007285007459,
            1.0050846579744803,
            1.2169669173526938,
            0.06033097881270551,
            0.6278575531592553,
            1.3323483405882404,
            -0.6511561528963874,
            0.48442366257586844,
            0.07884824620542834,
            1.1788725698506306,
            -1.1992963787968616,
            -1.453620316011443,
            -0.9719616476673769,
            -0.7638830029639077,
            0.7078866977659761,
            0.35015816984898784,
            0.7799809154504764,
            0.876563827540807,
            0.8037157386312758,
            1.381934777971667,
            -0.2684845099261886,
            -0.4883545317555771,
            -0.5393134310212433,
            0.262742963410766,
            -0.018445478992782854,
            -0.12375602615529017,
            -0.22704222203667607,
            -0.6275087354175556,
            0.8547939040319029,
            -0.9659316715014866,
            0.5224404626750164,
            -0.20315439575267616,
            0.29558880923732467
        ],
        [
            0.37041678251340987,
            0.9672040246820804,
            1.3454403332583407,
            1.4541459414679172,
            0.46136187748603386,
            1.3303490875479116,
            0.13157263514435208,
            -1.9156834736360933,
            0.42992917493582267,
            -0.9808072190490786,
            -0.4362655225590834,
            0.6928067989286326,
            0.7734474030601609,
            0.1626299733934708,
            0.10921732990506221,
            -1.3226365578690285,
            -0.35321560362734755,
            0.0,
            1.5365008619193044,
            -0.39304193711571195,
            -0.6278263685937868,
            -0.6292423235736521,
            0.5244177488598146,
            1.4096343142690206,
            -0.7769952737853627,
            2.272541855099948,
            0.019285759705061765,
            1.0633082480253675,
            -0.45103510585867124,
            2.0319096806387553,
            -1.7052673953613924,
            1.1281320930331573,
            -0.17280307739921724,
            -0.9497742522221334,
            0.08795411749941619,
            -0.7819248904427933,
            -1.4924012056412734,
            0.3794993947864962,
            0.6069337029140534,
            -0.6189647186662982,
            -0.001039798182912082,
            -0.7907216885984889,
            0.2839591475953997,
            0.7891187287270773,
            0.1733361785137876,
            -0.14140902035649514,
            0.5322462922150463,
            -0.9304401589050455,
            0.4436182943228864,
            -0.280057534723146,
            0.39126680757799537,
            0.15854581085822173,
            -0.7062191802340961,
            0.6813648347309024,
            0.3326563162285613,
            0.9546080959610613,
            -0.8227531866833545,
            -2.4173734501088053,
            -0.6974275446607466,
            0.2903321124730148,
            0.3868309140289829,
            0.11143776257033945,
            -1.4077155061990758,
            -0.8465982494221215
        ],
        [
            -0.7881811093598501,
            0.6018410123931123,
            -0.3059135654482012,
            1.056695158116835,
            0.4045110662544069,
            1.9452931569661784,
