{
    "N": 64,
    "id": "bdac9a58-0467-49f9-977f-7c99838ac490",
    "problem_type": "SK Spin-Glass",
    "distribution": "gaussian",
    "spins": [
        -1,
        -1,
        1,
        1,
        1,
        1,
        -1,
        1,
        1,
        1,
        -1,
        -1,
        -1,
        -1,
        1,
        1,
        -1,
        1,
        1,
        -1,
        -1,
        1,
        -1,
        1,
        -1,
        -1,
        1,
        1,
        1,
        -1,
        -1,
        1,
        -1,
        -1,
        -1,
        -1,
        1,
        -1,
        1,
        -1,
        1,
        1,
        1,
        1,
        -1,
        -1,
        1,
        -1,
        1,
        -1,
        1,
        -1,
        -1,
        1,
        -1,
        -1,
        -1,
        -1,
        -1,
        1,
        -1,
        -1,
        1,
        1
    ],
    "couplings": [
        [
            0.0,
            2.1579888737130335,
            -0.963966078806177,
            0.048144819352283666,
            0.2517063770358554,
            0.36865631624851075,
            0.2528454906148766,
            0.022789252006525946,
            0.2836732865819093,
            2.0416165032523645,
            2.2764179802043936,
            0.19080125216624017,
            -0.8806792679745106,
            0.4672155727682868,
            -1.0312759707631685,
            -0.2146162278639325,
            -0.04355999782369574,
            0.9144102121193003,
            0.513186191673176,
            -1.1459808270260081,
            1.4571577954856143,
            -0.7597051844513486,
            0.06665972812643349,
            -0.267263783832248,
            -0.7599349483499686,
            0.334450934735376,
            -1.1177716912046678,
            1.146267052657861,
            -0.3234238755554179,
            -0.2738875258465516,
            2.210984819597962,
            1.0364876273142327,
            -1.4987405234822881,
            0.026883711549183575,
            -0.2713842413594323,
            -0.23352832467280046,
            0.01557400471750583,
            0.5056696374876193,
            -0.8509275200991132,
            0.4243319554660164,
            0.8559345172478645,
            0.16424888696353718,
            -1.3269020763705888,
            0.8750175165469863,
            -0.025452452288126367,
            0.2725962580447953,
            0.296361683116119,
            1.3888150915422264,
            0.030829753368992203,
            -1.1413610336783195,
            -1.0285668008429918,
            1.3410040305848159,
            1.5472466008590273,
            -0.3720345316714315,
            0.017414165357518836,
            0.11907264996019336,
            0.11989243571583655,
            -1.5125724752161398,
            1.3002666716491555,
            0.5713008746749525,
            0.08132216549192178,
            -0.14298539868248653,
            -0.2269498279488308,
            0.641836125824841
        ],
        [
            2.1579888737130335,
            0.0,
            0.6595019542434722,
            0.7289639784653231,
            1.1041546404139433,
            0.17893085527530517,
            0.9608910339578205,
            0.9881990381459794,
            0.0504210841257408,
            -1.7599781456971055,
            -1.8400968144985677,
            -0.38055119606263754,
            0.40317811227495887,
            0.2818819044161396,
            1.5422951588738734,
            -0.2364041828842963,
            -1.1229560668716512,
            0.3864555070972782,
            1.374326364950117,
            1.9856294347199293,
            -0.09458618453463452,
            0.17995668933960668,
            0.26233190765748754,
            0.2785367553765275,
            1.2666951411422538,
            -0.0964098952559172,
            0.46220808277224634,
            0.6724256183645475,
            1.1048102033728868,
            -0.06984574287361005,
            -0.3078076313523091,
            -0.4284729527089016,
            -0.177959825440823,
            -0.002800679461928236,
            0.448528251947541,
            -0.29095935273726853,
            -0.027421236825166766,
            -0.6465153554944425,
            0.6322408785310636,
            0.2284670516413017,
            -0.4559698310322466,
            1.4388949223740084,
            -0.5391429313129177,
            1.7609537508615465,
            -1.8852260518012518,
            -0.7555509388669042,
            0.3422882686942297,
            -0.4444450724539075,
            0.04872693841545451,
            -1.185593385685539,
            2.0176428454419697,
            0.44233388077019303,
            0.5005270100376045,
            -0.06634196310711404,
            -0.3042844800880322,
            1.9045515539165052,
            -1.7506027648022515,
            0.6576470756561043,
            -0.15660054920675812,
            -0.0922682049233018,
            -1.0725887589495628,
            -0.4674730776926633,
            0.11856233024245998,
            1.3393114116832594
        ],
        [
            -0.963966078806177,
            0.6595019542434722,
            0.0,
            1.0803177132259376,
            0.7173233466175813,
            1.0206443921303492,
            1.934391840903497,
            1.26509143415374,
            0.6814495409168078,
            0.805707117297754,
            1.7502623846643406,
            1.2729775425790584,
            -0.2190959479955219,
            -0.05405535821757024,
            0.9558598664967682,
            -0.27652096740014914,
            0.9993666704621121,
            1.2046619955828677,
            -0.30299370881988663,
            -0.66281416294802,
            -0.31566217874693364,
            0.7284472416620513,
            -0.66371881227247,
            -1.1120512184105114,
            -1.8035128910247409,
            -0.15239360309316366,
            -0.12404240588304757,
            -0.8963065699429008,
            0.6159479275188298,
            -0.606948743979709,
            0.9567262345252835,
            -0.5287528811734608,
            0.48121088879654894,
            0.030619639629768037,
            -0.7241589671129887,
            -0.2854133610549007,
            0.295253799338845,
            1.3766589004346457,
            1.8643915244213953,
            0.35165911945681094,
            -0.17042229958190172,
            1.3621480956102583,
            1.0743339556926876,
            -0.6624924833372534,
            -0.39666010362681325,
            1.896723464277013,
            0.6985265926505491,
            0.4995349112876297,
            -0.09029717629286586,
            1.2606529603868482,
            -2.3578768437119533,
            0.04212905749431633,
            0.2988582514874115,
            -0.5008819910694925,
            1.2670331675976583,
            -1.7753262839005894,
            -0.423148645042904,
            0.394395603487926,
            -1.0330681351023443,
            0.2515485287953171,
            -0.5019134702162058,
            0.39956157837809303,
            2.52419282521977,
            0.5486467440969507
        ],
        [
            0.048144819352283666,
            0.7289639784653231,
            1.0803177132259376,
            0.0,
            -0.12124220094806563,
            1.996503406050719,
            -0.19426097814734483,
            -1.5719533132564454,
            -0.19500687668777342,
            -0.17363277281296377,
            -2.1317414016015506,
            -2.1784966388116658,
            -0.13869837377800798,
            0.48115785847243164,
            -2.2278410895091,
            -1.0708654254328187,
            0.42063795811260174,
            -0.6061107741605017,
            0.1339594299347319,
            2.131209521056163,
            -0.5546733379634929,
            -0.2049806545473806,
            -0.273821401326709,
            -0.4858672273560549,
            -0.25602676659306195,
            0.08215482846327071,
            -0.7230091111782686,
            0.04309199138562988,
            -1.421397745613111,
            -0.6475164719581502,
            -0.7017628565731707,
            -0.39653089251242946,
            1.4719658815513195,
            0.6102012941192255,
            -0.537238083137727,
            -0.7656781225481545,
            2.034539787547755,
            -1.104644949214408,
            -1.2303962752446458,
            -1.751971655567972,
            0.04086596300610216,
            -1.2487567253855405,
            -1.0021510711229074,
            1.4860384273994898,
            0.717603621202342,
            -0.05479193060596816,
            -2.60004427958654,
            1.1464077242907322,
            0.47273348493264655,
            0.5602244413579127,
            -0.3975942005462256,
            -0.15028011700421287,
            -0.06760953691007078,
            3.4239423880875166,
            0.5845577256603016,
            -0.0734373648287265,
            1.4456456878506354,
            -0.014022225839391523,
            0.5899417272965418,
            0.47791732494946015,
            0.9060493751346416,
            0.4301924907486465,
            0.006810873181237205,
            0.08419135715587847
        ],
        [
            0.2517063770358554,
            1.1041546404139433,
            0.7173233466175813,
            -0.12124220094806563,
            0.0,
            -1.9550210916295285,
            -0.2215199760212981,
            0.8508127847792255,
            -0.2952388607497053,
            0.6748829621323892,
            -0.924966759413075,
            0.24014597928704318,
            -0.17146685849447071,
            1.0634196278463268,
            0.06262986767511884,
            -1.0196763851722215,
            1.0752545074619533,
            -0.5181454415080772,
            0.7622829709493337,
            -0.018630523259646523,
            -0.9710733598584286,
            -0.1362200360238088,
            -1.1307057494126032,
            -1.1699987645628915,
            0.6989273752915011,
            0.6962610203326367,
            1.2902971591585677,
            -0.43818580281315284,
            -0.7603790614236188,
            -0.9799025086359667,
            0.9067562504477302,
            0.16828692409944387,
            -0.27822059988568243,
            0.8407614008630925,
            -0.1574767692933701,
            -0.4791037200459,
            0.6171817263085151,
            -0.3445982145892743,
            1.6145041231009298,
            -1.467630433491148,
            -0.6706226694352977,
            -0.7925718853808749,
            -1.3728361580081179,
            -0.7741587717706448,
            -1.4886090638971663,
            0.18125194803562497,
            0.17495376068429122,
            1.0378863313946594,
            0.7939221697880655,
            1.6916322974951319,
            0.16372499567087992,
            -1.0431212857279957,
            0.6627251269248706,
            0.5967602572876949,
            -0.92058433544977,
            -1.3257849126678272,
            0.20202041943251364,
            1.0693272718847662,
            -1.04401411062524,
            -1.7325125808927107,
            -1.7910616321561708,
            0.04899831038135594,
            0.6950701499518408,
            0.3664194257985222
        ],
        [
            0.36865631624851075,
            0.17893085527530517,
            1.0206443921303492,
            1.996503406050719,
            -1.9550210916295285,
            0.0,
            0.19878824708889456,
            -1.2645404499764874,
            -0.605156185357383,
            0.13126871861767525,
            -0.5937165623085322,
            -1.1604437499488707,
            1.0784290891125068,
            -0.029743937108131557,
            0.4795180667436811,
            1.915578927386774,
            -0.0063017265911278165,
            -0.3925769241956207,
            -0.04776561400040868,
            0.3758541399082462,
            -1.4444818647317,
            -0.969106983718574,
            -0.6237221217596886,
            -1.7232544955679698,
            -0.8013506572083876,
            1.3979531338521176,
            -0.021090419203266274,
            0.8016448293874803,
            0.7165389881911399,
            -1.0559790428849407,
            -0.5477902245348565,
            -0.017000470699902168,
            -1.542981445100645,
            -0.7358400804453039,
            -0.8320118539061896,
            -0.12628421665112607,
            0.4711501337191464,
            -1.594561963207089,
            -1.9359358916031486,
            0.36211263052640896,
            -0.5486230975397118,
            0.04573155514872779,
            0.5488291384915707,
            0.2655496880194794,
            -1.1058706725177738,
            -0.39742169191684995,
            0.7385304460985783,
            0.1839031087566185,
            1.0503466163532427,
            -0.4285721612808865,
            -0.5006896821014958,
            2.231807872513432,
            1.3242520922990746,
            -0.10299808350715768,
            -1.2871144155796648,
            1.3053896200077997,
            -0.497520867308966,
            -0.4826733421096484,
            0.7192626325715195,
            -0.4671534201753033,
            0.07405016176081279,
            -0.5616780662302145,
            -0.9539802095254559,
            1.5395190304091606
        ],
        [
            0.2528454906148766,
            0.9608910339578205,
            1.934391840903497,
            -0.19426097814734483,
            -0.2215199760212981,
            0.19878824708889456,
            0.0,
            0.2381629488282939,
            0.1436301142204947,
            0.3448363976024249,
            -3.9119969414186846,
            1.5139071335645267,
            -0.14668384395314804,
            -0.5841574760841765,
            -0.27587840004097713,
            0.5553956966969021,
            -1.2901019040491035,
            -0.2309246359498205,
            -0.7781011839677738,
            -0.2414123030148965,
            -0.5519385249636609,
            -0.39021623791039944,
            -1.966255758271084,
            0.7289209290009465,
            -2.2981464100830604,
            0.20338906064115134,
            -0.2573078543592426,
            -1.5667263364720931,
            0.6163721766518092,
            0.4951687039308942,
            0.31414958248556535,
            1.7116412657646738,
            1.214245620582028,
            2.545638981827348,
            -0.15328278016073546,
            0.16976494123714403,
            -1.9808515163945406,
            0.8366411863871598,
            0.30051418613086156,
            -0.9096652884763058,
            -0.7930345192742766,
            -0.31383223583721,
            1.0610761870552439,
            0.18635047384359518,
            -0.21763505329045618,
            -0.09240353555303067,
            1.0875974880600503,
            -0.9743904585426072,
            -0.6746365585295401,
            -0.03479435915880052,
            -0.5478930707482981,
            -1.009980129091772,
            -1.161870525173815,
            0.23202037764119543,
            0.0713495686203287,
            1.1692791580140256,
            -0.8113437756802511,
            2.1161936406121717,
            0.19228803630419528,
            -0.7663748121685541,
            3.2616074906731565,
            0.4611546006187782,
            -0.4313927415008348,
            1.0149900596207186
        ],
        [
            0.022789252006525946,
            0.9881990381459794,
            1.26509143415374,
            -1.5719533132564454,
            0.8508127847792255,
            -1.2645404499764874,
            0.2381629488282939,
            0.0,
            0.009605786043726087,
            -0.672231657727727,
            0.21761456647292507,
            0.1692729850404388,
            1.4470701414739182,
            -0.7373126748143797,
            0.5124727623990765,
            0.36750702483927455,
            1.0332997632300773,
            0.41810317361090843,
            0.30051706031862996,
            -2.1682370275459664,
            0.6982331552744425,
            -1.3686464574402393,
            0.550177322039279,
            0.44969220692633277,
            1.2609455210751748,
            2.158872885807434,
            0.3615767173752141,
            -0.6881523557125223,
            1.819912057814749,
            0.9319256407360395,
            0.5704039871893537,
            0.2740750419276607,
            -0.5108117861468549,
            0.8093274723677746,
            -0.5574887251474194,
            1.069735420562198,
            -0.20986771533483053,
            0.020197845702533135,
            0.6017742498690789,
            1.3048334322181658,
            0.1795218527916933,
            -0.647456244416275,
            -0.38422948750975827,
            0.15025452486754887,
            -1.0044949294221819,
            -1.2590543231858584,
            -0.0749198437264713,
            1.0916197874974818,
            -0.7155709286743648,
            1.8869914432538581,
            0.06411967612066424,
            -1.5340952419122251,
            -0.07463842967676078,
            -1.1199323889872148,
            0.925170816390699,
            0.8533103079744072,
            -0.23245002494158054,
            0.5590183581198525,
            1.267727311577197,
            -0.8613435186695017,
            -1.4635914730031425,
            0.11384065481016384,
            -0.322430747936911,
            1.8957467151773346
        ],
        [
            0.2836732865819093,
            0.0504210841257408,
            0.6814495409168078,
            -0.19500687668777342,
            -0.2952388607497053,
            -0.605156185357383,
            0.1436301142204947,
            0.009605786043726087,
            0.0,
            1.26243512363321,
            -0.589181255606512,
            -0.9212913382876978,
            -0.7713681183725276,
            -0.2278161908105838,
            1.0021205242261424,
            0.021237932142305,
            0.6103430055231641,
            -0.8382126968122022,
            0.04717767060393348,
            0.6594498870564511,
            2.1591318430555075,
            -1.3353785869423869,
            0.08110108625105514,
            -0.7088434905425288,
            0.254134270093201,
            -0.7408315847606567,
            -1.1484975334724326,
            0.2653197104336995,
            -0.09477984044084728,
            0.06262022052557052,
            2.3989756989619972,
            0.5029763208194543,
            -0.24433582973576692,
            2.173397802908828,
            0.6521143103078235,
            2.7014905062378562,
            0.3063918122534814,
            1.0210536126355458,
            -0.8883122790343998,
            0.989252405780301,
            -0.35873179919269466,
            -1.3256713371797144,
            0.37090740772285175,
            -1.223594163639611,
            -0.19720585065254387,
            -0.8446450914753914,
            1.1455465947154602,
            0.921671832630059,
            0.4532247531484774,
            0.23518472394294096,
            1.53099191675803,
            0.9089818413322968,
            0.034826673358123346,
            0.12430948365721571,
            -0.7712056525717504,
            1.0860366577956004,
            0.9558428160438308,
            0.8570363074002607,
            -0.5738937637073811,
            1.6894173381286972,
            0.30493036292544995,
            0.4092037562057097,
            -1.046179844100625,
            0.350332826822174
        ],
        [
            2.0416165032523645,
            -1.7599781456971055,
            0.805707117297754,
            -0.17363277281296377,
            0.6748829621323892,
            0.13126871861767525,
            0.3448363976024249,
            -0.672231657727727,
            1.26243512363321,
            0.0,
            -0.2680554997627959,
            -0.08773349544898273,
            -0.35217654304758583,
            -0.240837763102462,
            -0.470516405133798,
            0.7909812133008611,
            -2.278841083884829,
            -0.8690937652098476,
            -0.5105519825065044,
            0.6057169545693443,
            2.873218956830448,
            0.0808825721088067,
            1.6726641913929159,
            -0.3967805939694198,
            0.49402515537620034,
            -1.1669074101136758,
            -1.2350507434603681,
            1.4732198854700018,
            0.1784272269683662,
            -1.717921913990542,
            0.0024571889489706142,
            0.8566564764764908,
            0.16110824091874046,
            0.010768703409430784,
            -0.6996378372952334,
            -0.7780135115993282,
            -0.30506479264287173,
            -0.016463808120353005,
            -0.7351279821032715,
            -0.029357919238735816,
            0.4171354756425768,
            0.8842895449928054,
            -0.03293381859624739,
            1.8787085525762088,
            0.5786345943803923,
            0.58791685373857,
            1.8990830895330943,
            1.012868901167242,
            1.2244238248417592,
            0.2148160446304974,
            0.4351403557754453,
            0.8456182908802969,
            1.228695476365683,
            -0.9894987752786525,
            -1.111328288621051,
            -0.7943564277729418,
            0.13988817585939714,
            -0.8313771158239374,
            -1.7163242383069237,
            1.4365232096402638,
            0.19439640742153036,
            0.3662606090434921,
            0.30429748686963554,
            0.44577544173995487
        ],
        [
            2.2764179802043936,
            -1.8400968144985677,
            1.7502623846643406,
            -2.1317414016015506,
            -0.924966759413075,
            -0.5937165623085322,
            -3.9119969414186846,
            0.21761456647292507,
            -0.589181255606512,
            -0.2680554997627959,
            0.0,
            1.4804597490679081,
            -0.18592021226018804,
            0.4151095040527776,
            1.473748996623804,
            -1.5276130741856242,
            -0.4212442884841336,
            1.5410840688924716,
            0.5211702645527762,
            0.22736205961098277,
            -1.5328502949145015,
            -0.26133522093861433,
            -0.015224275316735626,
            0.48718698948522504,
            -0.618628125018253,
            2.757034901677024,
            -0.9378826243584134,
            1.1265976867248393,
            0.8297159867891554,
            -0.1996627454374629,
            -0.6204163096752723,
            0.0753305513865166,
            -0.24118232249648736,
            -0.12678350305683778,
            0.04899163030620787,
            -1.2840817366909847,
            0.47420642283080816,
            -1.6029962087708018,
            -1.9967921919513327,
            -1.0109926159417548,
            0.8505141878143881,
            1.0483121866449727,
            0.34998159179461613,
            1.1199207212474187,
            1.034284227922628,
            -0.5914272079826313,
            0.4905380890541221,
            1.7886050038237018,
            -0.28178086182558576,
            1.912380564982376,
            0.050894019894319305,
            -1.217585332483049,
            -1.0703133210824847,
            -0.8495685014596349,
            1.7580802185112097,
            0.4795417347594025,
            -0.9436155412819437,
            0.44878657349185114,
            0.7154766737429352,
            1.6294102819981922,
            -0.04568561177801597,
            -0.2734097327470193,
            0.23633654386051478,
            -0.12461664008780841
        ],
        [
            0.19080125216624017,
            -0.38055119606263754,
            1.2729775425790584,
            -2.1784966388116658,
            0.24014597928704318,
            -1.1604437499488707,
            1.5139071335645267,
            0.1692729850404388,
            -0.9212913382876978,
            -0.08773349544898273,
            1.4804597490679081,
            0.0,
            0.042273541442414596,
            0.41342132611336924,
            -0.22664055961474497,
            0.06374841782424585,
            3.269110486251136,
            0.11239349468036386,
            -0.37589783115690384,
            0.404129460453997,
            -1.4596658484799439,
            -0.36712239408484637,
            -0.5119673472025223,
            0.397303488267245,
            0.1584849481359184,
            2.131179102566758,
            0.7606788028492747,
            -0.5997311222543943,
            -0.8032961129583776,
            -0.06118162512216663,
            0.18782396632436554,
            -0.2600131133331892,
            -1.0533721350643117,
            2.70101061609899,
            0.5029207672186743,
            0.872724441268321,
            -1.1559022300519635,
            -0.2803056067217251,
            -0.22631379804674656,
            0.08623973425092951,
            -0.25340654808883845,
            0.45211189412758845,
            -0.31227238998044377,
            -0.6548120435611978,
            -1.2539936546910138,
            -1.429273462458792,
            -1.6625015647420274,
            1.2993537240900324,
            0.47248862065355657,
            1.08633637192428,
            0.8964827706274501,
            1.6262432397663298,
            0.05930845044794167,
            0.4361250380409794,
            -0.18045764736761907,
            -0.09417610167262863,
            0.7085031620212145,
            0.08179772865072556,
            -1.4565550180342928,
            -0.3394410230828027,
            0.2884532239296136,
            -1.640960380447675,
            -0.060436393296069826,
            0.6268572448553112
        ],
        [
            -0.8806792679745106,
            0.40317811227495887,
            -0.2190959479955219,
            -0.13869837377800798,
            -0.17146685849447071,
            1.0784290891125068,
            -0.14668384395314804,
            1.4470701414739182,
            -0.7713681183725276,
            -0.35217654304758583,
            -0.18592021226018804,
            0.042273541442414596,
            0.0,
            -0.4758586054125619,
            1.1788136950409016,
            -1.5838779296133536,
            0.892643767383348,
            -1.0621027572751867,
            -0.9284683582448323,
            0.17797891585479328,
            -0.23535402058561733,
            0.8822615771135999,
            1.1242385453177695,
            0.5327281400045458,
            -0.5062057914528918,
            -0.12648551108648343,
            -0.3462515145656025,
            -0.848654826627862,
            0.10886573824052907,
            1.3790086574904392,
            0.7456919717760159,
            0.4793448230446534,
            -1.2302172379098975,
            -0.656922895580641,
            0.20047748544442032,
            1.219776866556451,
            -0.9574892088379491,
            1.2982380628706858,
            1.092779520809492,
            0.14924223519347163,
            0.7331636915173707,
            -0.370854473326945,
            1.1652086528081604,
            -0.6202711060823095,
            -0.43428943619429894,
            0.5831053627422266,
            0.5443710323442198,
            -0.6630548658989834,
            0.3292903554028269,
            -0.17993796277268695,
            1.5211644763601366,
            -1.150634363130555,
            0.7573040296850105,
            0.21343882141765047,
            -1.3636630957541203,
            0.17027173101201382,
            -1.9905678173181924,
            -1.253553375793372,
            -0.9012804478699988,
            -0.923229470244222,
            1.9212277863579181,
            0.25350763451425784,
            0.616164973100435,
            1.5957316441227247
        ],
        [
            0.4672155727682868,
            0.2818819044161396,
            -0.05405535821757024,
            0.48115785847243164,
            1.0634196278463268,
            -0.029743937108131557,
            -0.5841574760841765,
            -0.7373126748143797,
            -0.2278161908105838,
            -0.240837763102462,
            0.4151095040527776,
            0.41342132611336924,
            -0.4758586054125619,
            0.0,
            0.5808644109547599,
            1.8777106123203307,
            0.4174414468322597,
            0.6621530897694674,
            -0.2721070080745997,
            0.8134298719973311,
            0.5284194996574499,
            0.43640791732268414,
            -0.19795613612329627,
            -0.7243984067060641,
            0.09877824018481972,
            -0.04952327151177891,
            0.5841933144580149,
            0.44669580025623146,
            0.4731763114897636,
            1.2258493516985653,
            -1.8972078266529266,
            -0.6484510645240429,
            -0.8066212851955297,
            -0.7466832245427839,
            0.47915556154399663,
            -0.6403455992496783,
            -0.4522101207279501,
            -0.07436383448390954,
            -0.995229554562879,
            -1.6938240161172418,
            0.001117967378151391,
            2.1588590879480636,
            0.9904311163071297,
            -0.8543891475197783,
            -0.9711141218884048,
            1.6160049293767067,
            -1.1469776109763712,
            -0.1548759499719907,
            1.9582648616384908,
            0.13340278707817044,
            1.6200695646949739,
            1.0095689098298408,
            0.22253930922442133,
            0.11158461055169064,
            0.6778481256427578,
            0.07161293056726323,
            -0.7196207542473946,
            1.165161015273318,
            -0.011749806858795122,
            -1.5262238169061004,
            -0.02607023138526816,
            0.949646862359157,
            1.12192466770621,
            1.02286314373673
        ],
        [
            -1.0312759707631685,
            1.5422951588738734,
            0.9558598664967682,
            -2.2278410895091,
            0.06262986767511884,
            0.4795180667436811,
            -0.27587840004097713,
            0.5124727623990765,
            1.0021205242261424,
            -0.470516405133798,
            1.473748996623804,
            -0.22664055961474497,
            1.1788136950409016,
            0.5808644109547599,
            0.0,
            0.9197489431239704,
            -1.1012567794344785,
            0.212908011312594,
            0.4871341713066744,
            -0.3237985001065941,
            1.2953347480795836,
            -1.5171987434846703,
            0.11538090361048971,
            2.1779748380730117,
            0.7766793230308909,
            -1.3865206380635855,
            -0.6533785191439775,
            1.0188470905962004,
            -1.1702349618494217,
            -0.4733337173539424,
            0.6281373793346516,
            1.0980985894285615,
            0.30635855639275067,
            -1.6359041529306366,
            -1.8392113302840005,
            0.053460042039322066,
            -1.450620572942113,
            0.1389698185714326,
            -0.8360538179274865,
            2.276161258855177,
            -1.1634061060986067,
            -0.5098164836594166,
            1.7316098645392644,
            1.5605227982866252,
            -0.5808732133105199,
            -1.5824141949487533,
            -0.3173649315038587,
            0.6683602183512932,
            -0.3838863201836202,
            1.9491318777520128,
            -1.2417150008495013,
            0.6226643063041213,
            -1.191347999315095,
            -0.4769659967222288,
            0.9502957714194434,
            -0.8011040751521864,
            2.7304183421996138,
            0.7317827521978603,
            0.17880780358764597,
            1.0630462667581857,
            1.3985698290566684,
            0.34595197831155183,
            1.0179801524096372,
            -0.4344838047208513
        ],
        [
            -0.2146162278639325,
            -0.2364041828842963,
            -0.27652096740014914,
            -1.0708654254328187,
            -1.0196763851722215,
            1.915578927386774,
            0.5553956966969021,
            0.36750702483927455,
            0.021237932142305,
            0.7909812133008611,
            -1.5276130741856242,
            0.06374841782424585,
            -1.5838779296133536,
            1.8777106123203307,
            0.9197489431239704,
            0.0,
            -1.1416405264665623,
            -0.5721595677674339,
            0.862545849997232,
            0.5518410297232182,
            -0.6362732306186821,
            -1.163566982939132,
            -0.25472242097896064,
            0.8783150541700486,
            -0.817211759920673,
            -0.022944590037275236,
            -1.187218176059744,
            -0.53424632311262,
            -0.18022279350061038,
            0.12092331534018462,
            -1.3963912657177782,
            0.8450737345896134,
            -0.5162126318821793,
            1.6521974207257186,
            -1.3870173780218273,
            -1.5781311908609692,
            1.1061941670946351,
            1.2407158700620595,
            -0.6170887064857232,
            -1.0378298013128098,
            -1.013108582587349,
            0.44094305919894616,
            0.018300123470139654,
            -0.12433969816300533,
            -0.7604758617182615,
            1.065294345469156,
            1.2634338911021423,
            1.8493480208131912,
            0.7206933220487494,
            0.21932125801621513,
            -1.2620581801446142,
            -1.1126439983560985,
            -0.31246524488019956,
            -0.687437210457112,
            0.6763111015443817,
            -1.013110058973886,
            -0.3172260453696666,
            -1.6578168999267204,
            0.3514996316967085,
            -0.060725462074140035,
            0.020203776845601578,
            -0.8414066606324426,
            -0.8235318962094554,
            0.9196456277367744
        ],
        [
            -0.04355999782369574,
            -1.1229560668716512,
            0.9993666704621121,
            0.42063795811260174,
            1.0752545074619533,
            -0.0063017265911278165,
            -1.2901019040491035,
            1.0332997632300773,
            0.6103430055231641,
            -2.278841083884829,
            -0.4212442884841336,
            3.269110486251136,
            0.892643767383348,
            0.4174414468322597,
            -1.1012567794344785,
            -1.1416405264665623,
            0.0,
            -0.9415302748405106,
            0.31365136281016953,
            0.10884950854188671,
            -1.560976620748194,
            1.8569196874925071,
            0.5849962547496876,
            -0.941657186700528,
            -0.9982448476056291,
            -1.2503760516977427,
            1.2565709927864588,
            -3.230464525521784,
            0.04840788922534652,
            -0.8666340580797837,
            -0.3079683202017247,
            0.2904385258712654,
            -0.2373479896233795,
            0.1290691373198985,
            0.3215570610364116,
            -0.5300461107642961,
            1.045737762644224,
            0.1269477835874106,
            -1.1034343677356993,
            0.16576278723985297,
            0.27139680158575125,
            0.5663169196489133,
            -0.9297308963066542,
            -0.7404726879770198,
            -0.3682336333247908,
            -1.965201932570387,
            1.8623653267732183,
            0.8636383970457361,
            -0.8496033352656162,
            -0.9683762826909007,
            -1.0555595227690822,
            1.5081223968132471,
            0.3237293386210921,
            0.2486472624372066,
            1.6684651510025306,
            1.4057724055940037,
            2.3468670424807443,
            1.0187226377389083,
            0.010391657638399618,
            1.6906050850835206,
            -0.473749067435115,
            0.7110136496577999,
            0.8668349821596174,
            -0.4176086248123367
        ],
        [
            0.9144102121193003,
            0.3864555070972782,
            1.2046619955828677,
            -0.6061107741605017,
            -0.5181454415080772,
            -0.3925769241956207,
            -0.2309246359498205,
            0.41810317361090843,
            -0.8382126968122022,
            -0.8690937652098476,
            1.5410840688924716,
            0.11239349468036386,
            -1.0621027572751867,
            0.6621530897694674,
            0.212908011312594,
            -0.5721595677674339,
            -0.9415302748405106,
            0.0,
            -0.14105182886387727,
            1.625785764665709,
            -1.1288014359487886,
            -0.3032310746574834,
            0.10707043690363222,
            -0.0024625862080160667,
            0.09650891856943092,
            -0.18703044790467074,
            -0.7168258121042576,
            0.9760911540300352,
            -2.0517935279699393,
            -0.9527202412908752,
            -0.7580013541729179,
            -1.7812405933442645,
            -0.3051798551967233,
            -1.6056592379565486,
            1.9397657075066017,
            0.26324082822210887,
            0.24695982730745766,
            0.28499496848135436,
            -1.2319157823697788,
            -2.2138132068525582,
            -0.7642936983985849,
            1.389126342068516,
            0.07304274564922267,
            0.050589252697407876,
            -0.4773250963999289,
            0.8654467932517371,
            -0.26486781056498654,
            1.5620739491588085,
            1.0116687998368636,
            -0.6959097615105299,
            -0.4189838494330077,
            0.20417447023049592,
            0.0810043312026882,
            1.8405286683060975,
            0.5660048435660652,
            -0.09341525647186183,
            1.4927032240986415,
            0.35958377492352994,
            1.1237528939429051,
            -0.5111146695914235,
            3.7343748991234262,
            0.1023538319521999,
            0.5382129798625145,
            -0.5240557698543313
        ],
        [
            0.513186191673176,
            1.374326364950117,
            -0.30299370881988663,
            0.1339594299347319,
            0.7622829709493337,
