{
    "N": 64,
    "id": "bf7361e4-ef44-4361-9b6c-7647c6ce1535",
    "problem_type": "SK Spin-Glass",
    "distribution": "gaussian",
    "spins": [
        1,
        -1,
        -1,
        1,
        1,
        1,
        -1,
        1,
        -1,
        1,
        -1,
        -1,
        1,
        -1,
        1,
        -1,
        -1,
        1,
        1,
        1,
        -1,
        -1,
        -1,
        1,
        1,
        1,
        1,
        -1,
        -1,
        1,
        1,
        -1,
        1,
        -1,
        -1,
        1,
        1,
        1,
        1,
        -1,
        1,
        -1,
        1,
        -1,
        -1,
        1,
        -1,
        1,
        1,
        -1,
        1,
        -1,
        -1,
        1,
        -1,
        1,
        1,
        1,
        1,
        1,
        1,
        -1,
        1,
        1
    ],
    "couplings": [
        [
            0.0,
            0.26503051181484594,
            0.48188525031374,
            0.4118606346385799,
            -1.3828890541900516,
            -0.5043093169667892,
            0.7164847376910972,
            0.19786594537305383,
            -0.45283029099627153,
            0.4996518115773101,
            -0.7549388250173477,
            0.22868200150755255,
            0.5046307773118766,
            -0.18723028852031487,
            0.6474699086447276,
            -1.1694412866667034,
            2.237362137613226,
            0.3888614494809437,
            -0.3927060170457623,
            -1.108438392924556,
            -0.4665254677866572,
            2.118160739867696,
            1.9882519469651982,
            1.173944141689566,
            -0.6535886948966798,
            1.0567559827601933,
            -0.48733030433814645,
            -2.1494777939788614,
            -1.5943276934096957,
            2.362863447370001,
            -0.39231030406014844,
            -0.1322581044055045,
            -0.5215808109259957,
            -1.2095084538598269,
            -0.32722058336467613,
            -0.6995554642491063,
            1.7657881072741628,
            -1.152203587543708,
            0.7965280689288136,
            -0.43012301315913753,
            1.6949521137614914,
            0.7301714473648027,
            0.07846820512257077,
            -0.4898176579224819,
            -0.9217450508720785,
            0.39568762361014015,
            -0.2040261146363436,
            0.28825289840893414,
            -0.6733777237600995,
            -0.5800501165150589,
            -0.9499690427415359,
            -1.2400163322233348,
            -0.028196776061085015,
            -0.27115142407580844,
            0.5285284317003099,
            -1.1537680514025854,
            0.7385179597906382,
            0.4264351936431235,
            0.1078810003106604,
            -0.4087788705448668,
            1.3070820667411849,
            0.5170298098826556,
            1.182819233936738,
            -0.8555601738251224
        ],
        [
            0.26503051181484594,
            0.0,
            0.6167278036132425,
            1.2906865026769176,
            1.6788247392383926,
            -1.6854118670510727,
            -1.7564563735056102,
            -1.4717862504086612,
            -0.2204828257384216,
            0.45682319970416324,
            -1.5023784593433163,
            0.66810947052935,
            0.1850376303402085,
            -0.9591312502065861,
            -1.234682522522436,
            0.11364511702607222,
            0.18257764833671056,
            1.498251088976341,
            1.0850433162876263,
            -0.17192280065374604,
            -0.6480695939654894,
            -0.6583504017014659,
            -0.3334568486923547,
            -1.716181590305014,
            0.9964750234134643,
            1.7943554163501405,
            0.5894497015987681,
            -0.5043474993083474,
            0.19554967774289642,
            1.135538753936886,
            0.02507455807589933,
            -1.0002996793251042,
            0.5139642938072206,
            0.6194442215495436,
            -0.65306439838687,
            -2.140416057415928,
            0.5212677063578648,
            1.8108183209051372,
            -0.8059660769788876,
            -1.535567315813059,
            1.4811930827504813,
            -1.512588485738587,
            0.0254940714932355,
            -0.29805495809202043,
            0.06894648810519842,
            2.2796857311852485,
            -1.2424615531028476,
            -0.8529978933259259,
            0.9232723630083787,
            -0.03950454117531461,
            0.3467069523838898,
            0.19396106241120542,
            0.39863366894101826,
            -0.0800449930752732,
            2.3274548979263896,
            -0.08327594953377253,
            1.7055857581244325,
            0.7616603916401206,
            -1.193448591935612,
            0.7966558464256841,
            -1.1920966821381471,
            0.5250369803760602,
            0.8124789281540965,
            2.4389874959284845
        ],
        [
            0.48188525031374,
            0.6167278036132425,
            0.0,
            -1.8156708003184685,
            -1.7103269041570262,
            0.4693144555188148,
            -0.9038930976326418,
            -1.0091858719068592,
            1.0431093329247543,
            -0.47083645128790413,
            1.1853034604534856,
            -0.3839631740735699,
            0.06862387091153026,
            0.3196497507744191,
            2.4141668835552563,
            0.47629625382224766,
            -1.188874454435706,
            -1.3689766695460368,
            0.9972833686662568,
            -0.13409454268030246,
            -1.9370668588921185,
            0.6035940541831756,
            -1.860868373755324,
            -0.20797020430167304,
            -0.645311233891452,
            0.7509115217370407,
            1.2753796994531807,
            -0.4015659387657947,
            0.5106705627262386,
            -0.7562923020691059,
            0.298577429968944,
            0.8644997842997485,
            -0.7613091812897598,
            0.04231370893905313,
            -0.657027865665679,
            0.6849011975022204,
            0.38928873369101513,
            1.2177966361840356,
            0.6100023996221907,
            -0.4555265390757667,
            -0.4244482490674576,
            -0.6787702033423971,
            -0.9279178900411926,
            -0.05499645311422145,
            -0.15387089993170291,
            -0.05814667298500103,
            0.09216263870602259,
            0.36407916032150867,
            -1.291119769864111,
            1.4507156645377697,
            1.6460218586629551,
            -0.7281189951778956,
            0.3103610464017456,
            0.1569076535778771,
            0.9422355671389745,
            -0.2029876753593867,
            -0.796555976932808,
            -1.69987324907866,
            0.37487800941906035,
            0.9438118577429938,
            -0.5535330626503182,
            0.3859323078818954,
            1.1001824936318152,
            -0.9122560990009302
        ],
        [
            0.4118606346385799,
            1.2906865026769176,
            -1.8156708003184685,
            0.0,
            -1.2498250248480742,
            0.16221050926833294,
            -1.3629771180681787,
            -0.7950786211632827,
            1.1889345605771933,
            -0.7860137903095158,
            -1.2778858664461743,
            -0.010822879868813954,
            0.5092515068541635,
            -0.5268897561744925,
            -0.880198307395248,
            -0.07400141819768023,
            0.02765909407514052,
            0.043332405748370766,
            -1.2879485472662167,
            -1.3440274141539958,
            0.9803201527918105,
            -0.30957925550927773,
            -0.09594324112760343,
            0.7604033242118785,
            0.7212106501293898,
            0.9780000081431518,
            0.40116546248324075,
            -1.3022884432832076,
            -0.472992272335667,
            -0.7544076725896869,
            1.365405777342326,
            1.158531925883514,
            1.3575171181845045,
            0.27325502945455193,
            -1.3375610112177605,
            -1.0317336610800174,
            -0.02950913490953813,
            1.6531682353149255,
            -0.659193221093054,
            -0.318693318115617,
            -0.6287743645467523,
            0.824453266863618,
            0.449543656388073,
            0.2126795858863134,
            -0.8621636019146246,
            -0.07715098333198747,
            -0.15278545292750942,
            1.1626377966663235,
            -2.4174115565281236,
            1.6992624997861183,
            0.6390445415926991,
            -0.4953254467917266,
            1.6217012592191904,
            -0.0663429854971041,
            1.2363449354259946,
            -0.6374903499917653,
            0.799635878393732,
            0.8572927706909995,
            1.592984363178948,
            0.40001650878172895,
            -0.6526777888175368,
            1.3256192718799933,
            -1.2200107366513355,
            1.359031465874564
        ],
        [
            -1.3828890541900516,
            1.6788247392383926,
            -1.7103269041570262,
            -1.2498250248480742,
            0.0,
            0.27371077637583235,
            -0.1543524720804017,
            -0.6562224046190888,
            -0.7821008755111948,
            -0.3718295470623313,
            0.7603315095245594,
            -0.5607950966079087,
            0.43700608242482414,
            -0.014927301362054887,
            -0.05836632116470314,
            0.5347401816017491,
            0.7723265669046085,
            0.7635212861871383,
            0.22794373270324533,
            1.7395331267084817,
            0.9757729704848003,
            -1.0981458908153603,
            2.1730999535344333,
            0.6775465489627025,
            1.3157712227752945,
            -0.1783435935180562,
            -0.7320303413499072,
            -2.3354299762504453,
            1.2926235942571005,
            -1.507146538924859,
            0.815198532661631,
            0.3201690609437403,
            -0.5862237553667445,
            -0.5081137733640434,
            -0.47361792253923624,
            0.0831416726291302,
            -1.6076940427041249,
            -0.5233260693859642,
            0.6871310341915069,
            0.022168092788761504,
            -2.2664924957668617,
            0.47287969604466445,
            -1.3678948753169273,
            -0.3080328462388044,
            -0.8750920235681315,
            -1.1185530420755845,
            -0.8789518248310076,
            0.9459519175264458,
            0.8955982609482088,
            -0.7902227373647415,
            -0.23790726624890643,
            -1.6601074072794815,
            1.441765633322955,
            -0.7623846108811688,
            -2.0332186788415982,
            -1.434090842904899,
            -0.1340109131707805,
            0.14401452705990186,
            -0.03830475888590765,
            -0.3055783096157586,
            0.7856720605065853,
            -1.0368062672899054,
            -0.6602375121792503,
            -0.6518607751043011
        ],
        [
            -0.5043093169667892,
            -1.6854118670510727,
            0.4693144555188148,
            0.16221050926833294,
            0.27371077637583235,
            0.0,
            -0.34647623525508375,
            -0.04058526925731628,
            1.4473056870875807,
            -2.014255433955283,
            -1.1500095607170933,
            -0.17560951660402038,
            -1.203887561907294,
            -0.5857257926664244,
            0.40222461783864194,
            -0.008773841322661657,
            -1.215128171237627,
            -0.5220226504123688,
            0.340366719740394,
            1.7489106749027128,
            -0.37572912757655413,
            0.13312169532024726,
            0.7951892348949136,
            -1.1344983310833374,
            -0.6856976999392725,
            1.2129916720691325,
            1.09942913056787,
            1.3420855702936678,
            -1.2455563611752614,
            0.9868025154110459,
            1.5665590999694343,
            2.1883153318325244,
            0.2179595637658528,
            -1.2500805886382087,
            1.5940833192695458,
            0.07687498761789817,
            -0.2996341249518544,
            -0.44976032690972684,
            2.21311868149223,
            1.6422683784251528,
            -0.7443919727745215,
            -0.6064642696092029,
            -1.0953938693556058,
            0.28348753966503604,
            -1.5531267452620192,
            -0.1589323464741835,
            -0.9988937927186404,
            1.8841419416429637,
            -0.5189032300991371,
            -0.7601100888752419,
            0.458740372779242,
            -0.7727757468963276,
            0.5288633639827482,
            -2.0052013214591167,
            -0.4732490548422921,
            0.01180285151500115,
            1.1216805775592797,
            3.4835694631998386,
            0.6883842061321664,
            -1.3116163313971414,
            -2.6066789646191366,
            0.114359350828246,
            0.21988600607566544,
            0.9894117015614573
        ],
        [
            0.7164847376910972,
            -1.7564563735056102,
            -0.9038930976326418,
            -1.3629771180681787,
            -0.1543524720804017,
            -0.34647623525508375,
            0.0,
            0.03710414112173858,
            0.6441896577378093,
            0.9363736434125297,
            0.684061863115612,
            -0.6685345442295965,
            1.9370632280288023,
            0.829906837007651,
            0.6451970226717393,
            -1.2493902308017077,
            -0.46402490776664246,
            -0.0033603394506818794,
            -0.2786512296047175,
            1.50394694545621,
            -2.086452265470108,
            -0.6101710540304454,
            -0.7458248023125811,
            1.4417581143468816,
            -0.6492656174493914,
            -0.8321651776190331,
            1.4516414942486873,
            -0.2508957877380918,
            -0.8315258108841627,
            -0.738684365776478,
            -0.710193337260694,
            -0.7170113096562192,
            0.04895150861235663,
            -0.8680256192596649,
            -1.9385525867259217,
            1.1076319994525625,
            1.1919616579642658,
            1.111583546380877,
            1.9605311494684914,
            0.5671560224410005,
            0.7928706356869555,
            0.5733112477390334,
            0.22262484245184475,
            -0.25076684976428304,
            -0.3708336448529572,
            -0.7981260275452664,
            0.38038997122061163,
            -1.0678010982626165,
            1.603648278422799,
            -0.26862039427359685,
            -0.3576467633827112,
            -0.35307046884595283,
            -0.720978330973278,
            0.09409610771647137,
            -1.5684141415177675,
            -0.5333698611011273,
            1.1017001558442823,
            1.4894248485928776,
            -0.06110132455798061,
            -0.941266812189914,
            -0.9346727225686282,
            -0.25766753816608345,
            -0.20526325909179524,
            -0.7292350163736827
        ],
        [
            0.19786594537305383,
            -1.4717862504086612,
            -1.0091858719068592,
            -0.7950786211632827,
            -0.6562224046190888,
            -0.04058526925731628,
            0.03710414112173858,
            0.0,
            2.937140559271195,
            1.186477964090136,
            -1.503598791665884,
            1.9564434368894852,
            0.1440943561618017,
            1.0107416835466403,
            -0.6792752394883605,
            -0.5242152464647875,
            -0.26115988058099776,
            -1.3220481398977357,
            -0.1386112199421322,
            -1.208861403640879,
            0.0026933714694764035,
            0.7120414809085266,
            0.6958088234074876,
            -0.7482640275384732,
            -0.9245138805106807,
            0.3691167328936911,
            -1.3314022454248207,
            2.1196765961254824,
            -1.8464164240163439,
            -0.3158649406392077,
            1.415335217234592,
            0.35081220882791125,
            -0.8645717734809273,
            -0.19266475895686588,
            2.334494780831944,
            0.09886059210964143,
            0.39968648234856785,
            0.30271619681514256,
            0.6585815100927391,
            0.8621850339694437,
            -0.003963872712960571,
            0.17477895053566808,
            0.07658437096505638,
            -0.6214385703831988,
            1.3363492226261084,
            0.7528194402785015,
            -0.6439544300470922,
            -0.8387225846102373,
            0.6195214460070709,
            -0.04787745913221341,
            0.5356120139572933,
            0.4895046810217297,
            -0.020739657174116098,
            0.8513357226515453,
            -0.06992159355766386,
            -0.899814931964645,
            -1.7278677249946823,
            -0.6828945159521005,
            -0.8365118509747861,
            -1.299844122749136,
            0.767789190069942,
            1.1520276252483446,
            -1.8073490051013488,
            -1.126760189325164
        ],
        [
            -0.45283029099627153,
            -0.2204828257384216,
            1.0431093329247543,
            1.1889345605771933,
            -0.7821008755111948,
            1.4473056870875807,
            0.6441896577378093,
            2.937140559271195,
            0.0,
            -0.41076550830517244,
            0.576895594138933,
            -1.4518917920901508,
            -2.6056512622582364,
            0.06242231222835978,
            -0.874931069778149,
            1.4527969214267362,
            -1.3351112579077873,
            0.4303459644238272,
            0.21477269388675957,
            1.7190290843458986,
            0.5374260564178169,
            -0.42899583711181904,
            0.44614504432339624,
            -0.6789390216804455,
            -0.5991091074101873,
            -0.5609588533070607,
            -0.5276394583200276,
            -0.6634769264013493,
            -1.2027536937044394,
            -0.6262268018838512,
            -1.1835929042608118,
            0.11237224099487271,
            0.5301461235925049,
            0.46658203836697354,
            -0.6332092915722781,
            0.945841015067362,
            2.0678471605384905,
            -0.17134867909277482,
            -0.9459275893392115,
            1.086846778452113,
            0.538878195249443,
            -1.6506831426729462,
            -0.24940976669892842,
            -0.7636903617270654,
            1.5589101787831252,
            0.043590433531344994,
            0.38305595605755616,
            1.0519549819158351,
            -1.2736734540032932,
            0.22047578853365404,
            1.9705006643753822,
            1.3227385260054876,
            -0.14451346873193155,
            -1.2938056101095017,
            0.13431804762430258,
            0.38825413678156473,
            -0.36228850393513296,
            1.6813755910241608,
            -0.9530005335455027,
            1.8506196363978642,
            -1.0058284627136123,
            1.778895696010712,
            0.035493234395395395,
            1.1258675321038163
        ],
        [
            0.4996518115773101,
            0.45682319970416324,
            -0.47083645128790413,
            -0.7860137903095158,
            -0.3718295470623313,
            -2.014255433955283,
            0.9363736434125297,
            1.186477964090136,
            -0.41076550830517244,
            0.0,
            -1.7848052132290297,
            0.2345498852033979,
            0.2109546026684287,
            -1.374077675747525,
            0.006352491993604994,
            -0.7259686420397671,
            -0.6605653975793592,
            -1.743673087277126,
            0.9472609036704891,
            1.7501387088494522,
            1.2182087593097823,
            -0.548995554770883,
            -0.422348998018228,
            0.5326697872576333,
            0.39022558277620223,
            1.3515783804267196,
            0.2718758354804125,
            -0.6974590369113108,
            -0.9596031890503981,
            -0.3916067097986536,
            0.1457659775561599,
            1.355414677888165,
            -0.7789459033019441,
            -0.8225052225178892,
            1.7146498941144652,
            -2.505595451767993,
            -0.5810473681226771,
            0.9586704203385533,
            0.030878563773580985,
            -1.1342996871645639,
            -0.5559296050987141,
            2.087767430167529,
            0.5727159609983008,
            0.6557971771156212,
            0.15427601873128974,
            0.8684766593259731,
            -1.1943940392612964,
            -0.8044394996320516,
            -0.761298896560638,
            -0.45537154649328593,
            1.255890710747568,
            -0.34404944238312146,
            -2.233895528027229,
            0.6529940483869122,
            -0.0392381139103019,
            0.5737732267147745,
            0.12661703151252432,
            -1.6279344123103088,
            0.14959102767781993,
            -0.03573086668692964,
            1.338742980407029,
            1.842582503983344,
            0.0021234771202798585,
            0.12798869239100927
        ],
        [
            -0.7549388250173477,
            -1.5023784593433163,
            1.1853034604534856,
            -1.2778858664461743,
            0.7603315095245594,
            -1.1500095607170933,
            0.684061863115612,
            -1.503598791665884,
            0.576895594138933,
            -1.7848052132290297,
            0.0,
            0.47924074093004043,
            0.19202975030210875,
            0.8500026510504352,
            -1.276669085290887,
            -1.9094604062293008,
            0.3213286943247911,
            0.6792717144488063,
            1.537749184929484,
            0.916005820974244,
            -1.1432732935207526,
            -1.6917211357096154,
            -1.2654604299583874,
            -1.5458126100879839,
            2.0675795493376126,
            1.4732982489682194,
            -0.6264490239356617,
            0.6410805039909855,
            -1.1420168998610079,
            0.5195647056848439,
            0.7901926418056596,
            -0.04146831022951715,
            0.6537577140250933,
            1.246892641213345,
            0.01729948102955777,
            -2.0543034976894097,
            -0.7603793078600288,
            1.3735134244147649,
            0.10269000079688057,
            0.5351215104389064,
            -0.6061760329109296,
            1.9642934861873824,
            2.2148668459417444,
            -1.3459352611369995,
            -1.1012390432039083,
            -0.2639601513892586,
            -0.06609532305819095,
            -0.7511016156923938,
            1.4901560445456878,
            -0.06868741400377902,
            -0.3287193055166262,
            0.14220210027487412,
            1.469105883392013,
            -1.0976153507423863,
            1.6683154572742744,
            0.7706926901738297,
            -0.925222492289471,
            -0.6085784214309966,
            0.9038418179906978,
            -1.7636774121461145,
            -0.47127516224689125,
            -0.4098473234464338,
            1.026601048211737,
            2.160076913948029
        ],
        [
            0.22868200150755255,
            0.66810947052935,
            -0.3839631740735699,
            -0.010822879868813954,
            -0.5607950966079087,
            -0.17560951660402038,
            -0.6685345442295965,
            1.9564434368894852,
            -1.4518917920901508,
            0.2345498852033979,
            0.47924074093004043,
            0.0,
            0.269866291548383,
            -0.8871002367386996,
            0.9611918235336497,
            0.27845528057312025,
            -2.1256457219548124,
            0.38795696527988094,
            0.15966528181560186,
            0.6672789024048553,
            -0.06447150110996616,
            -1.052230594859672,
            -0.11888087078664365,
            0.6745840999343842,
            0.016700668175643873,
            0.01631101463266708,
            0.16393097339707907,
            -0.2584194723245395,
            0.3235798850451024,
            -1.0824801811850777,
            0.17378611332500607,
            0.1649351959102332,
            0.8296267920103451,
            0.2880075743746254,
            0.4881775165810185,
            0.20740526938681922,
            -1.313807146876527,
            1.3941358605421992,
            -0.10328679339252672,
            0.9770861782661715,
            -2.402878081529089,
            -0.19750059337832987,
            0.13950509911619957,
            -0.7676621637724012,
            0.3887842196573282,
            1.2912222612474358,
            0.441817640624696,
            1.548615565378941,
            1.2226185550150115,
            1.0817891121917078,
            0.9394775327034685,
            -0.8849039963154737,
            0.5994933718299449,
            -1.660763904000821,
            0.2134479686398222,
            -0.8996674423480453,
            0.3525456492900217,
            1.139662206557393,
            -0.6974717461986341,
            1.0197081582773806,
            -1.093009127695192,
            1.2329279903090153,
            -0.18821289145680944,
            1.4274444836714721
        ],
        [
            0.5046307773118766,
            0.1850376303402085,
            0.06862387091153026,
            0.5092515068541635,
            0.43700608242482414,
            -1.203887561907294,
            1.9370632280288023,
            0.1440943561618017,
            -2.6056512622582364,
            0.2109546026684287,
            0.19202975030210875,
            0.269866291548383,
            0.0,
            -0.15518626295862745,
            0.02849088621759386,
            2.7229804857042605,
            -0.8953891988438097,
            1.0865948168554234,
            -0.8691769920771326,
            1.549785642097393,
            -0.28522617092358027,
            0.7342106888859913,
            -2.932828444300479,
            -2.636030167476092,
            1.8922195478310164,
            0.8310122795020758,
            -2.471094999969432,
            -0.6342696254912201,
            1.341568441347225,
            0.24459614808047275,
            -1.8980229300728808,
            0.489903475315374,
            -0.3568694838837373,
            -2.2407367444803814,
            1.2036789090206965,
            0.7522905269688058,
            0.3437510724587246,
            0.8528249980709901,
            0.9628795482138939,
            -0.5450679503240417,
            0.2172769084388124,
            -0.9665340295337472,
            0.6378859921884573,
            0.1249088265275818,
            0.07761862387808358,
            -0.7793831612691468,
            0.21717889962752357,
            -0.8517302521158984,
            0.5776041606826509,
            0.026181024117478677,
            -1.2016372621267228,
            -0.5991895145515778,
            -0.8844902112991072,
            -0.16749987161688257,
            0.23666329641510475,
            -0.2106551764117921,
            -0.7237097889928915,
            -0.7032612767020703,
            1.5784054525066729,
            0.9328988059623191,
            -1.022235143989796,
            0.29245324194564687,
            0.36537763804527323,
            0.3420784354475972
        ],
        [
            -0.18723028852031487,
            -0.9591312502065861,
            0.3196497507744191,
            -0.5268897561744925,
            -0.014927301362054887,
            -0.5857257926664244,
            0.829906837007651,
            1.0107416835466403,
            0.06242231222835978,
            -1.374077675747525,
            0.8500026510504352,
            -0.8871002367386996,
            -0.15518626295862745,
            0.0,
            0.016096076686344787,
            -0.7921902820908595,
            0.25472760310099163,
            1.4167255778644192,
            -0.9911930686511717,
            0.8513078573137649,
            1.0253906810861093,
            -1.1929289245351278,
            0.01650060271829457,
            -0.7683329567036813,
            1.0572658074062773,
            0.2532565155001155,
            -0.2176868143460122,
            -1.0538447229749297,
            0.06381758426870568,
            1.6754067119235563,
            0.8109647662169892,
            -1.2728571777403421,
            1.6029259548263393,
            0.6973061434539127,
            -0.3286055391214173,
            0.4844181307407097,
            -1.105993086668603,
            -0.3018785549446601,
            0.6066026378027691,
            -2.0067984021032865,
            1.1489634722676794,
            -0.6560768280663136,
            1.0266877754285593,
            1.0097120816561282,
            0.4820118037462464,
            1.7058893256038137,
            0.05462430859976702,
            1.4496510795470396,
            1.5528983930117641,
            0.8392789629384262,
            0.9549117626641394,
            0.9007805035445883,
            0.6269431100808381,
            -0.12065020376796474,
            -0.8839397092145808,
            1.1175806276102689,
            1.1992205329966867,
            -0.7498793526254108,
            -1.7409067731170456,
            -1.656185330535107,
            2.1174980999767135,
            -0.10596399933607772,
            1.05665255115608,
            0.2874655094845661
        ],
        [
            0.6474699086447276,
            -1.234682522522436,
            2.4141668835552563,
            -0.880198307395248,
            -0.05836632116470314,
            0.40222461783864194,
            0.6451970226717393,
            -0.6792752394883605,
            -0.874931069778149,
            0.006352491993604994,
            -1.276669085290887,
            0.9611918235336497,
            0.02849088621759386,
            0.016096076686344787,
            0.0,
            1.7001028473870063,
            1.3302734815007693,
            -0.5444872898034507,
            0.14890065489849746,
            -0.8525035264914728,
            -0.805197972848505,
            -0.21202884912153552,
            -0.4095008843527567,
            -0.45541079359738945,
            -0.8526732795721746,
            0.20546768582515215,
            -0.3953652527397075,
            0.3909146477443696,
            -0.11324548580404752,
            0.7697631567467167,
            1.4130534574696954,
            -0.7158202283392375,
            -1.4650599926304686,
            1.701703515546844,
            -1.3591646988511512,
            0.6551326087446292,
            0.12218819950034197,
            0.1797283842079854,
            -0.9194034075336243,
            1.4406439837823275,
            0.435049243303535,
            0.5700121023566246,
            1.420750995797921,
            -0.12209298937900451,
            -0.21493307175903897,
            0.3103655367986987,
            0.5106638842486939,
            0.5193159368544016,
            -0.3575222293505336,
            -1.3374072789420322,
            0.9711699610875294,
            -1.2975660113321772,
            -0.6509334671448174,
            -0.2855633216741847,
            0.7445330546585082,
            -0.5778087441212251,
            -0.13026321401364407,
            0.1794181555688253,
            0.6049852529421227,
            -0.8098344145627885,
            0.7179093860147603,
            0.16506217961292605,
            -1.0756236407030821,
            -1.5422900124496581
        ],
        [
            -1.1694412866667034,
            0.11364511702607222,
            0.47629625382224766,
            -0.07400141819768023,
            0.5347401816017491,
            -0.008773841322661657,
            -1.2493902308017077,
            -0.5242152464647875,
            1.4527969214267362,
            -0.7259686420397671,
            -1.9094604062293008,
            0.27845528057312025,
            2.7229804857042605,
            -0.7921902820908595,
            1.7001028473870063,
            0.0,
            0.6006472881752077,
            1.0173090218535976,
            0.35809962307408333,
            0.11008611608740314,
            0.707975175317099,
            0.39401418271795896,
            1.5608725680541746,
            0.2974633347497531,
            -0.03859579765685167,
            0.14351274657042262,
            -0.25403605647486893,
            -0.809773762394171,
            0.5355393639038003,
            0.7791297666519515,
            -0.496127513323895,
            1.4737267774430267,
            -1.9043907380980667,
            0.006047876535405069,
            -0.69780732414948,
            -0.6002710605189924,
            -1.6679449651917462,
            1.3221723279844528,
            0.32515012303753005,
            0.0932532246419021,
            0.9259218498408498,
            0.09670504296423506,
            -0.009436869014735293,
            -1.3187491212456703,
            -0.7370539408287521,
            -0.24500518263546284,
            0.19220666142813078,
            -1.0917515952552892,
            0.9355382704216518,
            -0.556341253875861,
            -1.02080378002243,
            0.40008788927402533,
            -1.8876676601055642,
            1.0993474677770836,
            -1.8039016115563158,
            -0.08121280970929047,
            -1.1535679884377614,
            -1.4896281725787837,
            -0.4447091693956142,
            1.1764213617111023,
            0.06540982755331358,
            -0.7982567330720269,
            0.3475165906556448,
            -0.7053747758675117
        ],
        [
            2.237362137613226,
            0.18257764833671056,
            -1.188874454435706,
            0.02765909407514052,
            0.7723265669046085,
            -1.215128171237627,
            -0.46402490776664246,
            -0.26115988058099776,
            -1.3351112579077873,
            -0.6605653975793592,
            0.3213286943247911,
            -2.1256457219548124,
            -0.8953891988438097,
            0.25472760310099163,
            1.3302734815007693,
            0.6006472881752077,
            0.0,
            -1.3526461163750465,
            -0.3703802442153637,
            -1.151068614259038,
            -1.2347409675473973,
            -0.05508601557787216,
            -0.060770928415823496,
            -0.7326887975429981,
            0.5057248179777515,
            0.1730671747540675,
            -0.31866194971060474,
            1.2680643005909285,
            -0.3265756691194318,
            0.8613279617324178,
            1.0106555179132106,
            -0.7458129060110301,
            -1.5196332639676795,
            -1.4888598722303303,
            0.9050186211278314,
            0.0424571984432209,
            -0.18193484981964203,
            0.5327939005270901,
            -0.3301356045692767,
            -1.1576719006939002,
            -0.15671246794458368,
            1.2489138416463121,
            -0.7669266488082916,
            0.7208088037800089,
            -0.05177092512206111,
            0.06321073148041136,
            -1.3676258822621115,
            0.8754839767458777,
            -0.5055035696179009,
            1.137340355386232,
            -1.06545934598283,
            1.204708802293391,
            1.6196168195131047,
            1.8102856542926762,
            0.4939243330284416,
            -1.0311897165696526,
            -0.5117266338618933,
            -0.9313486302962434,
            -1.088749277739718,
            0.2444731133547367,
            0.47525591173756576,
            0.8272664695301799,
            -0.04459201505670743,
            -0.2993520958072104
        ],
        [
            0.3888614494809437,
            1.498251088976341,
            -1.3689766695460368,
            0.043332405748370766,
            0.7635212861871383,
            -0.5220226504123688,
            -0.0033603394506818794,
            -1.3220481398977357,
            0.4303459644238272,
            -1.743673087277126,
            0.6792717144488063,
            0.38795696527988094,
            1.0865948168554234,
            1.4167255778644192,
            -0.5444872898034507,
            1.0173090218535976,
            -1.3526461163750465,
            0.0,
            0.33178413771492726,
            2.0048325172496635,
            1.3747050025495462,
            -1.4796003263966375,
            0.09621257472844112,
            0.987675898706852,
            0.15509568878982885,
            -0.4317398414325365,
            -0.17905395445732858,
            -0.6455571112110204,
            0.25886192827817955,
            0.34726620259605384,
            1.3846216336797534,
            0.6279124571408641,
            -0.9566595457417078,
            0.7640343764303803,
            0.35616841274564437,
            0.8493787284212088,
            -0.8408355401132895,
            -0.002421903170642356,
            -0.5506470440723003,
            -0.4676450208091474,
            0.848820537812082,
            0.5065457580445614,
            -1.2203510761312009,
            0.5943909952432602,
            2.221851206459346,
            1.0567660657339284,
            0.8029341544075427,
            -0.3961544555934791,
            -2.558491658129798,
            0.2957234531501976,
            0.3597467479895072,
            0.004498732246494508,
            1.6813975787702238,
            -1.4213342864214218,
            0.3391806532931079,
            -1.9371820909713129,
            1.5737169927625778,
            -1.9991838548334082,
            0.17758040248552587,
            0.23314308130001923,
            0.3195886186647552,
            -1.3131256988261248,
            0.30382221402331194,
            -2.826157131530081
        ],
        [
            -0.3927060170457623,
            1.0850433162876263,
            0.9972833686662568,
            -1.2879485472662167,
            0.22794373270324533,
