{
    "N": 64,
    "id": "afa4ee7e-0130-47f5-84c5-4ac2eca88830",
    "problem_type": "SK Spin-Glass",
    "distribution": "gaussian",
    "spins": [
        -1,
        -1,
        -1,
        -1,
        -1,
        1,
        1,
        1,
        -1,
        -1,
        1,
        -1,
        1,
        -1,
        1,
        1,
        -1,
        1,
        -1,
        -1,
        1,
        -1,
        -1,
        1,
        -1,
        1,
        -1,
        1,
        -1,
        -1,
        1,
        -1,
        1,
        -1,
        -1,
        1,
        -1,
        -1,
        -1,
        -1,
        1,
        1,
        -1,
        -1,
        -1,
        1,
        -1,
        1,
        -1,
        -1,
        1,
        1,
        -1,
        1,
        -1,
        1,
        -1,
        -1,
        -1,
        -1,
        1,
        -1,
        1,
        1
    ],
    "couplings": [
        [
            0.0,
            -0.5675806838952405,
            -0.251596822445006,
            0.1930713837917523,
            -0.09240469053003773,
            -0.11819415853774935,
            -0.7112973840973662,
            -1.9986792336330153,
            0.20012566647645183,
            -0.15594848984035994,
            -0.44168913530549203,
            0.681501908741176,
            0.6070347527570394,
            -0.9301690468571628,
            0.0009122338102081498,
            1.5104829540612406,
            -0.4871925047664012,
            1.5333636274032572,
            0.5404926015035248,
            1.0141593481864217,
            -2.0032063144273744,
            -0.9163464458048219,
            -1.884675649285186,
            -1.5881381396534564,
            -2.6770017455092856,
            -0.13194461101052543,
            -0.5069703664543135,
            -0.4890870051672427,
            -0.8110644695969328,
            -0.01766881530671391,
            0.22991820901143203,
            1.5231135672009026,
            -1.8477012258606067,
            1.1564534928255334,
            0.20026649549735473,
            1.4584069508944781,
            0.0801603329501028,
            -0.4399284752928892,
            0.5724831434691589,
            -0.17946604785615547,
            -0.15229785040504365,
            0.5901615442450833,
            0.37867362917964686,
            -1.087291562814796,
            0.40076840984814094,
            -0.5223502800905944,
            -0.2713295295577403,
            -0.9171887328578421,
            -1.6145462546756557,
            1.542983702759222,
            0.7114117647909092,
            -0.132273518906396,
            -0.30208107792717576,
            1.718538704291637,
            -3.238802855798899,
            0.5805837413196528,
            -0.10477994647505126,
            -0.01920638556505823,
            -0.4754619287253981,
            0.7753502626378344,
            -0.05764782811229819,
            1.320620391186565,
            0.0826596292438326,
            -0.5301943383137442
        ],
        [
            -0.5675806838952405,
            0.0,
            1.4583606801680458,
            -0.24736563795271918,
            0.383179928283112,
            0.09566142240428871,
            -0.13945685226200077,
            -0.9448282333676981,
            -0.40167678960242953,
            -0.2477284154284919,
            0.3147111345230215,
            -0.3544713874779047,
            -0.8278259214069583,
            0.612607848378557,
            2.002537558643258,
            -0.5460067046582123,
            -0.011561865162379628,
            1.0102153373453424,
            1.6778209118239957,
            -0.31235358277997916,
            -0.17614679950458828,
            1.5660798157421125,
            0.3075190034931581,
            -1.3779038692703496,
            3.242530735718894,
            0.5297227324735937,
            -0.6545453375721171,
            0.9341846849170403,
            -0.809916058332212,
            -1.506256399755627,
            -0.017619597438097538,
            -2.012587948068492,
            -0.01868527952812902,
            1.4490312918708748,
            0.5061612840129093,
            0.4280462843127556,
            -1.0181294348224077,
            0.6791795724138122,
            1.1945027463615692,
            -0.37220197441348546,
            0.6054502216459489,
            0.42190414122586534,
            0.013802216989739689,
            -0.6306440932420916,
            -0.6334777627078013,
            0.758525386330782,
            0.2921280874932812,
            -0.07553819452624297,
            -0.3876028774379485,
            -2.353443597781179,
            0.19186345883723976,
            -0.45279164261724447,
            0.15771949933765564,
            0.27088889490727175,
            0.3402395009191662,
            -0.6015682330234426,
            0.10667349417155571,
            -1.8830489230050482,
            1.066617958356732,
            0.18318443786395502,
            1.3863383542286847,
            -2.0302167074338855,
            0.47265316235165483,
            -0.5726955007589015
        ],
        [
            -0.251596822445006,
            1.4583606801680458,
            0.0,
            1.7189511769904797,
            -1.680640430573452,
            -1.2677521338307645,
            1.909547312836058,
            -0.7595380730389515,
            -2.4703710367566325,
            0.37240470086624866,
            0.8400032180450012,
            1.9747983897519374,
            0.6644541314397951,
            0.33657223880002274,
            -0.2464907371545257,
            0.8183921200650199,
            -0.24574349440644006,
            -1.6016552078036994,
            -1.1884762798519035,
            0.07935788484984059,
            -1.4199693542167033,
            0.8122345451059052,
            0.6807223713792152,
            -0.2590435103690347,
            1.3400084057617778,
            0.5225637984816759,
            -1.0679560612665377,
            0.07848922195586155,
            0.5562998380863083,
            -0.7153943992054085,
            1.0819601500537481,
            0.23942797529036608,
            -0.3931682219264088,
            0.8138114172173329,
            -0.4146114136721346,
            0.06199197395495456,
            -0.4458322534272764,
            -1.0394590195519482,
            1.1349745172187264,
            -0.26334522769842816,
            0.18625923256922275,
            1.2507739514755534,
            -0.19077379871347808,
            -1.1348406287169137,
            2.1432626918246203,
            -1.6455161618359053,
            0.6299435995378924,
            0.7098917441584566,
            0.6536434278570917,
            0.18956908265868283,
            0.16910887316452833,
            -0.9781493109570725,
            0.6263640581423046,
            0.7598389479075534,
            -0.03698780742841857,
            0.22945702113180808,
            0.4316928875902873,
            -0.782896478070464,
            1.016361295671982,
            -0.8002376196565247,
            -1.2262113354759747,
            -3.2807789540966277,
            1.0725404224374597,
            -0.23119427735057843
        ],
        [
            0.1930713837917523,
            -0.24736563795271918,
            1.7189511769904797,
            0.0,
            1.3618461311579226,
            0.48610996250590577,
            0.4893588978843706,
            -0.6396755730079483,
            -0.15852658178691864,
            0.23622220325996202,
            -0.5529045437957067,
            1.4554211375185484,
            -0.2186516953034443,
            0.744878001195206,
            -0.15310377258727476,
            -1.5711358480127104,
            0.4454710807924869,
            -2.2961248141037256,
            -2.2840927136086138,
            -0.27928075194312973,
            0.17428790829878218,
            0.6631620648316585,
            -1.0651965423626775,
            0.33167411410972764,
            0.8270560233223648,
            1.0940723385809359,
            0.42270493104172946,
            -1.4066188314680739,
            0.5422244776325861,
            0.36860660067436707,
            -0.625545619601234,
            -0.29491925109547495,
            0.7827156615641179,
            1.06469131256512,
            -2.375981424809455,
            -0.4147434070878637,
            -0.38962835728271394,
            1.1472384192462137,
            0.8363592557896167,
            -1.0440388885775778,
            -0.1614165964243119,
            -0.38900800368709637,
            1.5090294293409123,
            -0.34726187710806844,
            -0.7848063089769756,
            -0.2643438341985514,
            -1.4844124631384226,
            -0.47959046008352213,
            -0.10276604523118221,
            -1.2816745438097206,
            0.5631955165640596,
            0.018764698302157018,
            -0.4257079652445064,
            0.38695548605391045,
            -1.2784337713746587,
            1.061523225013678,
            0.8659235632465003,
            0.0813462680654862,
            -0.8938683471317522,
            0.6583845084695354,
            -0.1633964254525648,
            0.07763452728230348,
            -0.2310549119965756,
            -0.4009525083018283
        ],
        [
            -0.09240469053003773,
            0.383179928283112,
            -1.680640430573452,
            1.3618461311579226,
            0.0,
            -1.5627380005595501,
            0.09957770657799894,
            0.6820958548623476,
            -0.8197490202109945,
            -1.813747303703891,
            0.9496449436063275,
            -0.20482743024315006,
            1.303565707244389,
            -1.6091471579475112,
            -0.37295743687037947,
            1.2000580092962465,
            0.21321882414521615,
            0.6325701913964733,
            0.11665316880714034,
            0.37044388658286204,
            0.3606761755993539,
            -0.8094504223460101,
            0.01670943565139026,
            -1.7408101973051475,
            0.5296466518306452,
            -0.27651754637645765,
            0.310820460678099,
            0.41774013599919085,
            0.719780327498786,
            -1.323333813419392,
            -0.8743958661981048,
            0.46842633214685836,
            -0.16543559874786679,
            -0.9031380760681017,
            -0.5836979158386739,
            0.5557122388288628,
            -1.3569309178312308,
            0.058498650024532584,
            1.0165720751869722,
            -0.46761911067848927,
            0.7366285842653242,
            0.18057858581719993,
            0.8707783923390575,
            0.6001355321244045,
            -0.6695270573494866,
            0.6892044301439777,
            -0.7454634382382519,
            1.5341843265257216,
            0.6542351892613083,
            1.9762997899064028,
            0.1385035413520196,
            1.5905619935106179,
            0.378566188776789,
            1.2626751117396884,
            0.7971143992608789,
            1.011642860092975,
            -1.2160406348028756,
            -0.030134045239761653,
            -0.1734645958803856,
            -0.6548706197190011,
            -0.2088304979371461,
            -1.3545116384820062,
            -1.493472752464548,
            1.184613420422625
        ],
        [
            -0.11819415853774935,
            0.09566142240428871,
            -1.2677521338307645,
            0.48610996250590577,
            -1.5627380005595501,
            0.0,
            0.050284199179373046,
            0.11334507804144539,
            0.3447711851990847,
            0.3124703729117461,
            -1.8386461971204118,
            0.7703128996061467,
            0.5860536655743418,
            -1.882390846129634,
            -0.6752534979203917,
            0.21325919478297325,
            -0.7819265956438574,
            0.3459128623122568,
            -1.5470906132670388,
            1.7596344320197985,
            -0.04948898609367817,
            -0.7036316217101513,
            1.140786382192756,
            1.394857682848192,
            0.9457052633831136,
            2.9337763503769563,
            0.6058041699135978,
            -0.560205765280594,
            -2.9493139669197896,
            -0.352823958205058,
            -1.0787126814247532,
            0.2793672158409936,
            1.5528588696457855,
            0.5996186741427733,
            -0.6754344175848119,
            -0.9104889715464403,
            -0.001929535669913018,
            0.21009381951817901,
            -2.023993578671783,
            0.9123820066604127,
            -0.03436011289621059,
            0.25074470825481476,
            -1.5592641001528025,
            -0.3925115403812567,
            0.6759974567688332,
            -0.22430960995875449,
            0.7044318629243803,
            0.7865613754207713,
            0.8739226329745635,
            -0.4254609317022604,
            -0.47510004214986246,
            2.1064946956336734,
            -1.1121623376794607,
            0.8208795802517368,
            -0.6368746431002696,
            2.220445610052771,
            -1.714236533935065,
            0.020674764209416153,
            0.20751510164231945,
            -0.6134338460991439,
            -0.9266227615705261,
            1.3883436367318542,
            -0.5106660616640508,
            -0.35843789595417797
        ],
        [
            -0.7112973840973662,
            -0.13945685226200077,
            1.909547312836058,
            0.4893588978843706,
            0.09957770657799894,
            0.050284199179373046,
            0.0,
            0.3396131439621645,
            -0.5518196509243367,
            -0.14897896198526278,
            0.553279474211552,
            -1.0774081066823673,
            0.844496048332768,
            -0.6939684106140082,
            -1.326642369275092,
            -0.9993064230054735,
            -0.6505701206226491,
            -0.7286922321052157,
            0.8870500927452598,
            -0.4594391749687992,
            -1.5547758449157834,
            -0.5546627115490633,
            0.9509315417913541,
            0.7274831969882357,
            -0.9986245483059794,
            -0.13971752244819444,
            1.2637821994650302,
            0.642347491750627,
            -0.6948726769582662,
            0.589756810495718,
            1.071601386244583,
            0.7234048262316524,
            -0.3100342335583126,
            -2.487278967921656,
            -1.3666923102124933,
            -1.6935286501961129,
            -1.1932315658468262,
            1.1188513889520892,
            1.8312065186826894,
            0.33757515802965465,
            0.6364342188747294,
            -1.4538609054874194,
            -0.7967737151637336,
            -0.1029614044878364,
            1.1010393060552193,
            -0.1996191690482674,
            0.7505415731339841,
            0.9495912380291459,
            -0.4538844932445758,
            -0.18818945544776972,
            1.2142772204175136,
            -2.1683081162393134,
            -1.166810343583754,
            -0.6077781114431606,
            2.6966972959124407,
            -1.2474330565212188,
            -1.1749562767009214,
            -0.6244217050383474,
            0.6501360240688112,
            0.6286698799025929,
            2.7945340305353845,
            0.6208536569006621,
            0.11700589530058234,
            0.32954670489663057
        ],
        [
            -1.9986792336330153,
            -0.9448282333676981,
            -0.7595380730389515,
            -0.6396755730079483,
            0.6820958548623476,
            0.11334507804144539,
            0.3396131439621645,
            0.0,
            0.20997959382795012,
            1.270115675506708,
            -0.4597775839367435,
            1.1074411250062912,
            0.10557000938818735,
            0.5991229976756923,
            2.549467032148886,
            0.6013099677661987,
            2.033061267317197,
            -0.8969964154370884,
            0.6304630810049799,
            -1.4514675677614473,
            0.1149854613933001,
            1.0738402673720764,
            -1.061729287450857,
            1.0267404087280372,
            -1.0361984476274855,
            -0.746849005127642,
            -0.05568727211885681,
            0.35371474373719153,
            0.3925350855549115,
            -0.34712684252420317,
            1.1015350989903667,
            0.7712781285973764,
            -2.0813633698649823,
            0.6630259037963524,
            -2.699396255116512,
            -0.5751521611236305,
            0.902389581661947,
            0.19771927245316126,
            0.21289750439095909,
            1.357516830302623,
            -0.1413984964857093,
            -1.9410966543515862,
            1.1475209942022242,
            0.4718052217569756,
            0.5862618734014134,
            0.9883250806675462,
            -1.701194854766757,
            -1.5664976389814138,
            -1.2084869707917116,
            -0.07469780453268428,
            -1.6108050865253176,
            -0.15531354162508773,
            -0.5119277456585211,
            0.174802799401979,
            0.1717294390525219,
            0.08347675089220274,
            -0.39531868431581685,
            -1.3733179584846715,
            -0.37657519711117443,
            -1.2167762792864862,
            0.27401824757818133,
            0.22872684694463347,
            -0.7413395734581861,
            0.4420895897277067
        ],
        [
            0.20012566647645183,
            -0.40167678960242953,
            -2.4703710367566325,
            -0.15852658178691864,
            -0.8197490202109945,
            0.3447711851990847,
            -0.5518196509243367,
            0.20997959382795012,
            0.0,
            -0.5292889817592826,
            2.3821525545896747,
            -0.5432806472781138,
            0.007040813287147003,
            -0.5322020497898247,
            0.9825153471349701,
            -0.25708405364457027,
            1.253962208390249,
            0.7718790739591538,
            0.3505660662698471,
            -0.9269221900346126,
            -0.3840580388137927,
            2.1962194209169486,
            -1.2384772579146288,
            -0.8694147514982024,
            0.571801223214457,
            -1.711849096203423,
            -0.39900544829976803,
            -0.5840284102504679,
            1.3904526818445717,
            -0.052528529734081376,
            -0.5412223819722836,
            -1.7800606670317805,
            -1.2017583510640777,
            -0.4820113290679288,
            -0.47434073312245895,
            -0.34492719358962437,
            1.931184431165528,
            0.8363649009366884,
            -0.05273167658364076,
            -1.334736809953638,
            0.28868101171189653,
            -1.8948144096127353,
            -0.7355534920921252,
            0.42916199202536726,
            0.4312376850440555,
            0.20776804736709956,
            1.086013840840036,
            -0.7220742242425169,
            0.024246293056611332,
            0.440814709228711,
            -0.5118953859579559,
            0.6010365666562971,
            -0.717605633164678,
            1.0663216529580541,
            -1.0581021904344239,
            1.0031029079388363,
            0.287548026727994,
            0.4575840151862569,
            1.6500975320397577,
            0.05901995504011439,
            1.7376388442304365,
            1.372142653879935,
            -0.5795499878728336,
            0.3805762900656375
        ],
        [
            -0.15594848984035994,
            -0.2477284154284919,
            0.37240470086624866,
            0.23622220325996202,
            -1.813747303703891,
            0.3124703729117461,
            -0.14897896198526278,
            1.270115675506708,
            -0.5292889817592826,
            0.0,
            -0.06314686200616544,
            -0.8058853386863846,
            -0.012562889708638891,
            -0.4953182194810592,
            1.4250583746056225,
            0.2797682119048737,
            -2.4377971936432608,
            0.3939362330586846,
            2.6093140575387643,
            0.4556590620821079,
            2.8170377763044145,
            0.7810107841261761,
            0.638058873873265,
            1.2918047387290406,
            0.3366951313006077,
            1.9383212882319139,
            -1.1262943978493003,
            -0.5102442600893118,
            0.39890722668256307,
            -1.0982627373257043,
            1.341818179142224,
            -1.1953911651885345,
            1.1940729870451565,
            -0.6004766326654128,
            -1.2098301334095216,
            0.2863297575819628,
            -1.0173372118053083,
            -1.8951665933834592,
            -0.29997048930509845,
            -0.19494956490545037,
            -0.4059645245672964,
            -0.295201895101884,
            1.4068523006388254,
            -0.10355955533501891,
            -0.7222252454962994,
            -0.7968641290571473,
            0.8108859298598676,
            1.5278855543884058,
            -0.39368169445351753,
            0.5669047481314764,
            -0.7020810091932785,
            -0.6386368833890413,
            1.330689005841547,
            -0.09916511190513462,
            -0.23380454779922388,
            0.25883970973173814,
            1.0574896781263625,
            1.0372611932602709,
            0.5803155081622414,
            -0.2538008314703312,
            -1.0097511556443703,
            0.11244975454926862,
            -0.09460788982812697,
            1.7183549848717958
        ],
        [
            -0.44168913530549203,
            0.3147111345230215,
            0.8400032180450012,
            -0.5529045437957067,
            0.9496449436063275,
            -1.8386461971204118,
            0.553279474211552,
            -0.4597775839367435,
            2.3821525545896747,
            -0.06314686200616544,
            0.0,
            0.21432169206338117,
            0.24166331322041948,
            -0.15866157325787553,
            -0.038063342909333775,
            -0.11722816220799266,
            2.0266201190189777,
            0.6658190327876479,
            -0.21819065620616293,
            0.06406398570411898,
            -0.9421012054354865,
            -0.6117474232332086,
            0.9403574991886817,
            0.8104310159990736,
            0.3785491860087473,
            -0.6475984341580594,
            0.9665030710666285,
            -0.5297236997149422,
            -0.43967513676896014,
            -0.5881576912170288,
            0.20130776249502977,
            -0.13784398953306926,
            -1.951160097328617,
            0.43586405830388897,
            0.8769590896375753,
            0.030476589008993377,
            1.7316145769048563,
            -1.5383462823182006,
            1.4206789071915777,
            1.7184440704835298,
            -0.1027937417099664,
            -0.6205019073362621,
            0.8437636820238124,
            1.3288243297029407,
            1.0021446704553756,
            -1.0123692651940097,
            -0.329986867534487,
            0.3680275012407549,
            -0.9707195188098364,
            -1.2452958502040072,
            -0.1269363307197613,
            -0.9927275576629924,
            -0.7165184060241425,
            0.21777444352532527,
            -0.9732608469459869,
            -1.5759855927920172,
            -0.009631800452566416,
            0.4429821880698068,
            -0.30541105016764575,
            0.35429152249834517,
            0.15183177817857874,
            -0.221957482215114,
            1.40426376991537,
            -2.565476734586266
        ],
        [
            0.681501908741176,
            -0.3544713874779047,
            1.9747983897519374,
            1.4554211375185484,
            -0.20482743024315006,
            0.7703128996061467,
            -1.0774081066823673,
            1.1074411250062912,
            -0.5432806472781138,
            -0.8058853386863846,
            0.21432169206338117,
            0.0,
            0.8066701283136055,
            -0.08202455911339379,
            -0.021303410342247364,
            0.2354483210174255,
            0.1584261854542724,
            -1.1315843565171202,
            0.8096442525396528,
            0.08052240752108035,
            -0.6364310931210377,
            0.9244040850730804,
            -1.203103887995456,
            0.9283257751539138,
            -1.6416256992017983,
            -1.2110885631595176,
            0.43878530364997187,
            -1.022416009200993,
            0.5534728380707008,
            -0.26155196023537114,
            1.2295675952333396,
            -0.2858134378490307,
            0.33190142591448757,
            1.6497001517710643,
            1.9049011294894131,
            0.7766393668193213,
            -0.6504095046170182,
            -0.17698931351374944,
            -1.236154850923659,
            0.01671144961215062,
            -1.8528732880710583,
            1.918778670847435,
            0.2931435013297745,
            -0.6562884613023782,
            -1.5342813988839714,
            -0.5565581490981866,
            -1.4207994493491605,
            -0.4306564592139073,
            0.690167098370753,
            -0.937859060898261,
            -0.4829836336083192,
            -0.14339681010142064,
            -0.18760312669895976,
            -0.06778866866038401,
            -0.9538051941365127,
            0.12521583211520892,
            -0.16298336420318538,
            0.594347751252824,
            1.0256529444388927,
            1.0795920198249132,
            1.1912615558813913,
            0.06008995992622772,
            -1.3388170047791854,
            -1.2339213119755221
        ],
        [
            0.6070347527570394,
            -0.8278259214069583,
            0.6644541314397951,
            -0.2186516953034443,
            1.303565707244389,
            0.5860536655743418,
            0.844496048332768,
            0.10557000938818735,
            0.007040813287147003,
            -0.012562889708638891,
            0.24166331322041948,
            0.8066701283136055,
            0.0,
            -1.2720946567631473,
            1.8483999168493774,
            -0.2838967964514188,
            -2.024413033363609,
            -0.8151318630138994,
            0.7030471163637956,
            1.3705294545337439,
            1.3247248961639326,
            -0.6567654413387428,
            0.9745257140282264,
            -0.9864630283945149,
            2.3603217927827833,
            -0.32299460155868653,
            -1.236669587401437,
            2.4039217348458903,
            1.8018344105651456,
            -1.7808776346662687,
            0.3228351579972091,
            0.7760122070425295,
            0.465859207421688,
            -0.24336115584633744,
            -0.5703496550217343,
            0.30921781813482213,
            0.39661855353272546,
            0.03410485172289407,
            0.22841819537317834,
            -0.09840905009108376,
            1.5535961750597935,
            0.34517728767229633,
            0.5895546351833387,
            -1.489553093397796,
            1.4999218274810253,
            -0.3608029364699065,
            -0.6065856389410904,
            -0.06088242540365082,
            -1.3397659884121684,
            -0.7614298204971791,
            0.2671987409917372,
            0.2440159211407746,
            0.6116728171525314,
            -1.7526967089707448,
            -0.730634312125902,
            1.3052254208230585,
            0.17298401107026032,
            0.38307206003345284,
            -1.8537625535185063,
            1.2136628050756373,
            0.7200411524019953,
            1.4725407466320901,
            -0.7742468404537196,
            -1.8422327312224462
        ],
        [
            -0.9301690468571628,
            0.612607848378557,
            0.33657223880002274,
            0.744878001195206,
            -1.6091471579475112,
            -1.882390846129634,
            -0.6939684106140082,
            0.5991229976756923,
            -0.5322020497898247,
            -0.4953182194810592,
            -0.15866157325787553,
            -0.08202455911339379,
            -1.2720946567631473,
            0.0,
            -0.8171752490762075,
            1.1259942206926221,
            0.5795041104368693,
            0.7507990500609075,
            0.13876403627392414,
            -0.8270294819780724,
            -1.3340008428010324,
            0.5741726545733691,
            -1.1267499005945965,
            0.7374696904331255,
            -1.674501589846441,
            -0.6755403252966194,
            -0.10041863223420748,
            -1.2778844908925935,
            -0.7180547084496928,
            0.5628374648323147,
            -0.04641838652088669,
            1.7625053385749943,
            0.9690239278589015,
            0.05870835741845589,
            1.0879996701852372,
            0.6370453480782541,
            0.28203500274808185,
            0.23230965345292598,
            0.28173061588791076,
            0.16820740437260157,
            0.3292924292023262,
            2.4785999867284723,
            -0.6874225968811574,
            -0.603348059437735,
            -0.5632114814477672,
            -0.7129448107587929,
            0.7860765133165982,
            -2.776177113805322,
            2.0523653684480756,
            0.4238534076852712,
            -0.1710223065153706,
            -1.541481904056178,
            -0.7666541057059256,
            1.950503856388834,
            -0.9630939546431638,
            0.7918396025966602,
            -0.9528703646742434,
            -0.4124025156946617,
            -1.2478111237427982,
            -1.1654810559665174,
            1.8922913105842345,
            -0.6025164089460382,
            -0.05907997234253982,
            1.1881225693846222
        ],
        [
            0.0009122338102081498,
            2.002537558643258,
            -0.2464907371545257,
            -0.15310377258727476,
            -0.37295743687037947,
            -0.6752534979203917,
            -1.326642369275092,
            2.549467032148886,
            0.9825153471349701,
            1.4250583746056225,
            -0.038063342909333775,
            -0.021303410342247364,
            1.8483999168493774,
            -0.8171752490762075,
            0.0,
            0.8745243048633431,
            -0.9431305778679064,
            -0.3800670664325244,
            -0.28595230046645204,
            0.8417470251896304,
            -0.5012562736026069,
            0.9324871416991732,
            0.019474036464860393,
            0.022792011366740583,
            0.44048596966693454,
            -0.6339295199231751,
            1.4217189860404251,
            -0.9013379860585099,
            -1.0341182533372146,
            0.00940117447386534,
            0.9799905310059077,
            0.6741453711675631,
            -2.2700442984246507,
            -0.32984128168975124,
            -1.500604074150035,
            1.2381045864685083,
            0.7219789856040914,
            -1.7428488834451035,
            -0.2264138321860489,
            0.22594865663856636,
            1.0862483469508715,
            -0.9061028790535736,
            -0.09813843751739644,
            0.37961490564871175,
            -0.43352681978321067,
            -1.305949398801328,
            -1.7637003983056734,
            0.09581572456863248,
            -0.6994957358531875,
            -1.5964449749164678,
            0.6808884425773016,
            0.5661145164348028,
            0.5920371063266864,
            0.777623299649277,
            -0.5923606878364189,
            1.0757430599974886,
            -3.4621125998484548,
            -0.4196265366369428,
            0.9644747253319053,
            0.6563559033914355,
            0.6693171359421207,
            -0.699527360328885,
            1.1653031300471037,
            0.19784858054023916
        ],
        [
            1.5104829540612406,
            -0.5460067046582123,
            0.8183921200650199,
            -1.5711358480127104,
            1.2000580092962465,
            0.21325919478297325,
            -0.9993064230054735,
            0.6013099677661987,
            -0.25708405364457027,
            0.2797682119048737,
            -0.11722816220799266,
            0.2354483210174255,
            -0.2838967964514188,
            1.1259942206926221,
            0.8745243048633431,
            0.0,
            -2.2781362641998504,
            -1.2437718191938572,
            1.2857184252791858,
            -1.3465785362698501,
            0.5304862313593695,
            1.385993134451562,
            1.1974858726883246,
            0.06503988435610768,
            0.35573381932937737,
            -1.203233809016941,
            -0.48664783190673216,
            -0.7818502089221248,
            1.5826056618044961,
            0.9826131175031787,
            -2.7591470227056436,
            0.8647568604860207,
            -1.6924365749621892,
            0.5571344523674553,
            -0.1784924555159699,
            0.0299564125122389,
            -0.3433017309836607,
            0.8734622596474562,
            2.017806807654974,
            0.32894635128083083,
            0.01170033123466385,
            1.3171795275867408,
            -0.46223864919792573,
            1.4553306788511355,
            0.7140932072195095,
            0.7415458490471204,
            0.5671304016131178,
            1.430862006795773,
            0.11118739384735471,
            0.3349939099618691,
            -0.15382438229808743,
            -0.9350813639608478,
            -0.83476436956414,
            -0.0746201122618786,
            0.08890575187284956,
            0.08191861737726698,
            -2.4128481876435193,
            0.7522314948721903,
            1.9592016549553923,
            0.4681394087361414,
            0.15517315053380246,
            0.34249966403254056,
            -0.6829725469882949,
            -0.0966299634798856
        ],
        [
            -0.4871925047664012,
            -0.011561865162379628,
            -0.24574349440644006,
            0.4454710807924869,
            0.21321882414521615,
            -0.7819265956438574,
            -0.6505701206226491,
            2.033061267317197,
            1.253962208390249,
            -2.4377971936432608,
            2.0266201190189777,
            0.1584261854542724,
            -2.024413033363609,
            0.5795041104368693,
            -0.9431305778679064,
            -2.2781362641998504,
            0.0,
            0.03495257134413494,
            -0.3315889688074504,
            2.0391704233600896,
            1.0692110802306187,
            1.0698925659339447,
            -0.2063230451790888,
            1.4631535607552932,
            -0.4473774233190272,
            -0.5640037379503241,
            1.1016924042140774,
            -0.06655442740899113,
            -0.312460951017892,
            -0.7786894109619469,
            0.03498384667941031,
            2.010031117678001,
            0.16121173397799085,
            -0.1162757905165729,
            -2.199765027803274,
            1.0230121838774247,
            -0.7839356096879259,
            1.9083905239121357,
            -1.2970720696331164,
            -0.6407238653249682,
            0.2921832668864746,
            0.1677321223573224,
            0.1091329648548991,
            -0.6356988967938255,
            0.8048277334664103,
            0.43406627369789563,
            0.4843799208664591,
            -2.3456262837308754,
            0.2161572474927435,
            -1.616626223953667,
            1.0047149910252544,
            0.26690553193758704,
            2.117627280405599,
            0.21842622959031457,
            -1.4359163133192043,
            -1.17733117106097,
            0.45025790742780797,
            -0.4324841461048949,
            -0.7605887985582834,
            -1.30107340070964,
            -1.3980137138664857,
            -1.267373116492697,
            -0.3074837587981291,
            0.03131816879482924
        ],
        [
            1.5333636274032572,
            1.0102153373453424,
            -1.6016552078036994,
            -2.2961248141037256,
            0.6325701913964733,
            0.3459128623122568,
            -0.7286922321052157,
            -0.8969964154370884,
            0.7718790739591538,
            0.3939362330586846,
            0.6658190327876479,
            -1.1315843565171202,
            -0.8151318630138994,
            0.7507990500609075,
            -0.3800670664325244,
            -1.2437718191938572,
            0.03495257134413494,
            0.0,
            0.4356482850342603,
            -0.19064569163243927,
            -0.2941729140426389,
            -0.45241930245087286,
            0.34019156149814006,
            0.5420081384482991,
            0.09777968060465868,
            -1.5485883108311913,
            -0.900124360298126,
            0.09520662961143198,
            -0.030240474247204076,
            0.5300218432864826,
            0.9125227545790812,
            -0.5350644836260238,
            1.1270071546243032,
            0.682554350407293,
            1.7852201612607272,
            -0.1683674621091406,
            -0.5333757077560409,
            1.4445436217423486,
            1.0193665825017009,
            0.06451091199614788,
            1.2666959168587248,
            -0.1416800328668613,
            0.12089621307484516,
            -1.0323542944436788,
            -1.4073685701711016,
            0.8661441894997775,
            1.0370196192010237,
            0.9780890605388329,
            0.534776722769816,
            -0.6658011696080965,
            1.23686696015618,
            -1.6008646019033392,
            -0.5361022613445324,
            0.11720069018208644,
            -0.9960046613564417,
            1.0105018712128784,
            -0.02561528924328791,
            0.7339734359834684,
            -0.2017431192663629,
            -0.1277978829308749,
            -0.6000485186253142,
            0.6217064080770583,
            1.1414934940316868,
            -0.26142816061073576
        ],
        [
            0.5404926015035248,
            1.6778209118239957,
            -1.1884762798519035,
            -2.2840927136086138,
