{
    "N": 64,
    "id": "35acd5d7-b69c-4fec-b2bf-3b78ae0f9ad9",
    "problem_type": "SK Spin-Glass",
    "distribution": "gaussian",
    "spins": [
        1,
        -1,
        -1,
        -1,
        -1,
        1,
        1,
        -1,
        1,
        1,
        -1,
        -1,
        -1,
        1,
        -1,
        1,
        -1,
        -1,
        1,
        -1,
        1,
        -1,
        -1,
        1,
        1,
        -1,
        -1,
        -1,
        1,
        -1,
        -1,
        1,
        1,
        1,
        -1,
        -1,
        -1,
        1,
        1,
        -1,
        1,
        -1,
        1,
        -1,
        -1,
        -1,
        -1,
        1,
        -1,
        1,
        -1,
        -1,
        1,
        -1,
        -1,
        1,
        1,
        1,
        1,
        1,
        1,
        -1,
        1,
        -1
    ],
    "couplings": [
        [
            0.0,
            0.6303838825645562,
            -0.5612604036810445,
            1.0086445255656158,
            -1.5307751740461852,
            0.5887701758009662,
            1.5891352079833772,
            -0.897974300183116,
            -0.7420518990515166,
            0.9494446672425162,
            0.07026824850873324,
            -3.085210334449291,
            -2.6030840948114915,
            -0.03827492077422475,
            -2.1641487558338612,
            0.3207291112499767,
            1.8317285062083994,
            -1.5910986828892402,
            0.5543993893779139,
            -0.551787484373574,
            2.00837104603742,
            0.22550724003145642,
            -0.5525709244998276,
            -0.344157950057986,
            1.3156108701449882,
            0.05139586426902779,
            0.5508534449864614,
            0.7810016889206594,
            -0.25241920931083084,
            1.0540021335568273,
            -0.9984183855880148,
            -0.927992158639453,
            1.1237742974077882,
            1.3630970807743157,
            0.6587260466946976,
            0.01869677773430745,
            -0.10843057861338884,
            -0.800428547098166,
            1.623778904674308,
            0.7221870728607531,
            -0.22420049123437905,
            -2.330360493347752,
            1.0824877692346815,
            -1.5496334246980288,
            -1.5508870416984906,
            -0.00469292751643889,
            0.4976728094851849,
            -0.4872407577719666,
            -0.49797928561887217,
            1.0382821368838075,
            -0.9104481428967451,
            -1.173904983889292,
            1.365926851806015,
            -0.8594787073907402,
            0.693168465516951,
            0.5116596887158327,
            0.2728214077066602,
            -4.999407787015976e-05,
            2.0770227421246377,
            0.11384987881403444,
            2.3985355271889772,
            1.2441967064055235,
            0.15343468528902912,
            0.8089010406495296
        ],
        [
            0.6303838825645562,
            0.0,
            0.3522497260694599,
            1.7372189536091132,
            -0.6566786699637449,
            0.8160320243133709,
            0.8288028129658166,
            -1.1191013698165515,
            0.9462686791202675,
            -2.8989530233732816,
            -0.31291413655764627,
            -0.9940369975166529,
            -0.9764409723943633,
            -0.504997006090497,
            -0.5875657423630075,
            -0.024455971614918026,
            0.23751398208137112,
            -0.47595197661398914,
            1.518056804560186,
            1.8331743063840429,
            0.9847364890649372,
            -0.680198357090049,
            0.029912909077842054,
            0.18349408082477803,
            -0.2112280959606342,
            0.41611769897585393,
            1.4064234441940704,
            0.5979594200760303,
            -0.5271434019421639,
            -1.7556543120839267,
            -0.21023271270780142,
            -1.4554112711791252,
            1.0967114889097298,
            -1.1638137310132406,
            0.12917735630430083,
            0.011220168113255009,
            1.33788781196717,
            0.5807866975996125,
            -1.5832994443012491,
            -1.6556927698294526,
            -2.0340431163518367,
            -0.8962580420063283,
            0.6532755704789104,
            0.4690498572843622,
            0.3432392231491601,
            -0.6968487443285213,
            -1.1969738693286511,
            -0.12189663019137306,
            1.1620230104074842,
            -0.21612192698442267,
            0.012940089445132164,
            0.19909242568425747,
            -1.0024614641204825,
            -1.084219663614299,
            -1.5030685401813286,
            0.0866187009713866,
            -0.05777151286984434,
            -1.419329391141089,
            0.2680723934292365,
            0.9319569450548413,
            -0.02205493525646452,
            -0.4115108630516727,
            0.4448338208138732,
            0.1671755440278787
        ],
        [
            -0.5612604036810445,
            0.3522497260694599,
            0.0,
            0.24498064542152231,
            -0.9999586105587124,
            0.989502235078174,
            0.12021612107653615,
            -0.3122260691956624,
            0.47013046034195244,
            1.0134331707667195,
            -0.9432372586761005,
            0.08772617234580128,
            -1.072210857905593,
            -2.3226211602570586,
            -0.555139610006898,
            1.9343510368157608,
            1.5809917258612727,
            0.6230326539406627,
            1.1520708937678448,
            -0.38859094080199624,
            -0.6108593509277926,
            0.15595671862718147,
            1.6924078518082275,
            0.3207023437441826,
            -0.44978194196868804,
            -0.443378693674082,
            0.6380447271361996,
            -1.307593090214011,
            0.18661257867742254,
            -0.6046110435131355,
            -1.0401767283799286,
            0.8884228672757665,
            0.9776325893594094,
            1.4192205937311384,
            1.4818765185808649,
            2.1199127063385426,
            -0.7639660314448773,
            -0.7733809142085804,
            -0.6030817912844451,
            -0.3767924576979615,
            -3.5181847483695976,
            -0.202618115416058,
            0.05049250749667716,
            -0.03741385676507963,
            -0.17888571187032237,
            -1.5955605492649807,
            0.4325415369187454,
            0.9667479269113946,
            0.7761391519214519,
            0.3300876054966121,
            0.9582743541313699,
            0.5544765114932233,
            -1.1852578494930772,
            -1.7936798600299242,
            -0.34631240037189304,
            -0.26603676322389785,
            1.956634417504184,
            -0.772506819832968,
            -0.40577472006635784,
            0.5361436442345137,
            0.22913686713221074,
            0.14675798578430366,
            -0.044945925316520516,
            -1.6132094376371882
        ],
        [
            1.0086445255656158,
            1.7372189536091132,
            0.24498064542152231,
            0.0,
            0.5974586718874572,
            1.8879261802620093,
            -1.509482844393109,
            -0.6997125000378184,
            -0.30048541936800943,
            0.9691886842297148,
            0.8848090004953654,
            -0.1110908784323579,
            0.7577354171498393,
            1.0405931731457994,
            0.9519865435581913,
            0.6687154287413644,
            2.006236838786767,
            -0.6097225466213023,
            -0.9469729744625264,
            -0.7862487738601421,
            -0.9521912750167161,
            -2.3865100780869826,
            -0.21688629704954293,
            0.6732696287202389,
            0.5108465205185079,
            -0.2785142166030895,
            -0.861367008555152,
            -0.1397586768811331,
            -0.4470545594869035,
            0.72843844185345,
            -1.5819001712132434,
            -0.3745958854597915,
            -0.1397079277605202,
            -0.39121097324285753,
            0.08283422836644949,
            -1.7877275758664806,
            -1.471198069339346,
            0.026839595826143953,
            -0.7501230373349762,
            0.3445709357313269,
            0.7432431307376588,
            -0.7340357264257992,
            0.43515329979732637,
            -0.113416303962306,
            0.01611347079890293,
            0.2793647861259053,
            -1.7472040662750936,
            -0.3964216935122626,
            1.0683451969018714,
            1.870597587164762,
            -0.03918428630440204,
            2.626194475999069,
            -0.17701243177087186,
            0.7394795744348744,
            0.7884237970458614,
            0.6967101772157942,
            2.3411736457240493,
            -0.34596091854852634,
            0.7116328809797322,
            -1.9262889750559926,
            0.923131801771976,
            -0.1579287045291502,
            0.06337987396823944,
            -0.47270407273674936
        ],
        [
            -1.5307751740461852,
            -0.6566786699637449,
            -0.9999586105587124,
            0.5974586718874572,
            0.0,
            -0.22366859576309372,
            0.2018149419631661,
            0.11267740417629599,
            -1.6422072572083655,
            0.5249331356641465,
            -1.941112289330981,
            -0.7587660844932995,
            -1.834420021838565,
            -1.4774591155681445,
            -0.7526253114138072,
            2.518923160361764,
            -0.12150076922881466,
            -1.9032015796632076,
            0.05857522325673074,
            -0.7741136941006179,
            0.414378549414303,
            1.3683380881981664,
            -1.493250013087411,
            -2.015639730821684,
            0.8390021193820358,
            0.5199125441785276,
            0.2152281459779074,
            -0.35775715278579534,
            -0.25361455488733975,
            1.0167724829613123,
            -3.01909931257385,
            -0.32670847097226835,
            0.4922235675952215,
            1.326486977513336,
            0.01924693037970619,
            -1.3988492320026917,
            0.06216964198432069,
            -0.6807799398543765,
            -1.1149494049679316,
            0.32741744206186124,
            -0.7666231310090698,
            -0.5820074194200708,
            -0.2983706081093943,
            -0.9966372320181907,
            0.8960261588705016,
            0.0513921490178394,
            -0.2931859594698946,
            0.28239749092552574,
            -0.8873611307856578,
            -1.8759056601025295,
            -1.4754950879761894,
            -0.33435559179117447,
            -1.7230526181363361,
            0.6450532082435385,
            -1.1311211196315414,
            0.3566732686206054,
            1.181131879709761,
            0.8800705506384755,
            -0.610542853379236,
            -0.34653160941280264,
            0.9480500781017926,
            0.6144972173919524,
            -0.15229158670229517,
            -0.7098751210911579
        ],
        [
            0.5887701758009662,
            0.8160320243133709,
            0.989502235078174,
            1.8879261802620093,
            -0.22366859576309372,
            0.0,
            0.021413027320737577,
            1.2053217486897414,
            0.5991100392568312,
            0.8454566585176708,
            0.9913369726584514,
            -0.740257833558386,
            -0.04996403307627784,
            1.0842954744518063,
            -1.2868399456650228,
            0.8893394800660388,
            -1.4992145410980064,
            -0.2638594830322584,
            1.4167170747168487,
            -1.2231894393843816,
            -0.8289252938962828,
            -0.3910531795635608,
            -0.47298696870575824,
            0.7699358581469299,
            2.2572747639619477,
            0.4838887304325016,
            1.5142167867344916,
            -0.5118085646121993,
            -0.9321120045624166,
            0.3158376716153661,
            1.0901522840689946,
            -2.0647606791788395,
            -1.1105347074136245,
            -1.2438967634767475,
            0.413195125596782,
            0.6332348469386677,
            -1.8638791219272153,
            0.48900371454320457,
            -0.7487765895961486,
            -0.8612281054381017,
            -0.8030629176285817,
            -1.7174698159973136,
            0.7051954708767475,
            1.6988591675203806,
            -0.6534175052582298,
            0.018552529431905076,
            0.8054805408883233,
            1.993426722811583,
            0.7292697348634772,
            -0.052703684995138375,
            -0.11755260796697908,
            1.1794445283946269,
            -0.4618188536911239,
            0.4245324568343612,
            0.1786820181824615,
            -0.8539698996767886,
            0.13361396813906193,
            1.0626630440410683,
            -0.6011513479754612,
            1.4676313099451885,
            0.2262641321529088,
            1.8090493536145862,
            -0.7887037135443469,
            -2.0765042419925543
        ],
        [
            1.5891352079833772,
            0.8288028129658166,
            0.12021612107653615,
            -1.509482844393109,
            0.2018149419631661,
            0.021413027320737577,
            0.0,
            1.6775999446714185,
            0.6268302332548122,
            0.5712989242579748,
            -1.3299494283574183,
            0.3816518215158535,
            -1.3154445486838997,
            0.5810780076610859,
            1.312447344600765,
            0.020048996167227717,
            0.8552925263901032,
            -1.1075634608752143,
            1.094904630831699,
            -0.7419286628622375,
            -0.34641372822208316,
            -0.47267629896986846,
            -0.09517366918657148,
            0.8936281992040228,
            0.14594744992821437,
            0.4465621001108742,
            -1.710196124239696,
            -0.8761299877910421,
            0.8644969903069457,
            -0.17795919489564124,
            0.17807098197882026,
            0.951320312892767,
            1.1971836086670478,
            -0.4251020613440032,
            0.07321767120376015,
            -0.7849058354279109,
            -2.0389586233490764,
            1.138074160125799,
            0.5549776456646162,
            0.8786289650780557,
            -0.1420788070405603,
            0.3054831969961644,
            -0.10844288872325927,
            -0.12983039944743877,
            0.944720708239059,
            1.8433211496165705,
            -1.5064659919929106,
            -1.6148742654187702,
            -1.4535545605379676,
            -0.04365453234981111,
            0.24641454590544593,
            -1.1793831244203201,
            -0.08879869682388446,
            0.3409192641744483,
            -1.3065559701748464,
            0.2416019048244011,
            -0.23585326820291,
            -1.2204660974365178,
            -0.48846946866748636,
            1.2573887437609088,
            1.077483039891874,
            -0.9928416952398988,
            -1.5068608737380464,
            0.8720664905819266
        ],
        [
            -0.897974300183116,
            -1.1191013698165515,
            -0.3122260691956624,
            -0.6997125000378184,
            0.11267740417629599,
            1.2053217486897414,
            1.6775999446714185,
            0.0,
            -0.484262655560597,
            -1.1446320177341813,
            -1.3579628273344677,
            1.2993237972218472,
            -0.40585480781598926,
            0.3486054494404965,
            1.0913107377421736,
            0.73732705442506,
            -0.8033369827735609,
            -1.768992735377522,
            0.49377013971806144,
            0.3966486305165666,
            1.3544175198075865,
            -0.5063718642560173,
            -0.04931254087978591,
            -0.8248897742246589,
            0.7888071545061957,
            -1.841289269554061,
            0.3399375656224052,
            1.248776802588058,
            -0.0552113831580967,
            0.6858488621601229,
            -2.198535281911718,
            -0.5141848108300182,
            0.39556793977330423,
            -1.000094407715785,
            -1.1196070348060654,
            -1.3933640999377837,
            1.39540798441888,
            0.46724688939347836,
            0.8001530452743633,
            -3.0256838959235712,
            0.07829111487322785,
            1.246756677441938,
            -0.39939422815087866,
            2.1540576593369978,
            0.21304836129464433,
            -0.6539536901514217,
            1.1718915011305553,
            1.2095063117345772,
            -0.36355510256452966,
            -1.1867748585569433,
            -0.4599101896602615,
            -0.7796515033236383,
            0.1614287911429292,
            1.8110557561590512,
            0.9995903033567545,
            -1.398257438425515,
            -0.7697541409519149,
            0.5611849789809485,
            -0.04777029315434204,
            -0.7593468526144429,
            -0.7100772951611543,
            0.9995402743302679,
            0.09469787936599795,
            0.622674387520203
        ],
        [
            -0.7420518990515166,
            0.9462686791202675,
            0.47013046034195244,
            -0.30048541936800943,
            -1.6422072572083655,
            0.5991100392568312,
            0.6268302332548122,
            -0.484262655560597,
            0.0,
            -0.13739166443597647,
            -1.5266283096578666,
            -0.12144886748918703,
            0.7599829069045346,
            0.39051570173630457,
            -0.8945233250044823,
            -0.017424443323134007,
            -0.7865193670024061,
            -0.2031684904556591,
            1.2765168625837728,
            -1.1360121322533874,
            0.38262320971015945,
            0.896940631244264,
            -1.9611710183823017,
            -0.754911732078523,
            -0.18132138641562248,
            -0.7282090249049886,
            0.3955322172549626,
            0.6231147511316761,
            1.2481645903604077,
            0.30333972463948566,
            0.12352961294622873,
            0.5871933183421852,
            -0.5294803461123593,
            -0.06513176222139373,
            -1.105474342055524,
            0.40735846570871215,
            -0.1305723698000118,
            1.468878486780422,
            0.8290264980000035,
            1.0581199173573208,
            -0.21501465585146706,
            0.2899969386506297,
            0.3558407082422392,
            -1.0906409154373278,
            -0.03241287256761196,
            0.45666491515634255,
            0.24664305452733457,
            -1.6018713786187522,
            -1.125459357293256,
            1.4223689796052128,
            1.086524331017455,
            -0.550075311903174,
            1.162177612574664,
            -0.9546935132314927,
            0.597794171088201,
            1.3430229532774465,
            -0.0622849132553879,
            1.3041911037314544,
            -0.020285684338705066,
            1.0116835796875099,
            -1.1946740429551448,
            -1.0224217866750633,
            -0.35424447569396694,
            0.7708447367191263
        ],
        [
            0.9494446672425162,
            -2.8989530233732816,
            1.0134331707667195,
            0.9691886842297148,
            0.5249331356641465,
            0.8454566585176708,
            0.5712989242579748,
            -1.1446320177341813,
            -0.13739166443597647,
            0.0,
            1.3150463596349755,
            -1.7825582682774066,
            0.3999524765012816,
            1.251904065127021,
            0.12160070823065229,
            0.8272882353467085,
            -1.7032841489317252,
            0.8992872484211638,
            -0.6960751339586507,
            1.8005925076262728,
            1.5275445620820498,
            -0.5936905830613974,
            0.7805615587000511,
            0.34204865639576365,
            0.7081828107288182,
            -0.004223194713070575,
            -0.7907271377073418,
            -2.63774706096778,
            -0.422787425690009,
            0.7366092733751808,
            1.9026186105867957,
            -2.343681891847087,
            -0.2915974187487974,
            -1.1998213765391992,
            -0.5147764871686813,
            0.11484763851898691,
            -0.73372281156238,
            1.0737413284615251,
            0.7732438643548392,
            -0.8848282180195826,
            -0.4794440496897388,
            -0.08494222478420839,
            -0.866481757852962,
            -0.5087536116416701,
            1.417795120056328,
            1.1105060783847696,
            -1.3251174610606502,
            -0.5766344533460103,
            -1.400189229335156,
            0.3166091615395747,
            -0.5444044356756131,
            -0.02415219636181455,
            1.4216484466461765,
            0.9383262910778631,
            -0.7617691782694798,
            -0.23863064857602723,
            -0.44773096156917275,
            -0.17729527578663096,
            0.17035329062239946,
            0.7200799104568171,
            0.23800545390414815,
            -0.3827365906609964,
            1.9811129816447954,
            0.4623655040535885
        ],
        [
            0.07026824850873324,
            -0.31291413655764627,
            -0.9432372586761005,
            0.8848090004953654,
            -1.941112289330981,
            0.9913369726584514,
            -1.3299494283574183,
            -1.3579628273344677,
            -1.5266283096578666,
            1.3150463596349755,
            0.0,
            0.44089586368826195,
            -0.3937622724707488,
            -0.36588575063003975,
            2.1158988506251313,
            -0.9294925225331624,
            0.2539773665407225,
            -0.6461380794430548,
            -0.6531702943398858,
            -0.20631959633168823,
            -0.1587975268187958,
            0.24484541329281953,
            -1.539348121662743,
            0.23108019334684377,
            1.4106122718945777,
            -0.5559280150980087,
            0.1289345152005796,
            0.1459165528553575,
            0.16055327351538629,
            -1.3604648445064382,
            0.5047016217032047,
            -0.2082608774398134,
            0.24112540881494013,
            -0.18293327249764937,
            0.6254495368812086,
            -0.3219394746638599,
            -1.0462332001886554,
            0.1809695297738423,
            0.30756915498960696,
            1.980108380127651,
            -0.5360750431100959,
            -0.5904897038535108,
            -1.839098127892535,
            0.19748258095272758,
            -0.9473642756240038,
            -1.5168166640742933,
            0.9184092504069973,
            -0.5694724226918938,
            0.5682217375869798,
            -1.392394889801818,
            1.0242217266934586,
            0.4799480302000691,
            0.5462932985881793,
            0.4187234064230202,
            -2.105365641833978,
            0.0025304904672342142,
            -1.0058967628528666,
            0.2757234555277214,
            0.35895173614377157,
            0.40254922241252256,
            -1.0776046422035597,
            -0.46421086169701997,
            -0.79678508286848,
            0.737758320712017
        ],
        [
            -3.085210334449291,
            -0.9940369975166529,
            0.08772617234580128,
            -0.1110908784323579,
            -0.7587660844932995,
            -0.740257833558386,
            0.3816518215158535,
            1.2993237972218472,
            -0.12144886748918703,
            -1.7825582682774066,
            0.44089586368826195,
            0.0,
            0.09851682176101792,
            1.247818997158405,
            1.0915777732406324,
            0.5384942125811518,
            -0.24586853815901255,
            -0.14211338507101903,
            1.3300685519642204,
            -1.076202791740984,
            -0.5946875769367996,
            0.7604543253428168,
            0.49758290270803973,
            0.3698009939487367,
            -1.3921021948859222,
            0.8120487339124215,
            0.3835913861649775,
            0.3370830954684798,
            0.6430862816218529,
            -0.007265967706983824,
            -2.3762199525097993,
            0.030094270344205854,
            0.7765345318228853,
            0.26129843573755346,
            -0.32030206736242944,
            0.8910883930962874,
            -0.5011709589813796,
            2.356505332888265,
            -0.4725889193577639,
            0.013098724520160764,
            0.9855988773167357,
            1.5449583227591541,
            -1.366621763304504,
            -2.7525451863179518,
            -0.9458632516698575,
            0.1591793199577719,
            -0.461075430898588,
            -0.39245923971921803,
            0.7120508947649791,
            0.2626959413233248,
            1.1193374052013731,
            1.1276425198376527,
            -0.10386177643449591,
            -1.437933770003107,
            0.5347845565887526,
            -0.7294572631449202,
            0.08455228039835938,
            0.3687847610349688,
            -0.7769131701207342,
            -1.2820819211572605,
            1.9952727848602183,
            0.7241516767815731,
            -1.5684820206319483,
            0.10968388258763027
        ],
        [
            -2.6030840948114915,
            -0.9764409723943633,
            -1.072210857905593,
            0.7577354171498393,
            -1.834420021838565,
            -0.04996403307627784,
            -1.3154445486838997,
            -0.40585480781598926,
            0.7599829069045346,
            0.3999524765012816,
            -0.3937622724707488,
            0.09851682176101792,
            0.0,
            0.7952249588262043,
            1.492359698340109,
            1.1652154388945362,
            -0.7232640630880056,
            0.06073065001609176,
            0.8983782904335683,
            -1.4522170678349375,
            -0.08496031107705701,
            -2.183920446270797,
            -0.8606866068972767,
            -0.597585068859696,
            0.8306901131897939,
            0.3796909917767269,
            -0.9915022950758415,
            -1.329458571967946,
            0.005216401200828381,
            0.445782101441393,
            1.8272980350626284,
            0.7400422175974699,
            -0.19426701957406184,
            1.4228183486825474,
            -1.453812035625227,
            1.4783704638004487,
            0.0485696882474444,
            -0.017930048309911337,
            -0.8123945479480013,
            0.4439743415725821,
            0.6324929259519881,
            1.255522012053763,
            0.9146521596163568,
            0.6006701914772499,
            3.2310966359880493,
            0.6827512481345858,
            -0.9703454391416294,
            0.3859817133921464,
            1.9353334446534975,
            1.1191659186882663,
            -0.068984171295006,
            0.40311508474777014,
            -0.06853624050478772,
            -2.6256808746086353,
            -0.5665522634276337,
            0.5855461973209394,
            -0.03631001978216092,
            0.3285677766395194,
            -0.2476500584199311,
            0.5402377139211042,
            0.3776787855863895,
            -0.16289126844731072,
            0.2462375310498637,
            -0.0987667115846056
        ],
        [
            -0.03827492077422475,
            -0.504997006090497,
            -2.3226211602570586,
            1.0405931731457994,
            -1.4774591155681445,
            1.0842954744518063,
            0.5810780076610859,
            0.3486054494404965,
            0.39051570173630457,
            1.251904065127021,
            -0.36588575063003975,
            1.247818997158405,
            0.7952249588262043,
            0.0,
            -1.1251853609094655,
            -0.15279038003104184,
            -0.460794630281582,
            -1.287705097749299,
            -0.21905172175024262,
            -0.17012481145086158,
            -1.1687545034412394,
            -1.1866614684164547,
            1.6004693451794534,
            2.6072041071858054,
            -0.0040920728440907396,
            -0.5909795151076704,
            0.08081072221967761,
            -1.7541655322710394,
            -0.8680644982173018,
            -2.0252128340789026,
            1.3537265321668974,
            -1.1800508503337592,
            -0.5889640544784809,
            -0.41839078775038546,
            1.0939037118386625,
            0.1569912480973545,
            -0.46110066644734915,
            -1.4963920345798545,
            1.3178465568872346,
            0.6122191768882228,
            2.0449151382210444,
            1.249333174372543,
            -1.2609113738266406,
            -1.5562915321279653,
            -2.163101547208838,
            -0.9222702426142427,
            0.08463595585113777,
            -0.6180462224227234,
            0.9227574432170468,
            0.6400909277573945,
            0.5257033597405454,
            1.103021700167926,
            2.3805801603109735,
            -0.7170044961706621,
            3.147139831085665,
            -0.07305200212672125,
            0.2888715846482609,
            0.8184310430680504,
            0.718844543310404,
            -1.8198781653156801,
            -1.6282322057999918,
            -1.2244031798642159,
            -0.5406005748862086,
            0.5027462942073462
        ],
        [
            -2.1641487558338612,
            -0.5875657423630075,
            -0.555139610006898,
            0.9519865435581913,
            -0.7526253114138072,
            -1.2868399456650228,
            1.312447344600765,
            1.0913107377421736,
            -0.8945233250044823,
            0.12160070823065229,
            2.1158988506251313,
            1.0915777732406324,
            1.492359698340109,
            -1.1251853609094655,
            0.0,
            -0.7468726128100461,
            0.8134710265943691,
            0.19813331732431758,
            -1.4232082638978432,
            -0.9134305065023403,
            0.8353244409280288,
            1.9241648128278241,
            1.595474983854417,
            0.4525948406325524,
            0.4299716629151234,
            -0.13836981752929045,
            -0.28886423143405254,
            -0.31400453146808743,
            -0.7589632157000141,
            -0.21586725790654357,
            1.5496027636869996,
            1.36276447063601,
            -0.6823550335887336,
            -0.415027211926746,
            -1.849187162741474,
            1.1947756990928107,
            -1.0631933056531357,
            0.9693531714542748,
            -0.7831463481307631,
            -1.0213987104090512,
            -0.3856442292889936,
            -0.628461195650111,
            0.3298469608240235,
            0.06453155430355316,
            0.8947519208995807,
            -2.014893110950541,
            0.33248745716536665,
            -0.928683688725938,
            -0.5431530552323262,
            -1.0828194211128088,
            -0.2829974977188421,
            -0.4457841409717907,
            0.673668072404592,
            0.6217311257394477,
            -0.8833843994513996,
            0.7404943134130875,
            -0.8380549253721606,
            -0.8402926150647914,
            -0.7653835469602923,
            0.7986500498932592,
            -1.8245562461292963,
            -0.027533121024209194,
            0.8620027839390685,
            -0.12413335258555497
        ],
        [
            0.3207291112499767,
            -0.024455971614918026,
            1.9343510368157608,
            0.6687154287413644,
            2.518923160361764,
            0.8893394800660388,
            0.020048996167227717,
            0.73732705442506,
            -0.017424443323134007,
            0.8272882353467085,
            -0.9294925225331624,
            0.5384942125811518,
            1.1652154388945362,
            -0.15279038003104184,
            -0.7468726128100461,
            0.0,
            0.8672960550155607,
            0.48786303904204514,
            -1.1397831716039943,
            -0.5628628167331065,
            1.1534653228057756,
            -0.2588712631980306,
            -0.8087523054537767,
            0.6124705650169722,
            1.2357400723638263,
            -0.28586768640243776,
            0.6553947035098944,
            -0.11782279440206841,
            1.2107240473669119,
            0.5153081741106436,
            -0.2754457284307939,
            0.031200429836083277,
            -0.8468322607664311,
            0.4345769255968701,
            -0.5171663071857735,
            -1.9944551331017495,
            -0.002953519515648229,
            1.2036833630123276,
            -0.3987914226012554,
            0.9179849751555863,
            -1.9263070369006075,
            -0.36496070951695586,
            0.9443847311180475,
            1.6431809492871063,
            -0.5268737877855408,
            -0.891197047592231,
            -0.31210252842726144,
            -1.3387109551849807,
            0.8166913296626924,
            0.5380900235470049,
            -0.35447359496369324,
            0.8196211459063393,
            -1.0246158280645974,
            -0.39755128281322905,
            0.609393662547915,
            0.3798525508927124,
            0.5085391831808898,
            0.9846263871733605,
            -0.4496961999183462,
            -0.7436966013635652,
            1.6163208540937208,
            -0.3649359265820649,
            1.1826946580012092,
            -0.5457021426063005
        ],
        [
            1.8317285062083994,
            0.23751398208137112,
            1.5809917258612727,
            2.006236838786767,
            -0.12150076922881466,
            -1.4992145410980064,
            0.8552925263901032,
            -0.8033369827735609,
            -0.7865193670024061,
            -1.7032841489317252,
            0.2539773665407225,
            -0.24586853815901255,
            -0.7232640630880056,
            -0.460794630281582,
            0.8134710265943691,
            0.8672960550155607,
            0.0,
            -0.248246519959724,
            0.4427962215603046,
            -0.9257463127859324,
            -1.4515414295118667,
            -0.1672912190006825,
            1.0887414749612496,
            1.991406677626065,
            0.5904605378781195,
            -0.8782016626787129,
            0.6482402696928631,
            1.4018384699290671,
            -1.0897697737632948,
            0.843392601079115,
            0.6953107562698829,
            0.4530326491699931,
            0.48156426903453436,
            -1.5870120130993366,
            -0.21489598417226766,
            -0.0440866251948129,
            1.1383006884914952,
            0.12111016664577026,
            1.2745170398616286,
            -0.4810253574823265,
            -1.390761683088415,
            0.4166298706550485,
            1.5094393134832351,
            1.2290166324571388,
            0.08328686099428537,
            -0.12422276370563225,
            -0.22749890425115765,
            -0.14267989944595835,
            -0.5537301764951584,
            1.0193813023029623,
            0.1180761858091242,
            1.2487761864662885,
            0.5181924835524312,
            -1.4113674209829121,
            0.8493737632764016,
            0.10333742549433714,
            1.5999968535138547,
            1.3624699005575334,
            -0.0205205296759613,
            1.6477668513942476,
            -0.058748899790772434,
            -1.0009763863568286,
            1.1577383042758758,
            -1.783133468828013
        ],
        [
            -1.5910986828892402,
            -0.47595197661398914,
            0.6230326539406627,
            -0.6097225466213023,
            -1.9032015796632076,
            -0.2638594830322584,
            -1.1075634608752143,
            -1.768992735377522,
            -0.2031684904556591,
            0.8992872484211638,
            -0.6461380794430548,
            -0.14211338507101903,
            0.06073065001609176,
            -1.287705097749299,
            0.19813331732431758,
            0.48786303904204514,
            -0.248246519959724,
            0.0,
            1.0640985484208543,
            1.1318352206417353,
            -0.425657559066675,
            -0.040908055655787,
            1.5408168567795226,
            1.3098119008315838,
            -1.1486879386344893,
            -0.2128715070703481,
            1.5906404657476463,
            0.17250923596936446,
            1.0645880537162948,
            -0.747462231583407,
            0.02913884546449755,
            0.06098207086109456,
            0.6687290276337223,
            -1.042168528640529,
            -1.2196601896291275,
            0.9911639516488556,
            0.9885547547102137,
            -0.40334519665299723,
            0.09455889814422645,
            -0.47477716426208466,
            0.5321511251057363,
            -0.6479360712477958,
            0.49932936545372886,
            -0.5749080401325524,
            -0.18759944343252224,
            0.24222219994946084,
            -1.3341487120825641,
            0.6018240582958533,
            1.6541175348218167,
            -1.1507599101340085,
            1.1981423426767404,
            0.040255528487121744,
            -0.2869422171159822,
            0.7253505157046174,
            0.8711932971106082,
            0.2235294807676232,
            1.1552764985505934,
            1.7662273874655368,
            -1.0183326972307254,
            -0.6910480226767195,
            0.0716737268091798,
            -0.21026371134948327,
            0.6345955192087736,
            -0.7646304751110741
        ],
        [
            0.5543993893779139,
            1.518056804560186,
            1.1520708937678448,
            -0.9469729744625264,
            0.05857522325673074,
