{
    "N": 64,
    "id": "abe2a70c-9526-4080-8583-bf50c5bb5437",
    "problem_type": "SK Spin-Glass",
    "distribution": "gaussian",
    "spins": [
        1,
        -1,
        1,
        1,
        1,
        1,
        -1,
        1,
        1,
        -1,
        1,
        -1,
        -1,
        1,
        1,
        -1,
        -1,
        -1,
        -1,
        -1,
        1,
        -1,
        1,
        1,
        1,
        1,
        1,
        -1,
        -1,
        -1,
        -1,
        -1,
        1,
        1,
        -1,
        1,
        -1,
        -1,
        1,
        1,
        1,
        -1,
        1,
        1,
        -1,
        1,
        -1,
        1,
        1,
        -1,
        1,
        1,
        1,
        -1,
        -1,
        1,
        1,
        -1,
        -1,
        -1,
        -1,
        1,
        1,
        1
    ],
    "couplings": [
        [
            0.0,
            -0.6244624432841543,
            1.5529423644661104,
            -0.5509952453234648,
            0.08410602302347157,
            -0.2938605929429238,
            -0.08603421166545425,
            1.9094253209186478,
            -1.4489325536366737,
            0.7975232876761004,
            -1.3908194888652525,
            -0.5969836841043102,
            -0.12300377392720337,
            -1.537466294835318,
            0.671612786919091,
            -0.6470716375930058,
            -0.17106428652726172,
            1.3656716660197874,
            -0.0784407217518908,
            0.6925992286469939,
            -0.5801659652952433,
            0.6382845596480382,
            -1.464719956507099,
            0.362162904434901,
            2.381513198951599,
            1.6007211669589212,
            1.4141441546327966,
            0.18365512987218302,
            -0.6259176602403606,
            -0.6678861725571634,
            0.6018804991004137,
            0.16537310356768872,
            1.221447090718643,
            -0.8276710105531565,
            0.14620121824338989,
            -0.26724344637187925,
            -0.8669487192397723,
            -0.15620276795113125,
            2.1843652923436263,
            -0.19122746363794,
            -0.21724899226422587,
            -0.9478935691614558,
            -0.2083649606419356,
            1.0995116607099802,
            -1.3117142901078493,
            0.08750742098475804,
            0.19096038900786244,
            -1.1036986250626486,
            -0.28283813793530826,
            -0.7009273167767859,
            -2.3356798621543913,
            1.39337764432778,
            0.3308144808766944,
            0.5431831313193516,
            -1.2451345775029017,
            -1.9910987737702632,
            -1.486691953566688,
            -1.0033978709229723,
            -0.2766019189419937,
            1.2352236656778655,
            1.9329142405619726,
            1.5136068776114524,
            1.214620860490137,
            2.8796901863089914
        ],
        [
            -0.6244624432841543,
            0.0,
            0.7470980651949651,
            -1.4173214041683948,
            0.5852579045521488,
            0.5369749674832729,
            -0.4132487465102892,
            0.7330781669865228,
            -0.04479331675164995,
            -3.729109304157833,
            -2.2141072013607856,
            0.7557091981037869,
            -1.2114883112237265,
            0.6148250063417855,
            0.595373731072805,
            0.8635178793368733,
            -0.3142027959491173,
            -0.8624059932709159,
            -0.05398595599643997,
            1.059911784512607,
            -0.21301074141546625,
            1.3611060972742035,
            0.8450881984841953,
            -0.7383832241261877,
            -0.8318256778945609,
            0.36014503331862635,
            -1.3071707529626386,
            1.657842465661511,
            -1.5910764358812493,
            0.5927945731669176,
            0.22945556633547257,
            -1.2341994138024917,
            -1.8234500986368467,
            -0.18476809134431182,
            -0.31157703703189044,
            -0.15658653796373656,
            -1.2428129504642613,
            -0.2531321890566756,
            0.7498766511689153,
            -0.11615219345279315,
            -0.6675985492828147,
            -1.2720374517281805,
            -1.5156680429486777,
            0.9704957137968515,
            1.745094632849152,
            1.0091042742858103,
            -1.455082212927791,
            0.6103840176191941,
            0.46554187051580714,
            -1.319089091431707,
            1.1799206685449997,
            0.4566226154139886,
            -0.6694456150815647,
            0.3794573604341845,
            0.7133998777454985,
            0.6136810591701798,
            -1.292380557244665,
            1.2241454175500213,
            1.938960999414219,
            -0.41285360766909696,
            0.9337655006675026,
            -0.32885156261070553,
            -0.11779945085892546,
            -0.10201912093984601
        ],
        [
            1.5529423644661104,
            0.7470980651949651,
            0.0,
            -0.3994032597754441,
            -0.3867444137196139,
            0.7585897799328264,
            -0.045779982062491106,
            -1.9538119394415925,
            -0.3505825006702182,
            -0.6409402963076386,
            -1.2756775244547365,
            -0.8737754295649316,
            0.12095408836822447,
            -0.3730742262806717,
            -0.4445506268584464,
            0.9809955055975791,
            -0.360230773618755,
            -0.5974458810849255,
            -0.9911545824639296,
            0.6552752123684283,
            0.5040878816983387,
            2.686543487858136,
            -0.324430748164851,
            2.246464732834959,
            0.010139182668949616,
            -1.522780383707063,
            0.03417503749092201,
            0.37159018625408663,
            -0.9421354110748035,
            -1.926603653536224,
            1.5764332157599543,
            1.3457194019709522,
            -0.3062058060370563,
            -1.2479502146219927,
            -1.0752298658968942,
            -0.2499560217787863,
            -1.0779864906910874,
            -0.14882786587688673,
            0.6188435836710424,
            0.5872279216595282,
            0.886096599370341,
            0.13753436300678812,
            -0.18467055187802228,
            0.6627538565433128,
            -0.16092598955770926,
            1.8186391473198744,
            -0.7427297242083307,
            0.9255011018566724,
            1.2784884606947486,
            -0.9767859008660847,
            -2.335677668990401,
            -0.6637012023015023,
            1.4179028286392377,
            0.7837060748195044,
            -0.32725388801240973,
            -1.4131959087827557,
            1.6211950051806252,
            0.17694943900915105,
            -1.3305201794949886,
            -0.18270362752729769,
            -0.8061140078709293,
            0.5446649482598894,
            -1.8765522628422866,
            0.803771110860705
        ],
        [
            -0.5509952453234648,
            -1.4173214041683948,
            -0.3994032597754441,
            0.0,
            -1.1712107763439894,
            0.706499898256889,
            -0.3392963894189416,
            -1.838546900196893,
            1.6534350970166896,
            0.2617716752755539,
            0.7173891452394852,
            0.13524007084658632,
            -0.2420754552781261,
            1.493948664139435,
            -1.3370157830975131,
            -0.037088726449682766,
            -1.3173015450501615,
            -0.7012059542732639,
            -0.5684355431945335,
            -0.945434961941498,
            1.1532752067134118,
            -0.846370580627471,
            0.27803345658736994,
            0.02315042840254592,
            -0.3159890225386298,
            -0.18900688632184054,
            0.3286120377319264,
            -1.572719420380248,
            -1.1989676445101431,
            2.016489234426434,
            0.10087372504333088,
            0.19448170252577782,
            0.6000826655886718,
            -1.9192221823091393,
            -0.061058987149066025,
            0.5440328258801291,
            0.9094119132284372,
            0.37269267446352333,
            -0.5905933825132587,
            0.0053312343411840045,
            -0.19827259450626247,
            -0.8496734724941815,
            1.6734291904426775,
            -0.033767509692834326,
            0.7812181859309818,
            0.6944768870681917,
            -1.6946848773684817,
            -1.568413371138774,
            -0.1322713296840343,
            -1.3030453414813363,
            0.2858286357274035,
            1.4664386215462775,
            -1.1887353452062746,
            -0.15733861005011804,
            -1.065802107614552,
            -1.3419453291749954,
            -0.31192589788613967,
            1.0168683928921785,
            0.36562917319874105,
            0.6542897435719363,
            0.391552433396059,
            -1.1063491263312621,
            0.11222332944486338,
            1.6791123669670878
        ],
        [
            0.08410602302347157,
            0.5852579045521488,
            -0.3867444137196139,
            -1.1712107763439894,
            0.0,
            -0.6470173558390914,
            -0.6696879586230952,
            0.0009216201806818927,
            -0.12142533769503075,
            0.5046828054048298,
            1.1384108353373488,
            0.20720958668360667,
            -0.9889641727890439,
            -0.6524926489056178,
            1.1248323182954802,
            -0.006629113680203402,
            -0.48542194501009533,
            -0.4674124550373385,
            0.20158525000837335,
            -1.3976588662886438,
            0.33207414443444544,
            -1.075734682359871,
            0.009211966337843118,
            0.5465665585780621,
            -0.7392761417779659,
            0.1273124001276199,
            -0.7187719615155947,
            2.112825983685218,
            0.20887669151666918,
            -0.729029714652172,
            -0.9822664232263256,
            0.3556019680120047,
            -0.37923739375787385,
            -0.5023024196866978,
            -0.41140057586899886,
            -1.3683593543866899,
            -0.15853410100495793,
            0.6001802493909951,
            -1.0993758568097667,
            1.1198336409231906,
            0.8998731440126296,
            1.8303365489421792,
            -0.15017429262715148,
            -1.2408046003589455,
            -1.4907880543037406,
            0.15196615748053904,
            -1.839727196781867,
            0.5176780798524464,
            -0.5368960289977179,
            0.8987607362724918,
            1.700985811350237,
            -0.09554141843046024,
            1.1221718977371211,
            0.46659035248387554,
            0.26069905463324944,
            -1.472356220624277,
            -0.12276350383006782,
            0.17516416819871464,
            0.28612819885696517,
            -0.5100482940172703,
            -1.260835549802314,
            0.12198379138115338,
            0.5269672542685696,
            1.5015017524786447
        ],
        [
            -0.2938605929429238,
            0.5369749674832729,
            0.7585897799328264,
            0.706499898256889,
            -0.6470173558390914,
            0.0,
            0.8846190167619014,
            -0.29875029262092784,
            -0.1122516102625943,
            -0.3579766981453178,
            0.886869167699589,
            0.6613175137764847,
            -0.9784481236075946,
            -0.13982987359834873,
            -1.199427080470042,
            0.4705828566368711,
            1.1181396364075256,
            -0.295670856717077,
            -0.385704018600691,
            0.6696721883036377,
            0.4847100270502824,
            1.009828095560544,
            1.7309153134079938,
            -0.583812404928914,
            1.2865224424286337,
            -1.3844900819685626,
            0.8428396210318864,
            -0.34304566980998513,
            0.36023787848945943,
            -0.5781860062655869,
            0.07768414721649045,
            0.40652934844566724,
            -0.506281883358523,
            -0.3484883436686788,
            -1.0340827720069796,
            0.35565297324783884,
            0.1690908187308296,
            1.2135229172297213,
            1.3917144847871472,
            0.7653669723015376,
            -0.045033165742735616,
            -1.867146802715777,
            -0.9173261698183135,
            0.3621127821322354,
            -0.28714838538662635,
            -0.8387439720157847,
            -0.08412913226617345,
            -0.05899483330274178,
            0.7446861549058226,
            -0.524311175641846,
            -0.5980605761081009,
            1.3838978486260067,
            -1.3739279408287615,
            -3.3026845022654383,
            -0.48320649805515137,
            0.4535530856795052,
            0.2405137945781952,
            -0.24869702301078345,
            -0.21360891625677397,
            0.10451081413905502,
            -0.45937914492988063,
            -0.6956787208833666,
            1.8872329303379907,
            1.061042582023347
        ],
        [
            -0.08603421166545425,
            -0.4132487465102892,
            -0.045779982062491106,
            -0.3392963894189416,
            -0.6696879586230952,
            0.8846190167619014,
            0.0,
            0.8001712130202597,
            -0.8280532439848826,
            -1.4871476655703015,
            -0.368529106345543,
            0.26686462856755677,
            -0.9137990071038039,
            -1.4345518341565804,
            1.3386548540515009,
            0.4748312085347125,
            0.038330138770241697,
            -0.961350856569785,
            1.2725508019873166,
            -0.39698313549848885,
            -0.4784474604141058,
            -0.3643868940122342,
            1.0248831783519656,
            1.366556971762805,
            -0.27156977451315933,
            0.2850916438067242,
            2.6908401769183117,
            0.3919187466518252,
            0.08925442823534206,
            -1.3184995887472992,
            -0.2053967845005402,
            0.9417545414107955,
            0.4679381648090814,
            0.15075132566429233,
            1.178463870998342,
            1.1112113251612135,
            0.5414076798285123,
            0.6977094380784634,
            0.9719407107364888,
            -0.03911544530395166,
            -0.5266338930177692,
            -1.567745513915657,
            0.39678128717002126,
            0.8156976729266954,
            0.8875496539269755,
            -0.6789016373821538,
            -0.7654286732758703,
            0.9019155551137893,
            -1.7597472250920227,
            -1.2375056317963316,
            -0.1964477217265692,
            0.1412818008012104,
            0.0901267084080949,
            0.06955299647195129,
            -0.581618201345442,
            -0.23623439677269287,
            1.4682079341283427,
            -0.04238507353560495,
            0.5352025963696178,
            1.1999845480706333,
            -1.2903611659534486,
            -1.2742316894041827,
            0.16270344581635518,
            1.140399038705202
        ],
        [
            1.9094253209186478,
            0.7330781669865228,
            -1.9538119394415925,
            -1.838546900196893,
            0.0009216201806818927,
            -0.29875029262092784,
            0.8001712130202597,
            0.0,
            -0.3377434528988001,
            0.315754702385063,
            -0.22038635845437854,
            1.373626942860189,
            0.517138475117259,
            -0.2739017563305191,
            0.5157819617985338,
            -1.4071196412442817,
            0.2501937473489804,
            0.9098875077824192,
            -0.6219071899976495,
            -0.7531324398272449,
            -0.369614772851212,
            0.6720111755224828,
            0.07008798460625593,
            -0.03269663172471963,
            -0.4757583507222146,
            -0.3820588020583306,
            -0.3764257130565303,
            0.4707686239167812,
            0.18413329778570678,
            0.13320248569186532,
            -0.1558009237953843,
            -0.8851255595746015,
            -0.03570893633028842,
            -0.20683297173081958,
            1.467194907614748,
            -0.7100013785411294,
            -2.303962311430365,
            0.4381514223021319,
            -0.2199612931467869,
            -0.5486278048566079,
            1.169306130089476,
            0.6003957373383274,
            1.056994965493008,
            -0.5607518999157594,
            0.6205478783757431,
            0.9148571037757521,
            -1.7252860322132604,
            -0.4148437370605265,
            -0.8173069332497825,
            1.6191950306522822,
            1.0632873695287532,
            0.9043093905611891,
            1.7389910097517884,
            -0.14935959260267462,
            -1.5128626515382528,
            1.4151595833484516,
            -0.739308554744029,
            0.11185404814298432,
            -0.5736853912469935,
            0.9322579103715428,
            -1.724851134680641,
            0.29685699286512435,
            0.5465599833778496,
            0.6080181501605546
        ],
        [
            -1.4489325536366737,
            -0.04479331675164995,
            -0.3505825006702182,
            1.6534350970166896,
            -0.12142533769503075,
            -0.1122516102625943,
            -0.8280532439848826,
            -0.3377434528988001,
            0.0,
            -0.9171207089054836,
            -0.04253434836467352,
            1.0589731103235847,
            -2.247867537632512,
            0.4014514930341852,
            2.1955594014181465,
            -1.3113456251297193,
            -0.0673339216025309,
            3.661262839107248,
            -0.8106770908552916,
            -0.5828770489923861,
            0.3185837136380947,
            -0.21675944033842634,
            1.3317579702667222,
            -1.6545917537165737,
            1.5021015718045903,
            1.0928671385053177,
            -0.1541346815880317,
            2.6079456779836505,
            2.4657469585505174,
            1.0387314021199199,
            -0.8047975629558972,
            0.04204955593739006,
            -1.1645304668841112,
            -0.5932852821052211,
            0.6069496772024581,
            -0.21211813507239582,
            -0.15565674225957743,
            0.22085161532001452,
            -0.6999967455752755,
            0.040079589464076616,
            -0.9524566700315167,
            -0.6038191970006709,
            -0.9293136384188209,
            0.15718255603540726,
            0.44042833929259106,
            -0.1375905417685584,
            -1.5641260721390189,
            0.29843751510122457,
            -1.6875141145418784,
            -1.2454389090724285,
            0.8343620580880018,
            -0.6158905469306756,
            -1.4993092387726994,
            1.2630097785672498,
            -0.5787611979258764,
            -0.9343876634923034,
            0.6330828877561909,
            0.42476952519706834,
            0.9861725906160524,
            -0.2331843836863882,
            0.3194008300677185,
            -1.3117846204020307,
            0.26142175260542866,
            -0.400910539317806
        ],
        [
            0.7975232876761004,
            -3.729109304157833,
            -0.6409402963076386,
            0.2617716752755539,
            0.5046828054048298,
            -0.3579766981453178,
            -1.4871476655703015,
            0.315754702385063,
            -0.9171207089054836,
            0.0,
            -0.941745384388547,
            -0.01675077831678561,
            1.4946221757757214,
            0.6398456651913152,
            -0.36013610097444143,
            0.8250815405848203,
            -0.12186443240733634,
            0.3959846016229419,
            0.409886749277587,
            1.7594359587464545,
            -0.947370904860662,
            -0.5241804225557257,
            0.3779413543702155,
            0.5686543809484604,
            -0.023034092400535982,
            1.3374549209357844,
            -0.6016269758240174,
            -1.5138023515270196,
            -2.694594741233255,
            -2.487341783890783,
            -1.2093798167265029,
            -0.1349071575285902,
            -0.5419474667940697,
            -0.035510947612104875,
            -0.025225462288679043,
            0.5943849338480435,
            0.1672289874652155,
            -0.8408585689138649,
            -0.8979595643976555,
            -0.5873483615784759,
            -0.9820414307790214,
            -0.6106655223387073,
            1.3438806163074595,
            -0.48422961054195507,
            -0.5959960265110927,
            -2.766171356775238,
            -1.4989126195839726,
            -0.3238318299607855,
            -1.2006806104655006,
            0.4198081810694475,
            -1.306991452504317,
            -0.057454963437919476,
            -1.5649577563296522,
            -0.09189885035758925,
            0.6927512586114701,
            0.565571391216801,
            -0.6611747582991621,
            -0.2837014810442636,
            -0.5833550533587596,
            0.5296050102003617,
            -0.531716677676354,
            -0.8350185786308995,
            0.10093805848911148,
            -1.349456025399679
        ],
        [
            -1.3908194888652525,
            -2.2141072013607856,
            -1.2756775244547365,
            0.7173891452394852,
            1.1384108353373488,
            0.886869167699589,
            -0.368529106345543,
            -0.22038635845437854,
            -0.04253434836467352,
            -0.941745384388547,
            0.0,
            -0.3098736267231217,
            0.23105865614804516,
            -0.3276282976348197,
            -0.2794731722611858,
            -1.6097374834548854,
            -0.42089268884690284,
            0.23143796300926728,
            0.6450463326439618,
            1.6469026370387432,
            -0.6668336488447931,
            -0.4640667539258561,
            -1.0246486260367835,
            0.8676161484292232,
            -0.349327761381797,
            0.5250443191564047,
            0.5182654112506084,
            -0.0794742126744933,
            -0.8348683616632955,
            -0.6622131024576352,
            1.241385045370687,
            -0.9229869901745711,
            -0.9798831877364144,
            0.6829586613887859,
            -2.082909543559346,
            -0.36962261462741247,
            -0.6897133483808195,
            0.13300063453670616,
            -0.5220701551677925,
            0.022392675413046154,
            -0.10384102510324607,
            -1.652297344726708,
            0.7692478089779852,
            -0.023079128172661285,
            0.681763853993358,
            -1.1964685555764711,
            0.19812693042800358,
            -0.10626441546789406,
            0.2858876581584857,
            -0.5389513603824834,
            -0.6529241256995347,
            0.5803334692573549,
            0.5921367816845232,
            1.1711949563920834,
            1.8884177208883153,
            0.6620015397093272,
            0.9350839813848805,
            0.07101792959508563,
            1.5936804083486877,
            -0.1129673110718968,
            -0.07852951685847377,
            -0.8480647808987257,
            -0.4208597958952606,
            -0.49954676980389984
        ],
        [
            -0.5969836841043102,
            0.7557091981037869,
            -0.8737754295649316,
            0.13524007084658632,
            0.20720958668360667,
            0.6613175137764847,
            0.26686462856755677,
            1.373626942860189,
            1.0589731103235847,
            -0.01675077831678561,
            -0.3098736267231217,
            0.0,
            1.941189496933646,
            1.489841628770756,
            -0.5221855340688621,
            0.09115829676326345,
            -0.18112473396126944,
            1.4593818895617205,
            -0.09539713012782465,
            -0.6765315407725164,
            0.6543901123203952,
            -1.344508184361916,
            0.6507783016658846,
            0.7565120966543643,
            1.3018784607376157,
            -2.2871807213580126,
            0.5918437870580183,
            -0.5993855914751924,
            0.5715439212093725,
            -0.9725973062964287,
            -1.2783987737336866,
            -0.44526520534235936,
            0.35881124080053317,
            1.6899728015711386,
            -0.6661495999082809,
            0.4344086019672968,
            0.8284640450168256,
            -1.1983953743997486,
            0.9066155705129554,
            0.28409638918145236,
            -1.0307055165954226,
            -0.4321094929812111,
            -0.5696200653686773,
            0.40409587115208145,
            0.4893907789034267,
            0.11405783148332413,
            -0.8498078719115844,
            -1.2347745195177846,
            0.4141908526823494,
            -0.9181345307390713,
            0.7333097958737528,
            -2.140672353664026,
            -0.24278504777855306,
            -0.04744217910234273,
            -0.2318219149838281,
            0.7798542758186872,
            -0.31249301680747915,
            -1.5783179598155248,
            -0.6782867541319642,
            0.15934278106288646,
            -0.05266181606481922,
            -0.5243759862202669,
            0.5304339124249124,
            -1.3370436112446782
        ],
        [
            -0.12300377392720337,
            -1.2114883112237265,
            0.12095408836822447,
            -0.2420754552781261,
            -0.9889641727890439,
            -0.9784481236075946,
            -0.9137990071038039,
            0.517138475117259,
            -2.247867537632512,
            1.4946221757757214,
            0.23105865614804516,
            1.941189496933646,
            0.0,
            1.1725507130009285,
            -0.9891705088787838,
            0.3800862960417539,
            -0.9885161632904095,
            0.5986273524653887,
            -0.254552993312474,
            0.9060571492948647,
            -1.663842295578966,
            1.8828731108767391,
            0.5311238252501317,
            0.471583276134034,
            0.5759187479879105,
            1.9945813312322052,
            -0.8005041795886204,
            0.09882864902410218,
            -0.33085011720380414,
            -0.669813525663816,
            1.0601002365023724,
            -0.33725942661692254,
            -0.46107081811933454,
            1.3134940622816034,
            0.4278804208367241,
            -0.07046892881192013,
            -0.27722848489785185,
            1.1131946921194695,
            -1.2890215940134868,
            1.1648601907582479,
            1.4716880588718453,
            -0.7208859274322063,
            -1.4101342712640437,
            1.4906136865843893,
            -1.168412711978205,
            -1.6154172630450883,
            -1.714575738316602,
            1.0959333751111968,
            2.243939164339008,
            2.8053180713287906,
            -0.6822871293671755,
            -0.01566914477335301,
            1.4539602297616598,
            0.10516653321874501,
            -0.5304996506194676,
            1.1068340264453476,
            0.5888490313438512,
            -0.46266743964134677,
            -0.3820169675493368,
            0.8831065136893194,
            1.1192196447463676,
            0.8997500859410001,
            -0.4369500841256064,
            0.6363495753635245
        ],
        [
            -1.537466294835318,
            0.6148250063417855,
            -0.3730742262806717,
            1.493948664139435,
            -0.6524926489056178,
            -0.13982987359834873,
            -1.4345518341565804,
            -0.2739017563305191,
            0.4014514930341852,
            0.6398456651913152,
            -0.3276282976348197,
            1.489841628770756,
            1.1725507130009285,
            0.0,
            1.0012646555389493,
            -0.34835205202744424,
            -0.3533567750990156,
            1.316518932402017,
            0.7821191805667844,
            0.3569135932649649,
            -0.10934256408192447,
            3.086533578503767,
            2.19040510444826,
            0.32753613190849995,
            0.7022315987314413,
            -0.2691144008211826,
            -1.8968773469104188,
            -0.39492241403319445,
            1.0277653923457057,
            0.3301248138764898,
            -0.8560043232294925,
            -2.156744851465895,
            -0.8586821657493999,
            -0.18681920236532318,
            -0.13159853167409363,
            0.7938253007973902,
            -0.051926005713463994,
            0.46591527746354117,
            -1.58109953218459,
            0.04790320327372001,
            0.1698860081339945,
            -0.2568031217230867,
            1.2224482307462312,
            0.49053444128128687,
            -1.2452624912877064,
            1.0366780061982823,
            1.4513061693940756,
            0.9005912900443241,
            0.5993861466558021,
            -0.2773474720658545,
            0.07225279200946483,
            1.381859800068751,
            0.5799712243530378,
            0.03236242636588648,
            -0.3161809032476337,
            0.6573699924125307,
            -0.19762031844912442,
            0.6912603939115562,
            -1.369011064796515,
            -0.4353720234742124,
            -0.5596204908411994,
            1.0537704436013449,
            -1.2326985042328864,
            0.2537321660725126
        ],
        [
            0.671612786919091,
            0.595373731072805,
            -0.4445506268584464,
            -1.3370157830975131,
            1.1248323182954802,
            -1.199427080470042,
            1.3386548540515009,
            0.5157819617985338,
            2.1955594014181465,
            -0.36013610097444143,
            -0.2794731722611858,
            -0.5221855340688621,
            -0.9891705088787838,
            1.0012646555389493,
            0.0,
            -1.2992526217271585,
            0.1402923042426033,
            -0.659401982858701,
            0.20153422639579746,
            0.41803820982931467,
            -1.3454841621775686,
            1.3726551930940176,
            0.911491144377466,
            -0.2731245158581097,
            0.6396719808202792,
            -0.01988776044862987,
            1.3311658244444335,
            0.4650861877434401,
            1.2551338006624686,
            0.25960026156294486,
            0.6978334389114063,
            -0.01383410264845108,
            -0.4413345303849945,
            0.11671327310097808,
            -0.5549232712063814,
            1.0920363457383002,
            -1.4071415055312173,
            -0.8893258618846838,
            0.45785240178560116,
            0.9055164075401326,
            0.32846662501072665,
            0.8597209313363136,
            0.055549999775118306,
            0.9492307096731553,
            -0.41211038423898166,
            -0.1674720691629526,
            0.10041655556543351,
            0.852300108872471,
            -0.3947440665044268,
            -0.8099665983147114,
            0.684870005194778,
            -0.3865338313699842,
            -0.09736807275056246,
            0.7864087348763865,
            0.7487224869245823,
            0.13313142363598762,
            1.6245777779838626,
            -1.1011729205378578,
            -0.2890194288699669,
            1.4365680779575507,
            -0.35240343722495,
            0.2842853761598865,
            0.9595233291310391,
            0.7600999278856618
        ],
        [
            -0.6470716375930058,
            0.8635178793368733,
            0.9809955055975791,
            -0.037088726449682766,
            -0.006629113680203402,
            0.4705828566368711,
            0.4748312085347125,
            -1.4071196412442817,
            -1.3113456251297193,
            0.8250815405848203,
            -1.6097374834548854,
            0.09115829676326345,
            0.3800862960417539,
            -0.34835205202744424,
            -1.2992526217271585,
            0.0,
            -0.1761680831184426,
            -0.720535104301119,
            -0.25657425959100144,
            1.0784502151539666,
            0.39175153787504086,
            0.6238627356978474,
            0.12592919651585896,
            0.18762497119178184,
            1.2678588158897026,
            -1.1190778487820652,
            -0.11304340943288825,
            0.08268826845154231,
            0.8379243800363297,
            -1.026137688436992,
            1.021674676654033,
            -0.32564534308779663,
            0.27542029302216986,
            -0.08557219500762091,
            -0.053218355951100756,
            -0.0978199559997798,
            -1.0753111980306354,
            0.11201641091777272,
            0.9936476318731117,
            -0.009818555832197822,
            -1.1971367477367543,
            -0.4714762331051094,
            0.8517062019547424,
            -1.5859082199933006,
            -0.6454726850945044,
            -0.4605304082676424,
            -0.0729123557363026,
            0.8319180721534578,
            -0.4301261530005913,
            -0.34550653598827497,
            -1.0958971261771742,
            -0.21325748397763636,
            0.48171633711281275,
            0.29731490606179406,
            0.15413832434272548,
            -0.8322870644504644,
            2.1163990005049973,
            -0.2077320563055418,
            0.7675258537545316,
            -0.7114819044336316,
            -1.8842708573234974,
            -0.8130838859060212,
            0.048667357293031364,
            0.7162886163246917
        ],
        [
            -0.17106428652726172,
            -0.3142027959491173,
            -0.360230773618755,
            -1.3173015450501615,
            -0.48542194501009533,
            1.1181396364075256,
            0.038330138770241697,
            0.2501937473489804,
            -0.0673339216025309,
            -0.12186443240733634,
            -0.42089268884690284,
            -0.18112473396126944,
            -0.9885161632904095,
            -0.3533567750990156,
            0.1402923042426033,
            -0.1761680831184426,
            0.0,
            -0.6220299687382592,
            0.979063305761646,
            1.6101629792996772,
            1.1572097725994777,
            0.09883898571249457,
            1.9171768650890406,
            -0.6506461484715719,
            0.7129838456401119,
            3.008768766583723,
            0.9330012567685417,
            0.7414614747082671,
            -0.11232279214955565,
            0.524183801311883,
            0.3112886504829492,
            1.1708347852795224,
            1.7061563124429742,
            -1.3232028417214483,
            0.7007990005300693,
            -0.09108690130827628,
            -1.7356027609976272,
            -1.73542829742029,
            -0.5971049249815875,
            -0.22817635541095516,
            0.7555649090480724,
            0.11968776948900141,
            0.1628431978942652,
            1.3789394879118209,
            2.132158295672741,
            1.0722871910172107,
            -1.2849966909835013,
            -0.11350853679669294,
            0.4267852016242723,
            -1.001986872635538,
            2.3080423134921126,
            0.12068213702839074,
            1.8945788055000998,
            1.5116271374603967,
            -1.0115189046250592,
            0.2619627547815038,
            0.9744920981052644,
            -0.6222034175827522,
            -0.1519918343909354,
            -0.48866245107927403,
            1.3419726781702983,
            -0.39822979663843994,
            -1.3687951713013162,
            0.8904361742656993
        ],
        [
            1.3656716660197874,
            -0.8624059932709159,
            -0.5974458810849255,
            -0.7012059542732639,
            -0.4674124550373385,
            -0.295670856717077,
            -0.961350856569785,
            0.9098875077824192,
            3.661262839107248,
            0.3959846016229419,
            0.23143796300926728,
            1.4593818895617205,
            0.5986273524653887,
            1.316518932402017,
            -0.659401982858701,
            -0.720535104301119,
            -0.6220299687382592,
            0.0,
            1.5769772627992604,
            1.0539344542409748,
            0.04683989129296148,
            0.6605777285158446,
            1.0192322358603618,
            -0.023542450934079192,
            -0.4139649871580361,
            0.7566215898813877,
            -1.2559866444469516,
            0.29263796365218664,
            -0.6523403874183067,
            -0.8399234612354675,
            0.8572339727045458,
            -0.119180577351419,
            0.3031122113147717,
            0.7466360589712131,
            0.025374930195147312,
            -0.9693058793963056,
            -0.9157820918222205,
            -0.1954276982748192,
            2.2276214407586514,
            1.2287604692305394,
            -1.9074977238887438,
            0.5311891788958659,
            -0.6931995158787403,
            1.0965298558528584,
            -0.802547239850804,
            -0.6395952405562567,
            0.5475882500343542,
            -0.48436660880329285,
            -0.13708416886353778,
            0.2916689125198298,
            -0.12380891077681981,
            0.45892961590333964,
            -0.5472970276844389,
            -1.3536889226972262,
            -0.4787498091487764,
            -1.2300397685170614,
            -0.035387977336812836,
            0.3934337909921905,
            -1.5579489630919539,
            1.052139733000967,
            1.2865615989296635,
            0.25578389810749724,
            0.7018084271646704,
            -2.178996121843222
        ],
        [
            -0.0784407217518908,
            -0.05398595599643997,
            -0.9911545824639296,
