{
    "N": 64,
    "id": "15fafa38-e6fb-4214-a909-1dffaee6ab3b",
    "problem_type": "SK Spin-Glass",
    "distribution": "gaussian",
    "spins": [
        1,
        -1,
        -1,
        -1,
        1,
        1,
        -1,
        -1,
        1,
        1,
        1,
        1,
        -1,
        1,
        -1,
        -1,
        -1,
        -1,
        -1,
        1,
        -1,
        1,
        1,
        1,
        -1,
        -1,
        -1,
        -1,
        1,
        -1,
        1,
        -1,
        1,
        -1,
        1,
        1,
        1,
        1,
        1,
        1,
        1,
        1,
        -1,
        1,
        1,
        -1,
        1,
        1,
        -1,
        -1,
        1,
        -1,
        1,
        1,
        1,
        -1,
        -1,
        1,
        -1,
        1,
        1,
        1,
        1,
        1
    ],
    "couplings": [
        [
            0.0,
            -1.0186945436316237,
            -0.028445930983488753,
            -0.8650417173173809,
            0.31443761321318753,
            1.5388913632013865,
            1.5043476881487259,
            0.6155332929499471,
            0.747146558290686,
            0.6887224897761279,
            -0.33983129472063356,
            0.019426919070343534,
            -0.14727698336122783,
            0.08318315351038424,
            0.07291936871376878,
            -0.6638991041400089,
            0.9168318220364241,
            0.2698245026096343,
            0.4073253304293644,
            -1.3636866744057041,
            0.6285877993631773,
            0.416870877162556,
            0.447375937961211,
            -0.5819776159376605,
            -0.6390722993231476,
            -0.16948249616974495,
            0.25721263830219254,
            0.3242990446797122,
            0.6888781725599252,
            -0.9120953968018557,
            -0.2040972391497457,
            -1.3227571598356507,
            -0.8118312503925948,
            -1.3091904167273343,
            -0.9224336015177669,
            0.9420948198425934,
            -0.8074966064529839,
            -0.8923077987424313,
            -0.975755144632223,
            0.035249415949804366,
            -1.760411807156348,
            -1.0070628355450728,
            -0.1340347154911875,
            -1.6135916106040518,
            0.963920440406125,
            -1.3099981629051707,
            0.8376798336700076,
            1.0525804320909231,
            2.3263708692755514,
            -0.09796786679192258,
            -1.6171776679635979,
            -1.010303442905735,
            1.1993825204837663,
            1.308911572961229,
            0.3894807206991044,
            -0.9575339940495818,
            0.39244424713429055,
            1.4891929791555354,
            -0.09789088325091976,
            0.25576065497642536,
            -0.20073540587014382,
            0.5628915463695218,
            0.8072242284070125,
            0.53213227672735
        ],
        [
            -1.0186945436316237,
            0.0,
            0.11678446094663973,
            -0.1861754078729496,
            1.1127802475945476,
            0.3254467021281129,
            -0.9028087854406227,
            -0.3829076463960067,
            -1.161791354191979,
            1.3931215687678564,
            0.6303142188173253,
            0.44427131298670974,
            -1.6623377080507353,
            -0.030375481922490566,
            1.093593636196156,
            -0.474870942682355,
            0.40739758440038804,
            -1.5826066887855919,
            -0.4936816395051002,
            -2.0721320978608295,
            -0.019269363327158038,
            -0.8978962053327535,
            -1.6528197876869164,
            0.5909175914185194,
            -2.3906367847803383,
            -0.9727904869800316,
            -0.06645322856222927,
            -0.31174111977354757,
            -0.7139416025445755,
            -0.42950431336822154,
            -0.7279312429404642,
            1.5060133001732534,
            -0.9965693854141345,
            -0.7952937751801805,
            0.9779507825106198,
            0.8177633919567784,
            0.6480922529890683,
            -0.7084341603478996,
            -0.7072307712113464,
            0.5683990385512067,
            -1.0437913152253593,
            1.455799137035243,
            -0.490699381150089,
            0.788112126304277,
            0.9808158781396187,
            0.9281606657447694,
            -0.6458751273129435,
            0.5975808859769435,
            -3.084829746935202,
            -0.18158733119862658,
            -1.217511104297309,
            1.4140212272522361,
            -0.05305256253628614,
            -0.6005235779708076,
            -0.1736592761011139,
            -0.3883620675155885,
            0.379021388218567,
            1.300847308152244,
            -0.5916098835408273,
            -0.238550331213942,
            -1.2380364491672122,
            -0.7060390323128577,
            0.268688063352821,
            -1.0496826939188357
        ],
        [
            -0.028445930983488753,
            0.11678446094663973,
            0.0,
            -0.08142824514622793,
            0.6708260381112174,
            -0.5911564406728481,
            -0.21254245382168022,
            0.11727695280957025,
            0.10517015075171354,
            -1.7181385080872331,
            -1.0905321367482175,
            -0.15656048775402964,
            -0.014051723473282351,
            -0.46558924565519877,
            0.7471556596898561,
            -0.18042358331835745,
            1.450165412206325,
            -0.8520896770111044,
            -1.3228886201233911,
            1.5508469413963584,
            -0.0630431192306314,
            1.622815356551981,
            -0.3634020175716419,
            -0.4381098187989992,
            0.26888852712626465,
            -0.7752336878796202,
            -0.3018034002900385,
            -0.27856181211681375,
            -1.088814262756713,
            -0.7026790118030173,
            0.9328188009657523,
            -0.7699271073984666,
            -0.5933149699656137,
            0.23384520282334523,
            -0.10806491537302626,
            1.1090188887301824,
            0.40576389685598824,
            1.9954677435846664,
            -0.4104731740735626,
            -1.4245170534678404,
            1.4485405444588393,
            -0.08819642459663368,
            1.5228294976491488,
            1.3988668633943357,
            0.9576232530746398,
            -2.223207329807815,
            0.10885622394617106,
            0.5001960130714839,
            1.9334423151981328,
            -1.3482172678680981,
            0.5614350128908446,
            -0.2541163791848582,
            1.5044650398104262,
            -1.1132237207324402,
            -1.0380656637040815,
            -1.4693825537037122,
            -1.3910305966939853,
            -0.4132124410933937,
            -1.3251209687123553,
            -0.5720048706517497,
            1.8115999108037009,
            -0.23114133976972892,
            1.0583322847688026,
            0.9958727447521434
        ],
        [
            -0.8650417173173809,
            -0.1861754078729496,
            -0.08142824514622793,
            0.0,
            -1.3730489275167557,
            -0.39722906457193213,
            -0.37613131215242107,
            -0.5321254097715749,
            0.46583848492374674,
            0.38171364579616096,
            -0.916724537461553,
            0.6255164138769629,
            0.05801036427371937,
            0.7093174043317642,
            -0.5115584530699298,
            0.22799161893410508,
            0.037666931421480594,
            -1.7105383373037972,
            -0.13001540558355554,
            0.2274514741366151,
            -0.10469549012393672,
            -1.5795886524156342,
            1.317569963661995,
            -0.08413750794458334,
            -0.3773373357787618,
            -0.83680574910863,
            -0.9968348380564002,
            -1.4015274508729965,
            -0.31404015820522646,
            -0.2144753539136928,
            1.8949605364693731,
            0.7886580960018368,
            0.8170163304693239,
            -0.3985051215017312,
            1.143938406458833,
            -2.865259916728316,
            0.7808566376410475,
            -0.15673188070589195,
            0.06808045782351024,
            2.009783664263124,
            -0.9140737485256216,
            0.04550824049829264,
            0.37375622349855914,
            0.427455651401222,
            0.7238421595243104,
            -0.42471119828433473,
            -0.11426920086390042,
            0.6258356347979039,
            2.0908147659877123,
            -1.247575944574812,
            -1.2200038725589446,
            -0.16303211558214784,
            -1.6268044773993746,
            0.40779868622548143,
            -0.9833091100034388,
            -0.1480065709750128,
            -0.7835952869658366,
            -1.5899254273382208,
            -0.5936689556117591,
            0.9522219176008594,
            -0.9030608965500845,
            -1.0242274557707274,
            0.16095136511864802,
            0.7444794370345786
        ],
        [
            0.31443761321318753,
            1.1127802475945476,
            0.6708260381112174,
            -1.3730489275167557,
            0.0,
            -0.37722868299551915,
            -0.9218813559141414,
            1.2007210974901878,
            0.3681739796486694,
            3.521323841924447,
            0.550632135815842,
            1.4631944935592085,
            -0.549613700519878,
            -0.8959092163838844,
            -1.542503674731925,
            -0.24034771211637773,
            1.0235429388179298,
            -0.7015844762963815,
            0.28239445930079304,
            1.7002940390253138,
            0.2948955648778344,
            -1.6816907283247875,
            0.8699653516466286,
            -0.6108736008776637,
            -0.581728339276066,
            0.6201288094621177,
            0.9605983689003261,
            0.6779376572551415,
            -2.3913566412050837,
            0.9283217105569913,
            -2.1071914051819847,
            -1.2156565567723077,
            1.1810790028844624,
            -1.233903245251358,
            0.45052739848249146,
            1.071222863711957,
            0.19664791808500115,
            0.8421293175730368,
            0.5001598091060082,
            -1.2686038958009114,
            1.8288028799743097,
            5.1017566179246345e-05,
            -2.5787862489964395,
            -0.06552239685847261,
            -2.066344054408928,
            -0.32584943331993876,
            -0.0017748076344948466,
            0.5223177761872001,
            0.03616264431136595,
            0.23175897642083496,
            -0.2766944627533275,
            -2.2165324622345977,
            0.9425649375163218,
            -0.7009826315110809,
            -0.8448847108899535,
            -0.8255163582274452,
            -0.31222186287320947,
            0.9675016939697578,
            -0.13905496309539872,
            0.03805600838459234,
            -0.5787564555571397,
            -0.624406753380756,
            1.050627863968302,
            0.6211794840578685
        ],
        [
            1.5388913632013865,
            0.3254467021281129,
            -0.5911564406728481,
            -0.39722906457193213,
            -0.37722868299551915,
            0.0,
            -0.509247860180616,
            -0.032313825962848666,
            0.7759834281270367,
            -2.8714906759140426,
            1.1499419320397926,
            0.9354369462649421,
            -0.04536950570675074,
            -1.5772063262858227,
            -0.08886267092899093,
            -0.431732794891493,
            0.9389345506237905,
            -0.6075768883684908,
            -1.0921338504472289,
            -0.6157718838922661,
            0.0691810025796717,
            1.0027139552418032,
            -0.7372708546897903,
            -0.6607769539529016,
            -0.18825419185886322,
            -0.45168600541887394,
            0.4670041066223379,
            -1.1686406699084428,
            0.39563628221275465,
            0.31541135456164343,
            -0.014162008631652477,
            0.9023112243962903,
            0.3991754115744963,
            -0.21919466078487843,
            1.1133427727204186,
            0.6733936708519127,
            1.1303677222535422,
            -1.106618301230821,
            -1.3971262719213735,
            0.0882348879970853,
            0.26281325528225724,
            -0.6164822435098992,
            -1.9314672521027025,
            -0.08622377800344723,
            -0.6013031285463188,
            -0.5787246645384484,
            -0.20355403326291022,
            0.4733104527768729,
            -1.647388496521941,
            0.29766854418286487,
            -0.6328152258679706,
            -0.9798310309613747,
            -0.6494298206938779,
            0.5761751398166451,
            1.9851992677065364,
            0.5146899463646072,
            -0.8996403132687232,
            -0.977355741023716,
            -0.7599134281858596,
            -1.127601459317433,
            0.5391966435088053,
            1.0272524415294617,
            -0.2890095001348326,
            1.048983472861411
        ],
        [
            1.5043476881487259,
            -0.9028087854406227,
            -0.21254245382168022,
            -0.37613131215242107,
            -0.9218813559141414,
            -0.509247860180616,
            0.0,
            -1.405270228539234,
            -0.8204940481875883,
            -2.4557664365797756,
            -0.9452234048096837,
            1.6327329239003765,
            0.9106672175743457,
            -1.0582886373565206,
            0.2917566808510485,
            0.05719481336850807,
            0.33271740129409705,
            -0.24908549274067443,
            1.3922238208895044,
            -0.2865074250269656,
            -0.40307677648463563,
            0.23856220876500533,
            0.13196437367013572,
            1.224112940881681,
            0.8862527145549459,
            0.25718143418098316,
            -0.9443596635254483,
            0.03343162944476685,
            0.5199129280778988,
            0.5890191835675525,
            0.3550451146341732,
            -0.3979329664819372,
            1.3717078533718061,
            -0.24717939350240284,
            -1.0133669217302717,
            0.10734848927240223,
            1.3729877987399892,
            0.8104332914309303,
            0.6879019300383089,
            0.19614081929554805,
            -0.06502387331610104,
            0.2526347213222806,
            0.3606443061373897,
            -0.4765637955131486,
            0.1885114324529363,
            -0.03731567535476738,
            1.9749400084484257,
            -1.618399492499474,
            -0.6857598272079882,
            -1.3276702359707635,
            1.046363356378727,
            1.1874458097493277,
            0.2214427039325884,
            -0.6751582083797408,
            -1.386111271653368,
            -0.5097022122789862,
            -0.32295556951036514,
            1.7814167151724458,
            0.1357053419996979,
            0.10278126726968338,
            -0.8204516746249713,
            -0.41677012501523725,
            -0.5917220254376842,
            0.8149911168266354
        ],
        [
            0.6155332929499471,
            -0.3829076463960067,
            0.11727695280957025,
            -0.5321254097715749,
            1.2007210974901878,
            -0.032313825962848666,
            -1.405270228539234,
            0.0,
            1.0109565521077484,
            -0.8975417861727036,
            -2.6417060520666156,
            0.46766694462982333,
            0.21022012506110171,
            -0.5659331048765393,
            -0.06649904316035238,
            -0.5560094988137717,
            1.049482852364957,
            -0.6209874487866196,
            -0.5509947057674186,
            0.8358538385134274,
            -1.4192826333304815,
            0.49075521641474956,
            0.15170019549610142,
            -0.0711196376094237,
            0.411177449445695,
            1.5448495251813772,
            0.3125401561880677,
            0.8962111047964374,
            -2.0033383780806804,
            -1.466112851499243,
            0.1698871798251775,
            1.3303336830281478,
            0.06215328900475826,
            0.11964402243690946,
            0.18832405568208133,
            -0.8258074825802518,
            -0.9929648873376932,
            0.44871498278121524,
            0.8017341919451109,
            1.0497282447037342,
            -0.2229516403675017,
            0.6438580077348833,
            2.329133741836009,
            1.9646250724759509,
            1.4235235002199158,
            1.2464727838935423,
            -1.1017980454489893,
            -1.8118867522192548,
            0.39213493328597243,
            1.592198885401674,
            -1.639771830189813,
            -0.8403108610653606,
            -1.701619515939422,
            -1.2623499602011752,
            -0.3344487164558925,
            -0.14893137841813675,
            -0.1593918356488913,
            0.6671431716441999,
            0.33287780232634445,
            -1.2544794669090367,
            -2.413649577058273,
            -0.8363192051238864,
            -0.7800655305643217,
            0.9986628806261595
        ],
        [
            0.747146558290686,
            -1.161791354191979,
            0.10517015075171354,
            0.46583848492374674,
            0.3681739796486694,
            0.7759834281270367,
            -0.8204940481875883,
            1.0109565521077484,
            0.0,
            1.4079830917381453,
            0.1335505871935207,
            0.351144877210503,
            1.893212774238748,
            0.02420848443761683,
            1.0603424310969773,
            -0.33442906011211093,
            0.458031162592385,
            0.6381376726927037,
            -0.41449553710460246,
            0.009451188495580222,
            -0.6303275515880683,
            0.1944732676112297,
            -0.556924353998447,
            -1.4519610683769724,
            -0.18183942322991,
            2.3461158461822653,
            -0.27657098581175005,
            -0.5253576126490946,
            -1.3981139434005159,
            1.2280301223327732,
            2.0052539713271926,
            -0.4126015126306409,
            0.5507913183930099,
            0.18038411796140186,
            2.0483480226456594,
            -0.7793494411036921,
            0.7832354876891767,
            1.2106780470646927,
            1.3634628382431668,
            1.4276352812849906,
            0.2681019065827682,
            -0.8504177912714022,
            -0.1599622491650755,
            1.1907296878831575,
            -0.19255017049466094,
            0.8635434058334726,
            -0.0915704399523351,
            0.47270665251960536,
            -0.7904211605419171,
            -2.7860419705524704,
            -1.326380146058613,
            -0.24853909553095058,
            1.876965714102793,
            0.3423515549043563,
            0.7869379696215214,
            2.1551069450488374,
            1.7728400494368048,
            -0.362584891461021,
            -1.282161822292619,
            0.23855710153460433,
            1.5233329504832624,
            -0.7941464951901746,
            0.2644570017590312,
            -0.9390523457037375
        ],
        [
            0.6887224897761279,
            1.3931215687678564,
            -1.7181385080872331,
            0.38171364579616096,
            3.521323841924447,
            -2.8714906759140426,
            -2.4557664365797756,
            -0.8975417861727036,
            1.4079830917381453,
            0.0,
            0.02325935243351582,
            -1.2354902570518274,
            0.44993781700945823,
            -0.07373519739934148,
            -0.698863110479241,
            -1.056404625363777,
            1.6475631370840365,
            -2.0712951336391794,
            0.9832074298609734,
            0.37006243998883764,
            1.7531317099944088,
            0.44276367121609195,
            -2.2889497812726516,
            -0.748976015517963,
            0.8718903790167617,
            -0.5196309356578538,
            0.38329580687163006,
            0.46525691617084486,
            -0.26344799163266536,
            0.558355676435909,
            0.73141010683185,
            -1.585918698627971,
            -0.25753591003561815,
            -1.635335837693257,
            1.2741883590141427,
            1.6994628200173205,
            1.2955566447465388,
            0.40697718092671975,
            1.3451692789565617,
            0.2826126577631841,
            0.7117149816303667,
            -2.05533857602516,
            0.7565780298096039,
            0.011227570306100184,
            0.13477140157160333,
            0.2903141019647516,
            -1.0323502815450283,
            0.7833099019826385,
            1.4229989660360445,
            0.8283009254281412,
            0.09260519100287637,
            1.1688853835126896,
            2.3893065375142113,
            -0.35043401496816223,
            0.36813374359748285,
            -0.48393947986624825,
            2.8512874296604975,
            0.3193053590832126,
            -0.3977715233947587,
            -0.9422319452738845,
            -0.5347584708457211,
            -0.23478611135574284,
            0.3820782679189791,
            -0.17035349811669417
        ],
        [
            -0.33983129472063356,
            0.6303142188173253,
            -1.0905321367482175,
            -0.916724537461553,
            0.550632135815842,
            1.1499419320397926,
            -0.9452234048096837,
            -2.6417060520666156,
            0.1335505871935207,
            0.02325935243351582,
            0.0,
            -0.7700838118227514,
            -1.0667853717040028,
            -1.6238557720032445,
            1.1517491070631345,
            -0.4399392932878841,
            0.4898963639772337,
            0.8959851632748338,
            0.539615307219656,
            0.30030247918602176,
            0.19063494033676145,
            -0.6354550604006796,
            -0.42029846234271945,
            1.1662946692714844,
            1.830613713490121,
            -3.113894825914009,
            -1.3047805030208397,
            0.5215545142507646,
            0.9988263682492551,
            0.08116742031673183,
            0.18603667338047103,
            0.11044456086224977,
            -0.014732903703259113,
            -0.8583481304035225,
            1.7629737697250596,
            0.8106161164499703,
            -0.6482380902460921,
            0.6318558800708625,
            -1.6752998826196142,
            1.334238891697499,
            1.2561007494737808,
            -0.5910487712373115,
            -0.20938650037848733,
            -1.1571939277156966,
            -0.31542048181978516,
            -1.5493161533388888,
            -0.2526274517465489,
            0.17993647376475683,
            -0.3840353273899229,
            0.14398977041753513,
            -1.0694662412406677,
            -1.3915079081714385,
            1.8574289450248402,
            -1.077785607666193,
            -0.8948040663007369,
            0.5088133587335897,
            0.7814468203522761,
            -0.7694743620301867,
            2.8522270204045648,
            2.0433631125950127,
            0.27067270667623805,
            -0.8979135451307709,
            0.3862709874397126,
            0.8515721359777306
        ],
        [
            0.019426919070343534,
            0.44427131298670974,
            -0.15656048775402964,
            0.6255164138769629,
            1.4631944935592085,
            0.9354369462649421,
            1.6327329239003765,
            0.46766694462982333,
            0.351144877210503,
            -1.2354902570518274,
            -0.7700838118227514,
            0.0,
            0.9458182822282293,
            -1.2385836967525645,
            -0.43318157118545525,
            -2.1870276500893175,
            0.6781517132236726,
            0.41300317094416666,
            -1.7553264429261766,
            -0.5844200948985218,
            0.3007360867490872,
            0.7057056421546392,
            -0.3271689721215338,
            -0.7679605421890757,
            -0.6712623087788255,
            -0.20222703406165285,
            0.38451528920433914,
            1.088375841786049,
            -0.06644146851725938,
            -1.1038910269038644,
            -0.816448955234795,
            0.5293727660817471,
            -1.3296089042566943,
            0.28686305902845594,
            0.8069307177080013,
            -0.1527437768367093,
            -1.9785949723785816,
            -0.718015404727299,
            -1.0602509081414155,
            0.30038176638750835,
            0.9084175516495799,
            -0.18938021921536216,
            -0.15891419724282047,
            -1.4171255420725557,
            1.6079619872474873,
            0.0447706285437835,
            0.22489208129750268,
            0.03036993030524569,
            -1.3033633268096072,
            0.5436980125425828,
            0.7611967518171913,
            -0.15182896662612116,
            1.3748113463571376,
            -0.5777147703456907,
            1.163316376938877,
            -0.2532743164329139,
            1.4051952262986875,
            -1.3961554533508873,
            0.1765874586028047,
            -0.00422239920915741,
            -0.0811806778000423,
            -0.4565266796325214,
            0.06904687997854936,
            0.3529856682243427
        ],
        [
            -0.14727698336122783,
            -1.6623377080507353,
            -0.014051723473282351,
            0.05801036427371937,
            -0.549613700519878,
            -0.04536950570675074,
            0.9106672175743457,
            0.21022012506110171,
            1.893212774238748,
            0.44993781700945823,
            -1.0667853717040028,
            0.9458182822282293,
            0.0,
            -0.1555711150806284,
            1.165992154406813,
            -0.11074267502261716,
            -1.2535583113476094,
            -0.019382894153327355,
            2.777559621025597,
            0.7535511493150424,
            0.20741158159166784,
            1.7559631706555505,
            -0.23662846510174348,
            -0.4966154969647628,
            0.3451638607855837,
            -1.3170386936726406,
            -0.7203437380124547,
            0.9703458689951311,
            -2.8868085140401223,
            -0.3876527018979051,
            -1.0160920646925298,
            0.7605558684452021,
            -0.017319630260106147,
            1.8187848403463605,
            -0.0932795565242615,
            -0.06818934076780345,
            0.21575773188850977,
            -0.4017920954886453,
            -1.0873536941412043,
            -0.07372596735465378,
            -1.1130634421193824,
            0.44922977426943644,
            -1.7279560977197772,
            1.3884650964709468,
            0.5542770922746865,
            -0.5905973641213276,
            -0.5661139609956269,
            2.085073199962609,
            -0.9209363932053211,
            -1.4651829424239358,
            -1.0082430192985652,
            0.8995423753259425,
            -1.0972145202088712,
            -0.15073718403845618,
            -1.0771875678908112,
            -1.2145496463348975,
            -1.498744537948485,
            0.5022354335621753,
            2.6476764772008092,
            -0.020581510538413495,
            0.8099317545611666,
            0.6731652946382276,
            -0.6664835232875792,
            1.8734414045874785
        ],
        [
            0.08318315351038424,
            -0.030375481922490566,
            -0.46558924565519877,
            0.7093174043317642,
            -0.8959092163838844,
            -1.5772063262858227,
            -1.0582886373565206,
            -0.5659331048765393,
            0.02420848443761683,
            -0.07373519739934148,
            -1.6238557720032445,
            -1.2385836967525645,
            -0.1555711150806284,
            0.0,
            -0.9886705174778905,
            -0.1882379223010276,
            -1.3663610837501006,
            0.46557574381752986,
            0.9306322828299275,
            1.197030084567762,
            1.2690326325835215,
            0.7223589816094654,
            1.2668834536986067,
            -3.135587525252273,
            1.6065488310688965,
            -1.8619963454744266,
            0.14852984090475002,
            -1.7726268909245402,
            -0.14383020092700483,
            -0.47970055208997847,
            0.9313209434202875,
            -1.978194192334259,
            1.5749092310501778,
            0.8636902682808828,
            0.08046276102149344,
            2.485505498879439,
            1.6888477683105074,
            -1.1619001692153377,
            -0.8337408450586654,
            -0.5017525963139111,
            -0.5063222634015329,
            0.08479167288699134,
            -1.7089406201238149,
            1.1576377236014515,
            0.3047660205911387,
            0.12345818209470069,
            1.0969277434536278,
            2.067096353136641,
            -1.1724519776672975,
            0.32535337073045584,
            0.9517008977581342,
            0.5635520292528531,
            -1.8237574538619952,
            0.8599943505307466,
            -1.1877669533307282,
            -1.5975299334635726,
            0.04512731349229202,
            -0.1144124908416009,
            0.21071850560980981,
            0.4900123635283899,
            -0.3084621083025009,
            0.0890389644917095,
            0.6942190182143939,
            2.1044941852181323
        ],
        [
            0.07291936871376878,
            1.093593636196156,
            0.7471556596898561,
            -0.5115584530699298,
            -1.542503674731925,
            -0.08886267092899093,
            0.2917566808510485,
            -0.06649904316035238,
            1.0603424310969773,
            -0.698863110479241,
            1.1517491070631345,
            -0.43318157118545525,
            1.165992154406813,
            -0.9886705174778905,
            0.0,
            0.0047946146763325126,
            -0.051506314462124385,
            -0.41684044424372757,
            -0.3788191242214897,
            0.9491402643097522,
            -0.5034023872515492,
            0.6313935335929591,
            0.9797747003651239,
            -0.703219486105322,
            0.38945401104894023,
            2.3185103069384883,
            -1.667090019129627,
            0.20141075705283026,
            0.689069538474522,
            -1.1320578480439858,
            0.5594167996413777,
            0.18947577161761509,
            0.8856954425657583,
            -0.1622685917521204,
            -0.6908772308591679,
            -0.49286478358221353,
            0.05879106517926382,
            3.5126119928164177,
            0.6997022001145783,
            0.6489870660693495,
            0.8797136013008691,
            0.5388534560322632,
            -0.5237215595550064,
            -0.5210486900984673,
            0.2525077442489972,
            0.8842933079669235,
            0.904913451645766,
            0.08832014646022944,
            2.35137121702525,
            0.28965498696586434,
            -2.4886339776267934,
            -0.27151783387076817,
            -0.886193675191825,
            0.6881632606900955,
            -1.3136683728522396,
            2.7888209614876844,
            0.08036929048804765,
            -0.21850006286677584,
            0.773015869446069,
            -1.3301307260160415,
            0.6671605247564264,
            -1.3966329560260544,
            0.8866252647051178,
            0.9591039374791259
        ],
        [
            -0.6638991041400089,
            -0.474870942682355,
            -0.18042358331835745,
            0.22799161893410508,
            -0.24034771211637773,
            -0.431732794891493,
            0.05719481336850807,
            -0.5560094988137717,
            -0.33442906011211093,
            -1.056404625363777,
            -0.4399392932878841,
            -2.1870276500893175,
            -0.11074267502261716,
            -0.1882379223010276,
            0.0047946146763325126,
            0.0,
            -1.4088771957535573,
            -1.2152381097583813,
            -1.9035861680905808,
            -1.3671903003946975,
            0.20597825260619032,
            0.1865847613098391,
            -2.850988735359277,
            -0.9638694324757517,
            0.9134389178023714,
            0.6518599798301239,
            0.9252200609894927,
            0.11427073059719291,
            -0.06922867812578833,
            0.7598631410396189,
            -0.9369942743128393,
            -0.23808107040604232,
            -0.3634617950168627,
            -0.06314097849571619,
            -2.4023976483257954,
            -0.699266283358372,
            -0.6259076642346081,
            0.10495835377819822,
            0.1354642514367692,
            0.27582096294723685,
            1.341525813134494,
            -1.541846996505537,
            1.7572778217016851,
            -0.6942696390053433,
            -0.1239166310771171,
            1.7428170829764176,
            1.6901135169688726,
            -0.43582404623108084,
            0.10361215031722763,
            -0.48878809291416303,
            -0.24905341094862837,
            1.2441511465406385,
            1.2415003397290223,
            0.7883189547582969,
            0.7694754845207579,
            0.9368092802735972,
            1.3663708790450255,
            0.16251477880068455,
            1.0054791317028409,
            -1.9369843750699554,
            -1.4801585424936134,
            0.20226177573494195,
            -0.7302228030290584,
            -2.1822441183991184
        ],
        [
            0.9168318220364241,
            0.40739758440038804,
            1.450165412206325,
            0.037666931421480594,
            1.0235429388179298,
            0.9389345506237905,
            0.33271740129409705,
            1.049482852364957,
            0.458031162592385,
            1.6475631370840365,
            0.4898963639772337,
            0.6781517132236726,
            -1.2535583113476094,
            -1.3663610837501006,
            -0.051506314462124385,
            -1.4088771957535573,
            0.0,
            0.6067430080559745,
            0.1807236433304319,
            0.9861511567195882,
            -0.8284057746059424,
            -0.07193460639411603,
            -0.6790765640196367,
            -0.5607379952025305,
            -0.9852014611628453,
            0.466694473455113,
            -0.19128400667586387,
            -0.5961481219174222,
            0.2595628655546558,
            -0.3535939521060124,
            0.9981680292910649,
            0.7399366451088003,
            1.7615415771087237,
            0.5771594510413606,
            -0.5877837376767938,
            2.139747332754432,
            -0.8075592258558634,
            -1.7771104056458034,
            -0.2986196441046218,
            -1.2659371580298522,
            -0.03923015339256021,
            1.1306567313426732,
            -0.13445349858146827,
            0.20881327882711448,
            2.0796683689796445,
            1.3918355266982019,
            0.06716874990392402,
            0.23554260977359284,
            -0.85445282584909,
            1.0481877928169163,
            1.099409644903724,
            -2.218906968957618,
            -0.1793707577990029,
            -0.1547309657139142,
            -0.8834652050275155,
            1.4339727864024236,
            -0.19589550685580695,
            0.18030621257981483,
            1.3485825708883656,
            1.958075972449054,
            0.575867452053841,
            0.5760793356989997,
            0.3138531781243382,
            -1.3822367943547436
        ],
        [
            0.2698245026096343,
            -1.5826066887855919,
            -0.8520896770111044,
            -1.7105383373037972,
            -0.7015844762963815,
            -0.6075768883684908,
            -0.24908549274067443,
            -0.6209874487866196,
            0.6381376726927037,
            -2.0712951336391794,
            0.8959851632748338,
            0.41300317094416666,
            -0.019382894153327355,
            0.46557574381752986,
            -0.41684044424372757,
            -1.2152381097583813,
            0.6067430080559745,
            0.0,
            -0.4946684273730677,
            0.7174043256346627,
            0.35677295659044167,
            1.2457487399685148,
            0.39676340130591636,
            -0.9922785362730876,
            -0.09808046036109118,
            -0.19187558985937553,
            0.45989016902199714,
            0.8550655416871603,
            0.4743919672871083,
            1.59538019251666,
            0.1925181093793516,
            -0.16272155674841232,
            0.7709849681187302,
            0.9340550375278426,
            1.2345894190169717,
            0.29864981731818135,
            -1.1319363848494501,
            -1.9902544153067865,
            -0.041015053478978256,
            -0.5463741581176991,
            0.7397316660721133,
            0.7775083466354406,
            -0.8975798905361924,
            -0.539150700962,
            0.8291658010235318,
            -0.7348303351334831,
            0.0360415029309225,
            -0.8683131597089939,
            -0.10980008657563624,
            -1.5394662526535496,
            0.9718147057365657,
            0.7170591055194638,
            -0.33638438150793687,
            -0.6062473970265183,
            0.4946596373733584,
            -0.3366947099842365,
            0.3470801777933033,
            1.0182171119647125,
            0.35270354423410194,
            0.224027134709706,
            -0.20956050429568351,
            0.1326955536918237,
            0.9425212001740644,
            -1.3581721850335735
        ],
        [
            0.4073253304293644,
            -0.4936816395051002,
            -1.3228886201233911,
