{
    "N": 64,
    "id": "315a8705-c8ef-4d1b-84fd-2cfb4d2e0a02",
    "problem_type": "SK Spin-Glass",
    "distribution": "gaussian",
    "spins": [
        1,
        1,
        -1,
        1,
        1,
        -1,
        1,
        1,
        -1,
        1,
        1,
        -1,
        -1,
        1,
        1,
        -1,
        1,
        1,
        -1,
        -1,
        1,
        1,
        1,
        1,
        -1,
        -1,
        1,
        -1,
        1,
        -1,
        1,
        -1,
        -1,
        -1,
        1,
        -1,
        -1,
        1,
        1,
        1,
        -1,
        1,
        1,
        1,
        1,
        1,
        1,
        -1,
        1,
        1,
        -1,
        -1,
        -1,
        -1,
        -1,
        -1,
        -1,
        -1,
        -1,
        -1,
        1,
        -1,
        1,
        -1
    ],
    "couplings": [
        [
            0.0,
            -0.8818893284763418,
            -0.45653220926996313,
            -1.4249862006523204,
            0.04055261698063688,
            -0.2605258951261825,
            -0.8810360151345514,
            -1.0714316358256117,
            -1.2254507848286633,
            0.35921986874762096,
            1.3587090635670467,
            0.8980058639566006,
            -0.6421712291793124,
            0.019535521926261134,
            1.1585013214933784,
            0.5713728039250751,
            1.6433410642907014,
            0.13034031722254738,
            -0.44537455353667926,
            0.010496555088592197,
            -0.679699403908301,
            -0.8734912650468972,
            -1.3829378691094383,
            0.16939290137186236,
            0.2616094227302898,
            -0.16959039593873815,
            0.8084320915424303,
            -1.2122458308427668,
            1.0004302460713517,
            0.017569317168970932,
            -0.0010271773166981015,
            0.6765064155839651,
            1.6541130515820008,
            -0.2679155072678959,
            0.6387517656383007,
            -0.18317440871562396,
            0.4713262077498366,
            0.335515146164887,
            -0.1237094577765489,
            0.13841510431562326,
            0.7343409777284707,
            0.28259558251390077,
            0.46527312001742016,
            -0.25100043095192537,
            0.026244095871517895,
            -1.8920305388155665,
            -0.5268184651620818,
            -0.7449539203257003,
            -0.3544250345774016,
            -0.7001632955303773,
            0.1648677160578318,
            -0.6245417668099184,
            -0.735396033032354,
            -2.429276757981415,
            -0.11278386183363283,
            -0.03196914083662022,
            -0.0720240626856062,
            -1.98888481986305,
            -0.3904434984704177,
            0.014033733337664141,
            -0.9664054671561808,
            0.20024198999848755,
            -0.4823351962040917,
            -0.5325522862996871
        ],
        [
            -0.8818893284763418,
            0.0,
            0.675981243295406,
            -0.565912116052635,
            0.11179381340159347,
            0.19334416599863047,
            -0.8707299727571713,
            -0.30459691344363,
            0.870343546500346,
            0.296990420557738,
            0.26481194038276645,
            -0.015322052473958072,
            0.2999880273233619,
            0.6990757336268415,
            -1.0778162698209957,
            0.5021840924528063,
            -0.1926756516686774,
            -1.2319861408339985,
            -0.3837731871777219,
            -0.07958970032756647,
            -0.7327505157888125,
            2.7833613967692306,
            -0.47108551779413227,
            -0.29799324934640975,
            1.4895430770261913,
            0.09698159848009077,
            -0.13158177605661697,
            0.501190552380502,
            -0.3401339501114313,
            -2.2163042954503305,
            -0.5780111392195074,
            -0.7173872811137376,
            -0.9565218165354943,
            -0.7787624911756272,
            1.6321794143585897,
            0.23863893308050857,
            -1.785900635182695,
            0.3291574323968713,
            0.12429018833450117,
            0.1842694913596888,
            -1.5665884780840753,
            -1.0597620590440602,
            -1.3723165584746309,
            -1.5698825047461296,
            0.11285236467418631,
            1.9205160285107916,
            0.39682122561804584,
            0.07185425154238206,
            1.0868867715883253,
            -0.29195855216599664,
            0.35383745301532743,
            0.35158458856012104,
            -0.29558419154952326,
            0.737387226898407,
            -0.4274142717626716,
            -1.316578488005542,
            -0.31208888586599687,
            1.2973927468516746,
            0.9486292765615956,
            -0.8715215496822567,
            -0.5055552310310361,
            0.4603791763931084,
            1.1607198713380087,
            -0.35443418088840345
        ],
        [
            -0.45653220926996313,
            0.675981243295406,
            0.0,
            -0.5681033181071239,
            0.4707860908960865,
            -0.8994670072518188,
            -0.3511005061668204,
            -0.4285254353049185,
            0.34129097844826756,
            -1.2691249778810707,
            0.17873021535055775,
            -1.0233626162745468,
            -0.08446945372479035,
            0.33413576399043166,
            0.6720705850350119,
            1.439262735379467,
            0.7170413337471775,
            -0.4925555813012633,
            0.6955412804069255,
            1.2055015960588016,
            -0.251748486130417,
            -1.662393966241397,
            1.452453101459728,
            0.4260486885348533,
            -1.6041238141975225,
            -0.845373695682818,
            -0.1382088294379645,
            -0.5445658002239129,
            1.4200787953422185,
            -1.5396027597667268,
            0.5299713828845761,
            0.8553637861219247,
            -2.1466550417418513,
            1.104711392261428,
            0.0024417557901499653,
            0.3360665210960462,
            0.12010015644714832,
            0.2596828374979592,
            -0.3346920524846415,
            -0.2019707970163972,
            0.04997889198262818,
            1.5009871938681407,
            -0.7101429929940408,
            0.4278766485900371,
            -1.0702972851280785,
            0.6893929636619844,
            1.552709600156668,
            0.393608543764382,
            -1.0345637446544484,
            2.1196041514085393,
            -1.6896517463476188,
            1.6170873933432026,
            -1.8878081680541658,
            -0.31620879753377384,
            0.12818362376819445,
            -2.165700922295841,
            0.1551387374443981,
            -0.5637433857634954,
            -0.09621313780323133,
            0.9900946407824675,
            0.3320575523685746,
            -0.3107640802529011,
            0.16986104839520508,
            -0.4167356806047548
        ],
        [
            -1.4249862006523204,
            -0.565912116052635,
            -0.5681033181071239,
            0.0,
            -0.21486931206458185,
            0.37508311422037316,
            0.4114687748418386,
            -0.034478562508087146,
            0.03125515086836933,
            0.1324474355726409,
            0.9943494700391753,
            0.9160825342430317,
            -0.5546600682689343,
            -0.2462566489212595,
            -2.587764637263503,
            1.107815065052269,
            -0.892445867324094,
            1.4685826734880656,
            -1.3059590448915586,
            -0.3639743127849483,
            0.5158786784552656,
            -1.2528656662144984,
            -0.09036403547528385,
            0.36819924807619764,
            -0.6471688960336641,
            1.1107947263658264,
            0.10756652299864476,
            -0.4466311636349679,
            0.3220015123033847,
            0.4705289354500587,
            0.8135030763019727,
            -1.8748397355347959,
            -0.3004728726290252,
            1.5046841613336737,
            -0.41944511641799204,
            -0.24365922941410614,
            -2.0367038481533077,
            -0.34509149767728936,
            1.1180384048156673,
            0.3212700273005075,
            -0.330958281679483,
            -1.241385751786474,
            -1.0359647334021251,
            -0.4148608934626838,
            -1.0505100287496332,
            0.05330271452125776,
            -0.008530525374545782,
            -0.16421381463292584,
            -0.1721130754275804,
            -0.8047531232805459,
            -0.7012944135684809,
            -0.7665689939935182,
            -0.9227564614674183,
            0.4991817167618212,
            -1.9602625680281824,
            1.9595716432717922,
            -1.2020971997996606,
            -0.3434142338411266,
            -0.40337719969765073,
            1.3802796365071384,
            0.9672702958666637,
            0.8654331046770611,
            0.9191072995498644,
            1.3086797050589258
        ],
        [
            0.04055261698063688,
            0.11179381340159347,
            0.4707860908960865,
            -0.21486931206458185,
            0.0,
            1.1657287057161958,
            1.084248027605272,
            -1.4054836117222242,
            1.1886287438364347,
            -0.38300229383601603,
            1.0744901713881487,
            0.6342953372087892,
            -0.5090998098017856,
            0.1537142205225348,
            -0.2585652600705609,
            -0.47198621732163404,
            0.1771013269851864,
            0.7425045472767122,
            -0.06708122560913946,
            0.0021279954210894018,
            -0.4976380552865211,
            -0.6469802776380195,
            1.7625035152857749,
            -0.7679080189220587,
            0.04005638461527184,
            -0.8357612034194767,
            1.3794920556261616,
            0.15194931058831937,
            0.9473510645935179,
            0.6736255850917262,
            0.2799371862774241,
            2.16931728691031,
            0.5916220058049322,
            -0.5641743002827083,
            -0.2639756937595128,
            -1.261170663197511,
            0.6356247976775915,
            -1.2828719073483437,
            0.5462156059016612,
            -0.5004469814441138,
            -0.0011583071943199745,
            -0.7086914195634963,
            0.14681204684411692,
            -1.5376579773522785,
            -1.422688662282335,
            0.8439768615425819,
            -1.1193729399262011,
            0.5559648568840001,
            -1.3864854397641517,
            0.4742721920327793,
            2.557032889549336,
            1.150270480445915,
            0.8637985560041537,
            -1.099054018266114,
            1.4537006653542162,
            0.9877731519854572,
            1.0129316071601127,
            -0.7183237823395141,
            0.9487088256645574,
            -1.1975828229738155,
            0.0653552974356514,
            -0.3513378266334719,
            -0.13710593558170844,
            -0.06284691341124794
        ],
        [
            -0.2605258951261825,
            0.19334416599863047,
            -0.8994670072518188,
            0.37508311422037316,
            1.1657287057161958,
            0.0,
            1.7476653668192002,
            -2.3784929861218904,
            0.6037663958085865,
            0.718104310731624,
            1.4274131346455903,
            -0.8614821240357907,
            0.21252788600256176,
            0.9441001679346502,
            0.8041259349446,
            -0.6282143133445908,
            -0.745747296505817,
            0.853883689285859,
            -0.49388695778703906,
            1.3087348538851613,
            0.27012366197845905,
            0.7224411001616471,
            -0.5948702528726804,
            -0.5283730216681083,
            -0.029099862161831445,
            1.1024645303958132,
            -1.0653604375779453,
            0.624172260298686,
            0.6775522218138249,
            0.4001515897207118,
            -0.21034512180061368,
            0.6765496887734026,
            0.1999270271655072,
            -0.4049659487806136,
            -0.15158443127452803,
            0.43556798592983254,
            -1.740728808814103,
            -0.7201154967950248,
            -0.11096145923010788,
            0.49954107677536846,
            -2.4224899798339554,
            0.19428482676179598,
            1.6237542405872143,
            0.7047969631438543,
            -0.0917924343302772,
            0.7842115929490213,
            0.21350372679605029,
            -0.8330442918308562,
            -0.5714983741584811,
            0.0225144914221852,
            0.9453559195137657,
            0.06636202837351267,
            1.4835005614010521,
            -0.25831156190018484,
            -0.026412142544734854,
            1.0517244862856099,
            0.05697461987304464,
            0.46996429134035667,
            -0.9696839503331589,
            -1.2918147377564344,
            1.3929045483362057,
            0.3359238103418149,
            -1.08019486121047,
            1.5372813858577914
        ],
        [
            -0.8810360151345514,
            -0.8707299727571713,
            -0.3511005061668204,
            0.4114687748418386,
            1.084248027605272,
            1.7476653668192002,
            0.0,
            -0.5740490542355368,
            0.5814627502037876,
            -1.0611393601132537,
            0.21647046094869396,
            -0.7461086106285975,
            -1.1229535887383386,
            1.248907044195694,
            0.7566945853629152,
            -1.3817600690771357,
            1.5274494870928406,
            0.40184930138388647,
            0.4989992158446047,
            0.19637303219954588,
            0.15546850208985916,
            1.779514523296563,
            -0.4431762846546713,
            -0.293133404583114,
            0.012386636979090466,
            -1.151804552068835,
            -0.43047674703411504,
            0.9375983767209094,
            -0.893214352010765,
            0.49088034493236177,
            1.160418131587446,
            -0.2733363276977966,
            -0.34611302863552135,
            -0.48724797896580463,
            1.5117608562815885,
            0.13038395756602547,
            -0.9717506930337445,
            2.6216132975525226,
            -0.7033533764618076,
            -0.9781802689299577,
            0.4284052421093461,
            0.20057667697333548,
            2.3766127427313615,
            2.1302442360067104,
            -0.29940722228502603,
            -2.104780825657629,
            -0.06985947466380332,
            0.43709071139447053,
            0.38843365466269275,
            0.3868222193347484,
            -1.1485421828938471,
            -0.3773703671734089,
            -0.224222296153137,
            1.1198394580403617,
            -0.5967932365289684,
            0.24329290342878201,
            0.72723024047874,
            -0.3223089250562446,
            -0.05246146368338635,
            0.958536344215831,
            0.11242222221178924,
            1.3347648490374033,
            -0.7163095487762395,
            0.03220542722492282
        ],
        [
            -1.0714316358256117,
            -0.30459691344363,
            -0.4285254353049185,
            -0.034478562508087146,
            -1.4054836117222242,
            -2.3784929861218904,
            -0.5740490542355368,
            0.0,
            1.065651839772998,
            -0.4162250448883603,
            0.1704546378604874,
            -0.20910282801834504,
            -1.4534661422166528,
            -2.0713669448556042,
            0.4977483280874089,
            -0.7072742282875814,
            0.3419397576642468,
            1.00882671690301,
            -0.5908055686279192,
            -1.5745682248162536,
            -0.7624583986241441,
            -1.153150941381916,
            0.43946786048259634,
            -0.0010734668980007347,
            -1.4775775006980751,
            -0.8398849477230172,
            -0.503873575884467,
            -0.9029981528903903,
            -0.6263434402446201,
            -0.8081687083069153,
            -0.9616814597122981,
            0.44610511087954596,
            -1.1011355334947208,
            -0.7778273236638353,
            -0.396849402374942,
            0.3687045399143287,
            0.2704513387573291,
            -0.013184153140236738,
            -0.2219278764398488,
            0.22996054316394482,
            -1.1707101288176311,
            1.08697266042496,
            -0.733126231595138,
            -1.1355884675160286,
            -0.25215593818605697,
            0.14192013760864425,
            -1.1043750454167756,
            1.8258598145860514,
            1.7165751033800645,
            0.4162992368449455,
            0.9059639220436064,
            1.1205361235907945,
            1.022661077360623,
            1.218860321563058,
            1.3828305926376412,
            -1.0882175055382601,
            -1.5324679125930474,
            2.752418750515229,
            -0.18227772050963933,
            -1.219160806218644,
            -0.20952098304035358,
            -0.8253160973181547,
            0.014760283261452177,
            0.7630841287140352
        ],
        [
            -1.2254507848286633,
            0.870343546500346,
            0.34129097844826756,
            0.03125515086836933,
            1.1886287438364347,
            0.6037663958085865,
            0.5814627502037876,
            1.065651839772998,
            0.0,
            1.299582483232724,
            -1.3901170755544885,
            -0.8742687132047339,
            -2.671425923074635,
            0.029551758676294896,
            -0.5123580871288124,
            2.2553433667488068,
            0.629987759466763,
            0.8485449994334008,
            1.624217371203009,
            0.8291116732297299,
            -0.6758963955426714,
            -0.42332986413623286,
            -0.5773207113517279,
            0.06807184641175945,
            -1.7374181929373858,
            -0.5570013770577575,
            -1.2347760256539906,
            -0.5849681537929806,
            -1.623964846859235,
            1.153142114154313,
            -0.2082630558131318,
            -0.5992101512878155,
            1.9006848157990308,
            -0.10303468877579808,
            2.072506811086889,
            -1.6040203623822884,
            0.18800562964337914,
            1.116111370320913,
            -1.140359726647439,
            1.037108710770864,
            -0.3257557460853085,
            0.09674940137077279,
            0.2631893927541779,
            -1.1590928252102783,
            0.6798677685308573,
            0.29322448281139785,
            -1.1698938216585602,
            1.5433323567977812,
            -0.15400434718273978,
            0.8964797889137607,
            1.9517220215654738,
            -1.5477969865988004,
            1.3137032694704482,
            0.7823193786449819,
            0.8990244671714784,
            -0.19940404242014043,
            -0.2625074617407123,
            0.11354511467452644,
            1.6372113600320952,
            -1.3352953508648597,
            -0.5699640793470327,
            0.02923178273883387,
            -0.21077706035939847,
            0.8333793614231645
        ],
        [
            0.35921986874762096,
            0.296990420557738,
            -1.2691249778810707,
            0.1324474355726409,
            -0.38300229383601603,
            0.718104310731624,
            -1.0611393601132537,
            -0.4162250448883603,
            1.299582483232724,
            0.0,
            1.7939365083757601,
            0.19344107536860392,
            -1.93686298838803,
            1.2638775306731274,
            0.2552266600247917,
            0.9319575725905049,
            -0.5137275395786173,
            0.46520845255113874,
            0.6991267506156351,
            0.2335176753535336,
            1.499320639588278,
            -0.6261679832234732,
            0.2126727706388055,
            -0.13644763837695856,
            -1.1999983102515832,
            0.35671831755938754,
            1.7034466392510503,
            0.16463372363379192,
            0.3331999519586486,
            1.3753935062203388,
            -0.40193846112273945,
            -0.24709792713116724,
            0.2653465590909468,
            0.49644058520329015,
            -1.1960938350416401,
            0.390413603749381,
            0.8350062804071327,
            -0.8046457779572683,
            -0.1611077034705427,
            0.24059055035682275,
            2.313802942983405,
            -1.4140297341997017,
            0.9981887192785562,
            0.9275181269114297,
            -0.21552130947941633,
            -0.10283403778576262,
            0.6633492181780677,
            -0.017040627752463195,
            -1.3469552405058165,
            0.4149317955235074,
            -0.4059354667649935,
            -0.1383838988829453,
            1.9160396293955742,
            0.04805353193047866,
            -0.7201498003298317,
            -2.5719942988164965,
            0.2523176574803912,
            1.1839449200027932,
            -1.4411787942095096,
            0.03709896297457665,
            -0.5262152150556013,
            -2.567269645118505,
            1.23011586955886,
            0.12201026602527325
        ],
        [
            1.3587090635670467,
            0.26481194038276645,
            0.17873021535055775,
            0.9943494700391753,
            1.0744901713881487,
            1.4274131346455903,
            0.21647046094869396,
            0.1704546378604874,
            -1.3901170755544885,
            1.7939365083757601,
            0.0,
            -0.15905105297625047,
            -1.3497372811625523,
            -0.6281867596073086,
            -1.2583374470276867,
            0.7046977307826567,
            1.8585697853657521,
            -1.1992226694548545,
            -0.3560897179752366,
            -0.12463588183260724,
            -0.7045189441698488,
            0.1506812917645701,
            -0.10468909135419979,
            1.296202521240301,
            -0.7209933960108262,
            0.40719122739820746,
            -0.2327080722373979,
            1.5351885457796228,
            0.6558329432984711,
            -1.4589452205168632,
            -0.8135216354777178,
            0.3073119704083979,
            0.03816957378492274,
            0.320238839209498,
            -1.0073247477672498,
            0.2638026107827842,
            1.207791425308251,
            1.446428167923073,
            0.0271818924024492,
            1.6436780141029725,
            -0.42924780618889297,
            0.019248482742595417,
            -0.6561537614130819,
            0.21629994769696087,
            0.8094791721843215,
            0.04510955962154857,
            0.934692895858774,
            1.1141028143166996,
            0.992851838131934,
            -0.3182168403768787,
            0.4634973216354888,
            -0.1377905499048481,
            0.8651691396756098,
            0.607222358516357,
            0.3444228029161725,
            -0.013307895149674268,
            0.4304845434286221,
            -0.28439900831351855,
            0.5057986107907594,
            -1.616441716450165,
            0.1118496263498766,
            0.5903010016989113,
            2.0401620466565036,
            -1.1838022081688437
        ],
        [
            0.8980058639566006,
            -0.015322052473958072,
            -1.0233626162745468,
            0.9160825342430317,
            0.6342953372087892,
            -0.8614821240357907,
            -0.7461086106285975,
            -0.20910282801834504,
            -0.8742687132047339,
            0.19344107536860392,
            -0.15905105297625047,
            0.0,
            -1.1501553546884755,
            0.05608446931816934,
            1.1033572359029824,
            -0.4116381370989584,
            0.5725401442391538,
            0.7363807570789982,
            1.4065889479536353,
            0.8802045041742687,
            -0.3858127448559668,
            1.1715092326808236,
            1.4995133445068975,
            -0.7848144576980669,
            0.5722981721371281,
            -0.7726820058660065,
            0.6296737652311368,
            0.11611073979625135,
            -0.5957340467532604,
            1.8134410994085681,
            -0.1504025519839161,
            -0.1973238275546369,
            0.8748287578190759,
            0.5625071238741031,
            0.2703820195282732,
            0.9877341567573716,
            0.8715390498156846,
            0.5005994218212192,
            0.412977868204963,
            -1.8615029676034007,
            -0.6748168577291793,
            -0.9097816056807416,
            -1.0490787621309963,
            -0.38818430524790715,
            0.8101159162191321,
            0.974170661179078,
            -0.03154738714349374,
            -0.3426006528471709,
            -1.330341751047794,
            0.033338066710723716,
            0.21055450852656526,
            -0.26484941199742484,
            -0.8837956651888875,
            -1.2340769005259784,
            -0.13549874126214131,
            0.1034672896324209,
            0.04466906987648371,
            -0.026440038730652735,
            -2.072287979264418,
            -0.01407371400856438,
            -0.45410567207167424,
            0.921465655386894,
            -0.20743514824190298,
            -0.9689617187338082
        ],
        [
            -0.6421712291793124,
            0.2999880273233619,
            -0.08446945372479035,
            -0.5546600682689343,
            -0.5090998098017856,
            0.21252788600256176,
            -1.1229535887383386,
            -1.4534661422166528,
            -2.671425923074635,
            -1.93686298838803,
            -1.3497372811625523,
            -1.1501553546884755,
            0.0,
            -0.2795027665690162,
            -0.9501697680562117,
            0.10900415775267148,
            -0.9238226225045707,
            0.557883697163659,
            1.9764483826699477,
            -0.11542450667088745,
            -0.4920136482308161,
            0.5427084427945106,
            -2.030747955075145,
            0.322364841774432,
            0.04730197797387371,
            -1.4189478108074107,
            0.571369279008279,
            -0.47817016621740455,
            -0.7730950667380155,
            -0.7938300742887048,
            -0.6454772183893495,
            -0.6695182469292917,
            0.9608956552759762,
            -0.16536820392238957,
            -1.488081103062053,
            -0.2437249666221666,
            -0.2666772317540515,
            -0.3391550439677875,
            0.24344028979793725,
            -1.2178479804796791,
            1.040548226589717,
            -0.2517116103103455,
            0.01825391597428086,
            0.1975704185348811,
            -1.1431149165896104,
            1.8649070977765494,
            0.40683869971685993,
            0.31220038419771934,
            2.360827508770444,
            -1.6346617192626178,
            0.8372473650879664,
            1.524992818151645,
            -0.0011108058546103778,
            0.08951552399735421,
            -1.0306720754666236,
            -0.8555463699053538,
            -0.4430430385506722,
            -0.09296727857759611,
            0.5404832931058553,
            0.8663798456679505,
            -1.5442373090321848,
            -1.7940560461454087,
            -1.1502204759773735,
            0.01878963546300717
        ],
        [
            0.019535521926261134,
            0.6990757336268415,
            0.33413576399043166,
            -0.2462566489212595,
            0.1537142205225348,
            0.9441001679346502,
            1.248907044195694,
            -2.0713669448556042,
            0.029551758676294896,
            1.2638775306731274,
            -0.6281867596073086,
            0.05608446931816934,
            -0.2795027665690162,
            0.0,
            0.7036832280913067,
            0.8191873501896378,
            -0.9417295070726873,
            0.28479262760046914,
            1.4930895925158956,
            -0.2095048333977745,
            -0.7958418767311188,
            -0.06635420010541236,
            -0.06797349685747058,
            -0.7524725638551657,
            0.054865184595781887,
            -0.45949659284449623,
            -2.9274568855305194,
            -0.10449245861673442,
            1.5577933331727145,
            -0.6160693602010313,
            0.6525125044717041,
            0.29438942259735723,
            0.5765688811331894,
            2.322949671928389,
            -0.24521905965083204,
            -0.7881962706876636,
            0.18781337349870134,
            0.4753354120005778,
            2.559201962544035,
            0.19825507974460477,
            -1.7528960694680016,
            -0.8645953077138212,
            2.0894841815429386,
            -0.08398454449193261,
            0.012792340343902961,
            1.0714366632242993,
            1.2482868850650508,
            -0.3881373909217653,
            -0.9155478527130381,
            -1.8668811573360222,
            -0.06620549111977135,
            -1.070677413104424,
            -0.05534627637756033,
            0.2846750425907208,
            0.15835956305424656,
            0.8923793965079543,
            -1.843119938837845,
            2.4464531362713964,
            -1.0642834994951913,
            -1.9779036172021913,
            0.2564938574767951,
            -0.4762911763527126,
            -0.3755834612873055,
            0.565060746791498
        ],
        [
            1.1585013214933784,
            -1.0778162698209957,
            0.6720705850350119,
            -2.587764637263503,
            -0.2585652600705609,
            0.8041259349446,
            0.7566945853629152,
            0.4977483280874089,
            -0.5123580871288124,
            0.2552266600247917,
            -1.2583374470276867,
            1.1033572359029824,
            -0.9501697680562117,
            0.7036832280913067,
            0.0,
            -0.9457887749846218,
            -0.15964471060810975,
            -1.4370527378279714,
            -1.4378177290548384,
            2.1096587024064792,
            2.5281466127977743,
            -0.7641291228604091,
            0.11474412572569002,
            0.4624421027547592,
            -0.40576073742483965,
            1.5166753331326104,
            0.14513901595247009,
            -0.08629358634479681,
            -1.0072445327371329,
            -1.253660968804878,
            2.530165468864521,
            -0.8095046739094809,
            0.7468325894969836,
            0.08205541350226742,
            -1.4831526569572264,
            -2.0174408014544216,
            0.05796975461498205,
            -0.7306637401029664,
            -0.6718797995938288,
            -1.424017413115411,
            1.0695158780194978,
            -0.8429315396893704,
            -0.8647894269687494,
            -0.30980655159358084,
            -0.09290453195311513,
            -0.4680897409069445,
            1.0716467138531878,
            0.6696083441428717,
            0.8744609483858751,
            2.445081961518966,
            -0.9737109066661516,
            -0.21985828437063612,
            0.9592623636550045,
            0.2077150064217226,
            -1.2220195208978208,
            0.2571489988090601,
            -0.07027097971340311,
            0.0060794204528494345,
            1.7065931907918483,
            1.7700537757197996,
            -0.5251395973657618,
            -0.9162533740698888,
            2.5256066484217237,
            -0.416220001960727
        ],
        [
            0.5713728039250751,
            0.5021840924528063,
            1.439262735379467,
            1.107815065052269,
            -0.47198621732163404,
            -0.6282143133445908,
            -1.3817600690771357,
            -0.7072742282875814,
            2.2553433667488068,
            0.9319575725905049,
            0.7046977307826567,
            -0.4116381370989584,
            0.10900415775267148,
            0.8191873501896378,
            -0.9457887749846218,
            0.0,
            1.0303323072991255,
            -1.1153517488946947,
            0.0622727910092574,
            -1.103379187238147,
            -1.4318662635832475,
            -0.6749163054116765,
            -0.11064016612206105,
            -1.0287499761474144,
            -0.6243244814144248,
            0.5347870340533004,
            0.6061711611215052,
            2.684186440567483,
            0.04007573707843508,
            -0.35926748229401206,
            0.31499038521740375,
            0.4729363271607412,
            -1.129897914742442,
            -1.2564313685046884,
            1.6053876039684363,
            -0.9425455142177523,
            0.5705884337860855,
            -0.6361774685563439,
            0.3906542078943246,
            0.45532892167161937,
            -2.180101636163134,
            2.639716231398828,
            0.7798265804941217,
            -1.3503979787591784,
            -0.8573516983926365,
            0.6974074954761278,
            0.24598159337796455,
            0.9857453980830883,
            1.1363785017803156,
            0.47282566652899594,
            -0.5141132063624542,
            -1.3909741716394313,
            0.283682308399816,
            -0.20991974383158407,
            -0.6001012183314314,
            -1.688774317066508,
            1.0291957079155902,
            -0.7390537151071777,
            -0.5837281913538801,
            0.9286602169824395,
            -0.7448819603461547,
            0.37752304226687766,
            -0.6089164125081055,
            -0.17696186478558432
        ],
        [
            1.6433410642907014,
            -0.1926756516686774,
            0.7170413337471775,
            -0.892445867324094,
            0.1771013269851864,
            -0.745747296505817,
            1.5274494870928406,
            0.3419397576642468,
            0.629987759466763,
            -0.5137275395786173,
            1.8585697853657521,
            0.5725401442391538,
            -0.9238226225045707,
            -0.9417295070726873,
            -0.15964471060810975,
            1.0303323072991255,
            0.0,
            -0.49018538802855,
            -0.2261737261187432,
            -1.3947830995738049,
            1.2471436284991086,
            -0.2715501474630453,
            1.4125152870101454,
            -0.6907090615259764,
            0.5813692410361212,
            0.5773235121041428,
            -0.9406950364440445,
            -0.15943586630088522,
            -0.3389088291726161,
            1.029756145402736,
            0.433830813862418,
            0.40388059721550856,
            -0.179909522591621,
            -0.8919602702323889,
            0.9133278503761926,
            0.5972868737122186,
            1.8663597270723862,
            -0.7906652308966295,
            -0.5144616821040556,
            -1.11355975581596,
            0.9610264463034635,
            -1.1383357144645874,
            -0.7734707068573,
            1.586180911657406,
            -1.192304576342417,
            0.8719800479130753,
            -1.6945507865071447,
            1.2246469994488574,
            -1.3036516422599502,
            -0.7358597936835379,
            0.054400235812494785,
            -1.0518029131891815,
            1.9989845715021481,
            0.668353531932139,
            -1.4487911525125878,
            0.25331659236138865,
            -0.831658325662686,
            0.48507543402678166,
            0.389119036849572,
            0.5488665700627671,
            1.0381108612553764,
            -1.734706304148192,
            1.0196227207588642,
            1.1969510333170403
        ],
        [
            0.13034031722254738,
            -1.2319861408339985,
            -0.4925555813012633,
            1.4685826734880656,
            0.7425045472767122,
            0.853883689285859,
            0.40184930138388647,
            1.00882671690301,
            0.8485449994334008,
            0.46520845255113874,
            -1.1992226694548545,
            0.7363807570789982,
            0.557883697163659,
            0.28479262760046914,
            -1.4370527378279714,
            -1.1153517488946947,
            -0.49018538802855,
            0.0,
            -1.886117469778651,
            0.38188810966152903,
            -0.18052277206732115,
            0.3596666477631663,
            0.040387805750243616,
            0.39972886047815054,
            1.3262559476379177,
            -0.9853734834872834,
            0.526825144138235,
            1.1705054085076694,
            1.2347809911686831,
            -0.8319049243398948,
            0.5580911038812317,
            0.9573613607731587,
            -0.9759380289505595,
            -0.42089118346794124,
            0.18911984952413524,
            -0.10539842358065254,
            -0.9971184234479749,
            1.2073693050645775,
            1.0087559826090038,
            -0.049981577503911676,
            -0.4968077115549586,
            0.23900699990404756,
            1.8571163366976446,
            -0.5187737925052636,
            0.5359627440873915,
            1.9999984246904299,
            2.1411203126113856,
            -0.14005589079663977,
            -1.2528216039985463,
            -1.3087341885904162,
            1.3167047341736646,
            0.9305785918033992,
            -0.47559853384686823,
            -1.1630718600787608,
            0.3801578205264704,
            -1.872566589410392,
            -0.18797337513584467,
            -0.34379769997156506,
            -1.6927567948703546,
            -0.24774048357354642,
            0.6214290269762948,
            -1.2026521112401138,
            -0.7557371358821728,
            0.2647263266810489
        ],
        [
            -0.44537455353667926,
            -0.3837731871777219,
            0.6955412804069255,
            -1.3059590448915586,
