{
    "N": 64,
    "id": "1a0ef117-be9e-4bc3-ad6c-d4b1736ea10e",
    "problem_type": "SK Spin-Glass",
    "distribution": "gaussian",
    "spins": [
        1,
        1,
        1,
        -1,
        -1,
        1,
        1,
        1,
        1,
        1,
        1,
        -1,
        1,
        -1,
        -1,
        1,
        -1,
        1,
        -1,
        1,
        1,
        -1,
        -1,
        1,
        -1,
        -1,
        1,
        1,
        1,
        -1,
        -1,
        -1,
        1,
        -1,
        -1,
        -1,
        1,
        1,
        1,
        -1,
        1,
        1,
        1,
        1,
        -1,
        1,
        -1,
        1,
        -1,
        -1,
        -1,
        -1,
        1,
        1,
        -1,
        -1,
        -1,
        -1,
        1,
        -1,
        -1,
        -1,
        1,
        -1
    ],
    "couplings": [
        [
            0.0,
            -0.09613547048609775,
            0.6416349496890468,
            -0.5534461197659296,
            -0.3783106618994275,
            0.11568322352583449,
            0.08670778844896657,
            -1.5093976962381452,
            -0.4875257691526705,
            -0.3584488319159045,
            -0.8312109455604875,
            -1.1927443323144604,
            -1.7486917227529153,
            -1.0606219443789247,
            0.6899201899986089,
            -0.17119114149491044,
            -0.5313472626289959,
            -0.9417437283611213,
            0.8789665998730452,
            -0.480796012042002,
            2.568606842055928,
            -0.09638906809723,
            2.243141900369916,
            1.844474947231503,
            1.2923819367028822,
            0.3315587026439863,
            0.5116708704891421,
            -1.4920803657416957,
            -0.0978669296137953,
            -1.1923040032902,
            -0.4378169695462551,
            1.4518233650439123,
            0.5872960041829617,
            -1.0681758886852806,
            -1.5777044109866247,
            -1.57187576023247,
            1.2852569225305974,
            1.0401429786002372,
            -0.2124889554507968,
            0.33720133182635903,
            -0.1144665231294377,
            -0.7178974924273878,
            0.05078489822659113,
            2.2821818819534525,
            -0.7632844059843968,
            -0.035658237000614115,
            -0.1187621844951546,
            -0.8400166873840291,
            0.6128528960729592,
            2.0505893354675973,
            -0.5797165975615246,
            -0.681770016994907,
            0.1938190993591864,
            -1.1569974293462004,
            1.8065462507790113,
            0.4002413688789649,
            0.5205314649438172,
            -0.10788203330521472,
            -0.9667880661996401,
            0.06470765997938811,
            1.2906594299546106,
            1.1532425725765019,
            1.1916355316950977,
            0.5397354210485573
        ],
        [
            -0.09613547048609775,
            0.0,
            1.2370438346887993,
            -1.138784190282406,
            0.11937923923853715,
            0.2467671798621348,
            1.5044881566733412,
            -1.263120577050726,
            -1.7561853643372483,
            -0.9368739103842414,
            -0.3759237206212477,
            0.18770553162225512,
            0.5340305610662156,
            0.29299161169187726,
            -0.4466074187884332,
            0.7553921694826095,
            1.8868112210466292,
            -3.0857515089706586,
            -0.06891385046988642,
            2.0313332624154046,
            -0.7182448174906277,
            -0.7021101618775591,
            0.5603161261855144,
            -0.3077286981231389,
            1.558164553718778,
            2.317483668355552,
            -2.381946760126842,
            0.5815247662075471,
            -1.0777404782868123,
            -0.11602964203840398,
            1.797734757750006,
            -1.2161661241941022,
            0.4161423275942167,
            -0.5743686465507281,
            -1.402092735329882,
            -0.2691105173823314,
            -0.724838870344233,
            1.1366069793811657,
            0.027722418038193787,
            -0.5107814425706965,
            -0.4111001633111563,
            1.9241368505082448,
            0.6137539086108003,
            0.18125582944996382,
            0.7656273027442577,
            -0.9325475332067118,
            1.6480174229580165,
            -0.8283850665304029,
            0.1598016994753413,
            -0.1821011593022516,
            1.4016244056286973,
            0.8665801405955931,
            -1.1008830396426856,
            -0.4714411338901492,
            0.32966142390338793,
            1.2278099824878128,
            0.5938019154221865,
            0.40589644852813733,
            -0.18996153907968794,
            1.0137409221341072,
            -0.623725588346514,
            -0.5795312194590934,
            1.2339509208108803,
            -0.8176292280382443
        ],
        [
            0.6416349496890468,
            1.2370438346887993,
            0.0,
            -1.1521584506600562,
            -1.0702186102883522,
            -0.3794356243563902,
            -0.6627760781111974,
            -0.9331901317330101,
            -0.025361781420512652,
            -1.109035992722927,
            -0.7816870083255822,
            -1.5259151000240456,
            0.6235068302470085,
            1.3123334694411173,
            0.40491249049316663,
            0.9332367737936617,
            -0.6769663750612206,
            -0.24488960889330902,
            0.6334264925764188,
            0.09906027850012557,
            0.8354821231817574,
            -1.0496205137443966,
            1.189671667879118,
            -0.34254869392954673,
            -0.8382704685428718,
            -0.7909400954895996,
            0.3102221761255418,
            -1.171567949624387,
            0.4570097794003562,
            0.06648783270955655,
            1.355261185657101,
            1.2005176480660424,
            0.0026158522779539182,
            0.035399288294685444,
            -0.3875561829661451,
            -1.0507365381133449,
            -2.18680466908408,
            0.2099832569551097,
            0.06801063060829635,
            0.12512083696412318,
            0.2961098075008189,
            0.18261203539698798,
            -0.3948813505907209,
            1.67090841594475,
            -0.981456557123128,
            -0.9516252960296386,
            0.08798560353593682,
            2.8239955151505596,
            -0.36991848919247766,
            0.1495409451803913,
            1.2196077762244786,
            -0.4416190628525312,
            1.261558135076045,
            0.4553318308657183,
            1.0690561593377277,
            -0.07317299899933123,
            1.4295859216149402,
            1.4032041646772069,
            -1.219890056817111,
            -1.826253728391842,
            2.6599380601284723,
            -2.2929933048892415,
            -1.4565455173291966,
            0.7016885580999259
        ],
        [
            -0.5534461197659296,
            -1.138784190282406,
            -1.1521584506600562,
            0.0,
            0.592497275321054,
            1.5496157420919319,
            0.2354010508216105,
            1.381763334194327,
            -1.1418161120064831,
            0.4842706665626584,
            1.3761904715498,
            0.9198150977496782,
            0.6134411919042813,
            -0.22583237832380426,
            -0.45139735120524804,
            -0.16185181514313482,
            -1.2622567480902698,
            -0.039076562591387094,
            -0.415134584989899,
            0.9844230658725968,
            1.89945104151164,
            -0.9841964038312273,
            -2.421411614361726,
            0.26803915206210205,
            -1.218303742544788,
            0.9346076288211238,
            0.07065858664452303,
            2.357338314026342,
            -1.4756370049361014,
            -0.647324388347444,
            -0.5012734378343624,
            0.4835400703985151,
            -0.7951552273351158,
            0.4196674435350714,
            -0.6220281110001193,
            1.4822493815805822,
            -0.8269396898676341,
            0.1809776514291633,
            1.1812848555194346,
            0.11338642108192783,
            -0.44680018604045807,
            -0.11804377753361654,
            0.7285827304694319,
            1.3186479980928638,
            0.17275492256220457,
            -2.4794584587666626,
            1.0150613083573246,
            0.8051246649906904,
            0.5035106505436306,
            1.2347945430869876,
            -0.3942148590553779,
            0.1536720232674533,
            -0.41126406144779415,
            0.10356582241624802,
            0.26873773283790814,
            0.09344987152366084,
            -1.2609040411036725,
            0.7048908238111928,
            -1.1797564858013854,
            2.680265296830078,
            0.8933338774158818,
            0.8535955040596431,
            -1.1417635864221694,
            -1.3631245713120896
        ],
        [
            -0.3783106618994275,
            0.11937923923853715,
            -1.0702186102883522,
            0.592497275321054,
            0.0,
            -0.1989838728174493,
            0.07999930909198812,
            -0.8038603421738396,
            1.1408776202141033,
            0.7476558605597173,
            -1.7914166372503233,
            2.0298067790910106,
            -0.8207997194563997,
            -0.99404021822472,
            1.3439141716698249,
            -0.9929156132535114,
            0.4151391738009716,
            -0.8449064011708795,
            1.1567126592121943,
            -0.6619592013571244,
            2.115575593524146,
            1.3449141635578794,
            -0.7595477633103841,
            0.17718263383443336,
            -0.15813614753741817,
            0.10217013563074062,
            1.3102582221901646,
            1.1833184938244832,
            0.47791920706502394,
            0.10209244736127818,
            -0.18944092263201456,
            -0.22184384735086912,
            0.1681586367911566,
            1.0750905712883467,
            0.7662670053436673,
            1.1009922743618796,
            0.11658265954482751,
            -2.1811027343199205,
            1.4717590718215032,
            -0.849681763338197,
            1.9482209153344165,
            1.4730520123022648,
            0.6862656935634652,
            -1.9143378731545042,
            -0.18111799321957456,
            -1.3263304193221712,
            -0.46861090813263445,
            -0.5446462371399411,
            -0.36138821513172903,
            1.6346067088607064,
            -1.317335449897324,
            -0.39888747172188443,
            -0.9921087979439015,
            0.7086933696153231,
            -0.35692856316769306,
            0.5134656687757908,
            -0.5672265193661972,
            0.34616167904211703,
            1.107798971471222,
            0.6247485699967003,
            0.1974029276920237,
            -0.8043116831696293,
            1.0522533945781372,
            -0.5305050257002956
        ],
        [
            0.11568322352583449,
            0.2467671798621348,
            -0.3794356243563902,
            1.5496157420919319,
            -0.1989838728174493,
            0.0,
            0.13923832580888287,
            0.5102557164711758,
            0.82201605070188,
            -0.47911831095131824,
            0.925890042854743,
            -1.0796891190811075,
            -1.2707494492542075,
            2.9371635262117572,
            -1.786856272586879,
            1.3316455911308676,
            0.02038850028815006,
            0.06185961500070932,
            -0.952697065170055,
            0.12991421562796743,
            -1.0688170741345027,
            0.2065821094953851,
            0.4509332566944564,
            -1.3343663813070665,
            0.6863558163559729,
            -0.5047629317533013,
            0.22832037633638638,
            -0.6759149118217436,
            0.2525142719308115,
            0.31975285578902346,
            0.7043663788119748,
            0.03962349556228777,
            0.9250480500197698,
            0.6800476476090239,
            -1.113949258560063,
            -0.4971400634126441,
            -1.3165554896110345,
            0.8857320244757553,
            2.012958830763392,
            0.8979723680319727,
            -0.040923835700792936,
            0.48519050159920385,
            -1.6541543417887496,
            -1.7959049567905347,
            0.43001073708137205,
            0.7894188328856356,
            -0.6131107072060065,
            0.04640142228509206,
            -0.5896224096317013,
            -0.2680427372376145,
            0.3758908985443897,
            -2.683222666707044,
            0.7734396925480225,
            -0.6583205993302089,
            0.3713162428262386,
            -0.7167676037926421,
            -1.3126370517261403,
            0.8587752072912099,
            1.2789768074040464,
            -0.9271521093347503,
            -0.9479109016515129,
            -0.10256434697415606,
            -0.2980163869476883,
            -0.13378659304833543
        ],
        [
            0.08670778844896657,
            1.5044881566733412,
            -0.6627760781111974,
            0.2354010508216105,
            0.07999930909198812,
            0.13923832580888287,
            0.0,
            0.6126729329741971,
            -0.17698811538552106,
            0.3052920398978485,
            -0.28887698776391957,
            0.08048512220216199,
            0.3705499170758335,
            1.9158453345624793,
            -0.23330609802449234,
            -1.6651362600102158,
            0.13719860780280602,
            -1.2461984399893633,
            1.575221270815739,
            -0.3968948417994204,
            0.7870040688663957,
            -0.07376658133458487,
            -0.8367141182226592,
            -0.49704893722498883,
            0.22784847353107898,
            0.710642914047397,
            -0.36449012256057167,
            -2.457534694120693,
            1.8147645473563405,
            0.2853561031445945,
            -1.3748199266315502,
            0.42135258468957,
            0.710600017314284,
            1.3392677289978518,
            0.987746062190359,
            0.4452929678682419,
            1.683826083077286,
            1.4902283861346806,
            -0.42380764207746097,
            0.05519862632669114,
            1.1215046847532821,
            1.696401680779488,
            0.11670409493979765,
            -0.14578036887040124,
            -0.5839931839135055,
            -1.3426714571091163,
            1.364927338836772,
            0.774426021227524,
            0.16623925453210853,
            -1.57957617722367,
            -1.5054962788663198,
            -0.6732371235280381,
            -0.16555780865260575,
            0.03804238751332995,
            -1.8454267871163297,
            -1.001277192927002,
            0.5839072120870098,
            0.21687680363758313,
            -0.9273285514175542,
            0.32274314710412655,
            0.10891561712488682,
            0.24981581107058248,
            -1.0366406142953948,
            1.3743882453887997
        ],
        [
            -1.5093976962381452,
            -1.263120577050726,
            -0.9331901317330101,
            1.381763334194327,
            -0.8038603421738396,
            0.5102557164711758,
            0.6126729329741971,
            0.0,
            1.4256362389537278,
            0.19684109569498998,
            1.6619969775745254,
            -0.5459159330761929,
            -0.9923686839829577,
            -0.0628298556135891,
            -1.1491418028817066,
            0.8179651728477719,
            -1.1577710868406321,
            -0.49379787366072303,
            0.38378127614012314,
            0.41493488954630836,
            -0.28413219315690413,
            -0.4373185355044077,
            -1.2363822661695472,
            -0.11750211514767148,
            -1.0197912483984197,
            1.202707715062709,
            -0.1506065553242389,
            -0.7594685571684918,
            0.15800096218208964,
            -1.3943755473870203,
            -0.563805421683383,
            -0.43504106463380593,
            -0.7920244188443685,
            0.12250314910509076,
            0.26159883272014695,
            -0.6553914588689418,
            -1.109056286399506,
            -0.7551533787981388,
            -1.0520268386783813,
            -0.009283941719258445,
            1.491794395550447,
            1.5023364220182014,
            -1.1286233265478793,
            0.4589639886305988,
            1.0416183045940608,
            -0.08512860662061153,
            0.8079385145521932,
            0.9207059599731626,
            0.027654962955992384,
            -0.04864639599791895,
            0.1098995191447086,
            0.06742426191596293,
            0.6292879610454215,
            -0.08125506043868767,
            -1.208573780651337,
            1.3068463842207116,
            -0.48019820624660653,
            -0.6486205766580863,
            -0.30215796558523333,
            -1.1348972410229314,
            -2.040613825290741,
            0.601859199039078,
            -0.6474435551877338,
            0.6214805841853162
        ],
        [
            -0.4875257691526705,
            -1.7561853643372483,
            -0.025361781420512652,
            -1.1418161120064831,
            1.1408776202141033,
            0.82201605070188,
            -0.17698811538552106,
            1.4256362389537278,
            0.0,
            1.246103806707166,
            1.2797676946760905,
            0.87606962396195,
            -1.6294655098563917,
            -0.5371987972179895,
            2.4019632924272143,
            -1.7576307636239628,
            0.04086917354799929,
            0.8162141094684507,
            0.007938876802577969,
            0.08721884421043175,
            0.6772491641303033,
            0.7210063878907096,
            -2.1910778390138144,
            1.5821256521606666,
            0.18761872991914608,
            -0.008734210668186687,
            1.0153381216504827,
            -0.17253563069109526,
            -0.36233237809721,
            2.269093935100217,
            -1.6281422590073562,
            -1.2636115121922722,
            1.3679139052048386,
            0.6905359627792876,
            -0.7907212031435512,
            -0.3966212367290878,
            0.29908839026589384,
            -0.6149790217644461,
            -1.1620219174652284,
            -0.6521220729840654,
            1.5403936674872745,
            1.5869811630711477,
            0.4072321666920035,
            -0.46088285274469415,
            0.046419072380624114,
            0.5723818832233588,
            -1.8961957354993095,
            -0.49740506521462124,
            0.4004494207732666,
            1.356612471428834,
            1.3652144033066582,
            -0.4580691098947115,
            -0.9076742678235683,
            -0.8105201823477157,
            -0.6615020129150471,
            -0.2596543437859761,
            -0.8677212799530174,
            0.8503834050101463,
            0.8485228665091034,
            -0.7895050693371848,
            -0.8741261438656571,
            0.2999849584801438,
            0.4690592411468071,
            -1.4049252246561414
        ],
        [
            -0.3584488319159045,
            -0.9368739103842414,
            -1.109035992722927,
            0.4842706665626584,
            0.7476558605597173,
            -0.47911831095131824,
            0.3052920398978485,
            0.19684109569498998,
            1.246103806707166,
            0.0,
            0.31576511883686964,
            -0.017139503096600645,
            -0.8531694953015276,
            -0.8198031074010206,
            0.045738547979669246,
            -0.3883326160548195,
            1.1990110410833645,
            -0.45370098659883207,
            0.5358423657853295,
            -0.6896397099474206,
            0.25220785555660474,
            -1.6295925158898752,
            0.717954913618498,
            -0.880612392925462,
            0.49569265934497203,
            0.12682596198561558,
            0.7034644237537371,
            -0.2642502315378698,
            1.895386088398423,
            -0.41778275149024396,
            1.0219678905488674,
            -0.5664391797624416,
            0.5669271927525582,
            -1.303701387401547,
            0.06366032465888014,
            1.9810458114229956,
            -0.41592639950627597,
            -0.5102278882444197,
            -0.14934956158771984,
            0.7851067640791612,
            -1.33348556605413,
            -0.1442599485315503,
            0.4826909131073218,
            -1.8723880443388374,
            -0.034510336169596645,
            -0.0195926715574916,
            1.6801829389898397,
            -0.28647364828693234,
            -0.7603864235775064,
            -0.46832013486303514,
            0.7888074783356225,
            -1.295212684062521,
            -1.4185665112406345,
            -0.7510923134204659,
            1.163876854188459,
            -0.976463659984069,
            1.151328588280289,
            0.16313286276064784,
            1.1887153406392996,
            0.7807808695696671,
            2.1251899043535487,
            -0.7835426895728607,
            -0.5723434424848103,
            0.2888499796547813
        ],
        [
            -0.8312109455604875,
            -0.3759237206212477,
            -0.7816870083255822,
            1.3761904715498,
            -1.7914166372503233,
            0.925890042854743,
            -0.28887698776391957,
            1.6619969775745254,
            1.2797676946760905,
            0.31576511883686964,
            0.0,
            0.7251128342187576,
            -1.619572014618091,
            0.43863891938128924,
            -0.845284532758068,
            -1.4182600746440743,
            -0.5314694327729538,
            0.7523271296421734,
            0.3583961477033395,
            -1.5878608013946933,
            0.7142861222107286,
            -1.755599668211782,
            0.7378503920934596,
            -0.08902548040536694,
            -1.3164335119283217,
            -1.8811743766958517,
            0.8683019679291887,
            0.6621061373600661,
            0.41159252838630456,
            -0.22503333112802892,
            0.044245153260580906,
            -1.3004586871307726,
            -0.16955085970477396,
            0.9671460418233756,
            -1.9945610934556182,
            1.3537890206990955,
            -0.13687505162927846,
            -0.2234116112227743,
            -0.8750328250790598,
            -0.3865084743116028,
            0.8725702843487984,
            -1.278693458207838,
            -2.339394155958418,
            0.44843919442398306,
            -1.5030851140881087,
            -0.6606879535177449,
            -0.6073053483921272,
            0.09597920624946381,
            -1.4439456585440984,
            -0.014973208711609537,
            -0.7994905566744941,
            -0.7573727606380624,
            -1.0390967102167383,
            -0.055935798080015295,
            -2.521612985390027,
            1.4748203264672346,
            0.5475068004809315,
            -0.21590753654678824,
            -0.37233757341571955,
            -0.17101136539457024,
            -1.1629452920593188,
            -1.0045388969325038,
            0.6036293267213433,
            -0.6873998318351177
        ],
        [
            -1.1927443323144604,
            0.18770553162225512,
            -1.5259151000240456,
            0.9198150977496782,
            2.0298067790910106,
            -1.0796891190811075,
            0.08048512220216199,
            -0.5459159330761929,
            0.87606962396195,
            -0.017139503096600645,
            0.7251128342187576,
            0.0,
            -0.16602083771557183,
            -1.0566295917855113,
            -0.5065689882138547,
            -0.09557339516868497,
            -0.6676613140554589,
            -1.1345074650671954,
            0.11345505821045407,
            1.0989508093557632,
            -0.17688000507150722,
            -1.2889789173217887,
            0.6618499523847866,
            -0.4771473271261149,
            -0.6134159815296036,
            0.4240041997648053,
            2.9552726532576443,
            -0.17463938875495286,
            0.6539981182949336,
            -0.21515773043189376,
            0.763462699505021,
            0.2930298627606185,
            1.330060956741441,
            0.48207477564571,
            1.2413292422563944,
            1.6946264006932377,
            -0.9828968871502981,
            -0.3386974802099853,
            0.605030467103524,
            -0.3772818141446801,
            1.7699471402304554,
            -0.3644067926314287,
            -0.8392659401127619,
            -1.63005822763054,
            1.0167227091740696,
            0.6172621454497258,
            0.21158085428763232,
            0.21010432203976193,
            1.0255401737004448,
            -1.0149628854992006,
            1.1110263733805648,
            0.8506270650567695,
            -0.06736884730015184,
            -0.7725843288631574,
            0.7955965113481862,
            1.5489089581655828,
            0.5065091007674064,
            1.1132279477841922,
            0.004606284139913327,
            0.9500155410813964,
            0.7985788095846529,
            0.042160819179429904,
            0.07486263772967795,
            1.2532894486121957
        ],
        [
            -1.7486917227529153,
            0.5340305610662156,
            0.6235068302470085,
            0.6134411919042813,
            -0.8207997194563997,
            -1.2707494492542075,
            0.3705499170758335,
            -0.9923686839829577,
            -1.6294655098563917,
            -0.8531694953015276,
            -1.619572014618091,
            -0.16602083771557183,
            0.0,
            -0.46004484454459066,
            0.17156165970909246,
            0.6461707541770997,
            0.019611108952206264,
            -0.06004516464784633,
            -0.6058259175083934,
            -0.7179327032201834,
            1.423860229068178,
            -0.7277385055295489,
            0.6554179145032744,
            -2.673065935341216,
            0.21579910650005932,
            -0.8859476461590666,
            -2.1478091618758723,
            -1.8843771573758632,
            1.6324984144146208,
            0.2806491414038446,
            0.48177708357162313,
            -0.7511653207354414,
            0.3836295177101764,
            1.0054347321444157,
            0.7412999094233874,
            0.8573108562720582,
            0.3278261558406544,
            0.41283313825206147,
            0.7702652525053676,
            0.34001176741855105,
            -1.4854131028702944,
            1.5621442267888226,
            0.5924857479997324,
            -1.8378025677775551,
            2.019660721192037,
            -2.010188040969319,
            1.6223438140736466,
            0.47664345035368616,
            -0.7059643819256091,
            -0.6727024611168307,
            -0.2890561127907927,
            2.017074235008277,
            -1.4479932989595434,
            0.5879645928834293,
            -1.611147642133151,
            -1.1612757245909546,
            -0.5339153698777126,
            -1.6982360307165953,
            1.13900805653468,
            -0.10823978429292085,
            -0.9317917098231031,
            0.2154355051521809,
            -0.4037986207910082,
            2.8956450194980072
        ],
        [
            -1.0606219443789247,
            0.29299161169187726,
            1.3123334694411173,
            -0.22583237832380426,
            -0.99404021822472,
            2.9371635262117572,
            1.9158453345624793,
            -0.0628298556135891,
            -0.5371987972179895,
            -0.8198031074010206,
            0.43863891938128924,
            -1.0566295917855113,
            -0.46004484454459066,
            0.0,
            0.03973574701982134,
            -0.6406717046761871,
            -0.7419834136804394,
            -0.837600287418851,
            0.004123211721654563,
            0.13245119704841113,
            1.2890789549616455,
            -0.524818318144617,
            -1.6528711076751879,
            -1.1281015444549545,
            -0.8441988985715252,
            -0.4939381608791228,
            -0.2696652212809573,
            -0.19340295153793355,
            0.815438203395701,
            -0.32088860248660034,
            0.6847754404693458,
            -0.6105702127772752,
            2.723223814003269,
            -0.03611323745448502,
            -0.5974494571986337,
            -1.1506532124368327,
            -0.741151540414653,
            0.21720234282839704,
            0.5382793841962334,
            -0.6823822203673466,
            -0.9504145398082383,
            0.10152136918349447,
            -0.26720816583321194,
            0.42575532666122423,
            1.0814662595369138,
            0.5040054317849403,
            -0.538929007062945,
            -0.8083108498963986,
            -0.39700646732998107,
            0.1869393639004387,
            0.8079099453780483,
            -0.2584519609567413,
            0.4082561983941883,
            1.7620168273693337,
            0.8332549385230111,
            0.2647426677633189,
            -0.45243463709122217,
            0.8419527293723656,
            -1.6758213037842349,
            0.4885900917199545,
            0.13001245864003372,
            -0.642666975696242,
            1.2900148526992725,
            0.9206501566088919
        ],
        [
            0.6899201899986089,
            -0.4466074187884332,
            0.40491249049316663,
            -0.45139735120524804,
            1.3439141716698249,
            -1.786856272586879,
            -0.23330609802449234,
            -1.1491418028817066,
            2.4019632924272143,
            0.045738547979669246,
            -0.845284532758068,
            -0.5065689882138547,
            0.17156165970909246,
            0.03973574701982134,
            0.0,
            -0.4080771909454725,
            0.4315330070862682,
            -1.4710692621670869,
            1.044559471853817,
            1.6461466750484601,
            0.7282214782424907,
            -1.8419470730573817,
            0.1199142870755538,
            1.0199249003209252,
            -0.15547927452594043,
            -1.3610310758055046,
            0.11641748969491525,
            0.9697492925494909,
            0.3715461379576363,
            0.23404849934774005,
            -0.07013665533609421,
            -0.5528766234064099,
            0.34072214165641174,
            -0.5199440780139712,
            -0.8172629685369341,
            1.5456994349356337,
            -0.25958119402957164,
            1.3445876449263356,
            1.0975080916956717,
            -0.026173211196267983,
            0.45844107938793427,
            1.081292615969333,
            -0.4429522825948575,
            0.7465069908220545,
            -0.42847034731818356,
            0.354439253525073,
            -0.1594993945582604,
            1.2102579101665916,
            -0.3245345168947653,
            -0.5499052512377379,
            1.445190065745329,
            -1.6423368832565999,
            -0.7646828571389725,
            -1.7790963065283816,
            0.09280733593820982,
            1.9564173421984832,
            -0.04193092774409306,
            -0.5748015503198908,
            0.8406124578727353,
            0.12864405563628917,
            -0.7768630532032296,
            -0.028379317040650283,
            0.7857549345485485,
            -1.7224394474370424
        ],
        [
            -0.17119114149491044,
            0.7553921694826095,
            0.9332367737936617,
            -0.16185181514313482,
            -0.9929156132535114,
            1.3316455911308676,
            -1.6651362600102158,
            0.8179651728477719,
            -1.7576307636239628,
            -0.3883326160548195,
            -1.4182600746440743,
            -0.09557339516868497,
            0.6461707541770997,
            -0.6406717046761871,
            -0.4080771909454725,
            0.0,
            1.2439156902995583,
            0.5211860332444147,
            -1.0755137858474937,
            0.380951876698041,
            -0.7063481673330726,
            -0.06768773556652448,
            1.083295478892869,
            0.3015473999384379,
            0.77027614338405,
            0.561270763261207,
            1.259836499480111,
            -0.32207834629243937,
            1.725893230471588,
            -1.2013537157783525,
            1.5416642551562694,
            -1.8818096919913467,
            -0.48938502974073167,
            -0.3892134975988212,
            0.11613147948494615,
            0.4373456558045193,
            -1.1756622239801164,
            -0.11030857951078507,
            -0.12331982867137803,
            -0.6526419950515536,
            -2.559774607679147,
            -0.6343166953906286,
            -0.7177918837351488,
            0.07829892100909774,
            0.27384731925433714,
            -2.8555312494482004,
            -0.13913645671876704,
            -0.7195111697358963,
            -1.3072299746039013,
            -0.11924893552173255,
            1.253492291230891,
            2.036067667119357,
            0.4714215447320535,
            0.7618977530072593,
            -0.21722586654851073,
            -0.6616567397780645,
            0.0140158580318946,
            1.446308416632469,
            0.7680817631779272,
            0.6037861997331119,
            -0.32448211623299084,
            -2.109298079088891,
            -0.3266190626706327,
            -1.5266208328534152
        ],
        [
            -0.5313472626289959,
            1.8868112210466292,
            -0.6769663750612206,
            -1.2622567480902698,
            0.4151391738009716,
            0.02038850028815006,
            0.13719860780280602,
            -1.1577710868406321,
            0.04086917354799929,
            1.1990110410833645,
            -0.5314694327729538,
            -0.6676613140554589,
            0.019611108952206264,
            -0.7419834136804394,
            0.4315330070862682,
            1.2439156902995583,
            0.0,
            -1.4775623368697974,
            0.04063158296556272,
            -0.6542051657005798,
            -1.0717966659874285,
            0.260705143923144,
            -0.5443100079734589,
            -1.1462031082951694,
            -0.2615649960110799,
            -0.5973497678700231,
            0.36305330036004796,
            -0.3320125151379166,
            -0.16933378251666406,
            0.11588993061704893,
            -0.8211555598366799,
            1.4414137002964904,
            -0.11505987208496164,
            -0.8986431394556725,
            -0.2856110226453929,
            0.5083594085298939,
            0.7677571244297221,
            -0.8567841900645421,
            -0.7556009295888975,
            -0.045592112441522656,
            0.32818976065467853,
            1.65517504731632,
            1.85331759332031,
            -0.3233723865879966,
            0.4957004640589015,
            1.3772339899903017,
            -0.8076431874465538,
            -0.2677608465694314,
            -0.9154385623632113,
            0.21868828791760941,
            -0.7198791854540953,
            0.9403288377301838,
            0.3423185303178752,
            -0.12658026215215676,
            -1.1790556098497353,
            1.1974339372928995,
            0.7859103314678394,
            1.2063190187029742,
            -0.9768807832749973,
            -0.1828219984962511,
            -0.91638923315912,
            0.4733401281033006,
            0.34467633846360196,
            -0.32503859609716984
        ],
        [
            -0.9417437283611213,
            -3.0857515089706586,
            -0.24488960889330902,
            -0.039076562591387094,
            -0.8449064011708795,
            0.06185961500070932,
            -1.2461984399893633,
            -0.49379787366072303,
            0.8162141094684507,
            -0.45370098659883207,
            0.7523271296421734,
            -1.1345074650671954,
            -0.06004516464784633,
            -0.837600287418851,
            -1.4710692621670869,
            0.5211860332444147,
            -1.4775623368697974,
            0.0,
            0.036309760900110906,
            1.5295408027408728,
            0.9720956115873985,
            -0.6750166713332056,
            0.06354498953346017,
            -1.6567489950193157,
            0.7219543393702909,
            -1.4598947393990296,
            -0.16761030880282524,
            0.07986677964960938,
            1.141310683642729,
            -0.0361860445199946,
            0.5181962031915075,
            0.9301345039410754,
            0.40546034934870734,
            -1.2634961177949258,
            -0.5732438311179823,
            0.8634951957656054,
            0.48986973682744456,
            -0.6697186475966324,
            0.7590284676643315,
            0.6188237193458085,
            -1.0985992707888075,
            -0.5462834642069405,
            0.7543617111297891,
            0.042411558930538114,
            0.8899749261020284,
            1.6612989708794959,
            0.053265364736991096,
            -1.8760088755623496,
            0.1595267461302861,
            0.22067751507042782,
            0.8923480168956548,
            0.3003516900498081,
            0.9403492669054949,
            2.5086412744852,
            0.5074305643157819,
            -0.9348517952053143,
            -0.3041344728947622,
            0.43378529306923375,
            -0.5937432044917124,
            1.5690362759919014,
            0.37670940432099764,
            1.3283919346375017,
            0.8909810003863938,
            -0.8208903446507736
        ],
        [
            0.8789665998730452,
            -0.06891385046988642,
            0.6334264925764188,
            -0.415134584989899,
