{
    "N": 64,
    "id": "0b018bb5-a662-4cec-b376-680e11971e28",
    "problem_type": "SK Spin-Glass",
    "distribution": "gaussian",
    "spins": [
        1,
        1,
        -1,
        1,
        -1,
        1,
        1,
        1,
        1,
        1,
        1,
        1,
        1,
        -1,
        -1,
        1,
        1,
        1,
        1,
        -1,
        1,
        1,
        1,
        -1,
        -1,
        -1,
        -1,
        -1,
        1,
        1,
        -1,
        -1,
        1,
        -1,
        -1,
        1,
        1,
        1,
        -1,
        -1,
        1,
        -1,
        -1,
        1,
        1,
        1,
        -1,
        -1,
        -1,
        1,
        1,
        1,
        1,
        1,
        1,
        -1,
        -1,
        1,
        -1,
        -1,
        1,
        1,
        -1,
        1
    ],
    "couplings": [
        [
            0.0,
            1.4460048637638145,
            0.8007673507799133,
            -0.1885068706063453,
            0.9947491619392258,
            -0.1280427318049583,
            -0.09229465957290235,
            0.08671317562787473,
            0.6555047397307503,
            -1.5761873115244096,
            -0.25762495622739684,
            0.24528398637440738,
            0.8538607455510004,
            2.394537496415972,
            -0.26275612279566385,
            -0.6163952177827482,
            -0.8728557322903855,
            1.7219744869849083,
            -0.6574425095430478,
            0.2972149636347358,
            0.35239124497431784,
            2.3384341284475187,
            -0.4828246937393132,
            -0.10484159834267057,
            -1.6756151342416263,
            1.4204747853359785,
            -1.0130895212515059,
            0.15012086258335186,
            2.1198043799728667,
            0.27848052639996845,
            1.2948405798908489,
            -0.6257282182303323,
            -0.4371882027285078,
            -1.9498719998290774,
            -1.4748943150346787,
            -0.0808754524098569,
            -1.5710228114502343,
            -2.243943678687497,
            -0.3578000462807047,
            0.28176925214475346,
            -0.028183594000535522,
            -0.1563193828756149,
            0.3888797262247966,
            1.363362743078395,
            1.2955345115824581,
            -0.35987456854527705,
            -0.05475365427149332,
            -0.25106944715890467,
            -1.8075247162774528,
            0.42263164100962414,
            0.893542790930152,
            0.9660562152538725,
            -0.7425421851225932,
            1.927590530568625,
            -0.6999305542271635,
            1.223050065457499,
            1.2523430447797268,
            -1.2315612731760828,
            0.48159785959396506,
            0.6934670618862052,
            -0.8223981136995728,
            -0.5668119070629843,
            -0.5533235804887199,
            -0.6272693032819708
        ],
        [
            1.4460048637638145,
            0.0,
            -0.8176994079698114,
            0.23300428876458787,
            -1.3598823936519644,
            -0.13928982392131573,
            2.41146098194482,
            -0.2591739785352211,
            1.2335608748190499,
            1.2035345880473927,
            -0.10586334555246779,
            1.1231627378090534,
            1.1368004144106347,
            -0.3920930537109983,
            1.1017125026940728,
            0.1175373937091549,
            0.30530736966955224,
            1.4047185615560882,
            0.23995595919363824,
            0.5450733960747125,
            -0.015377078934922997,
            1.051492622414366,
            -0.031097915079274903,
            -0.335068996797801,
            -1.2031224605001711,
            0.2859169050501421,
            0.6566709239237781,
            0.2993730419302775,
            -0.4970483465874312,
            -0.6078555066734741,
            0.6211068571085272,
            1.480164569187269,
            0.3652718881076541,
            2.2820968341074583,
            0.2256405004728463,
            0.7582482388121675,
            -0.18864948103944273,
            0.4377036205253284,
            -0.10206263947841462,
            -0.6422049966657039,
            1.6469799633624589,
            -0.23804493075489289,
            0.05499778157835653,
            0.12192366829777063,
            -1.4086904218491032,
            -1.8626191320446592,
            -0.23103414234898254,
            0.8345549572003367,
            -2.281459429978069,
            0.31530077816357,
            -1.123016077276267,
            1.6915865465429893,
            1.227598981504658,
            1.1624189818387185,
            1.3590688630207735,
            -0.4448587217102193,
            -1.313954787425289,
            -1.6743335613411954,
            0.2767858559274163,
            -2.0918287154143758,
            1.094817158017775,
            -0.5680230475592395,
            1.691136380731242,
            -0.9179094995187866
        ],
        [
            0.8007673507799133,
            -0.8176994079698114,
            0.0,
            0.4763112811180043,
            -0.7161698393304909,
            0.37162942781921576,
            -0.21916626466361708,
            0.2618868639816999,
            1.3072563898525322,
            2.2723728589254195,
            -0.8142932334116622,
            -0.9080471110090373,
            -1.0806845273900005,
            1.6950219404579903,
            -0.9562499065590764,
            -1.3000656668093549,
            1.1924843599638528,
            -0.3123719172237138,
            1.2969814935682809,
            -0.7598949853985308,
            0.46607307461433173,
            -0.8805293184438168,
            -0.3130931289124625,
            0.7800876091412919,
            -1.0183662998107659,
            1.5244112665227643,
            1.5987757913961256,
            0.7619286133794444,
            -0.757194108777423,
            -0.14697866170896678,
            1.0729798835190225,
            0.5459557446192782,
            -0.011873233705334892,
            -0.3905845559711375,
            0.028023279374106983,
            -0.27087669286032784,
            -0.2635869222673079,
            1.1636543712031404,
            0.9062295091667377,
            0.5618545932598032,
            -0.3551824609420644,
            2.1655581015337195,
            -0.3301758343670771,
            -0.39410581257817057,
            0.8250775056297125,
            0.792845742530082,
            0.47168213777304735,
            -0.9802078595952101,
            0.46000142035438046,
            -0.03409706517400182,
            1.0748963612514217,
            1.0392242468734971,
            0.7449545843442752,
            2.241281664586696,
            -0.9075714094061026,
            -2.3660471365353084,
            0.8560432419595977,
            -0.5458339519318285,
            0.22188908839252625,
            -0.7267604601370409,
            0.48638066123754436,
            -0.6814247736230286,
            -1.1389996118557615,
            -1.1738416665504985
        ],
        [
            -0.1885068706063453,
            0.23300428876458787,
            0.4763112811180043,
            0.0,
            -2.0480665571726453,
            1.114523946513272,
            0.6446899255906271,
            -0.586943111603703,
            -0.20143150748338903,
            0.90588915423078,
            2.238718684444855,
            -2.698665544016458,
            -1.4415622200922371,
            -0.14728234901955364,
            0.14681135746489216,
            -0.6653967569170639,
            0.0035467902792184255,
            -0.9879625380105277,
            2.004591539725244,
            -0.22116277287762692,
            0.4608326257337954,
            -0.6055391049759682,
            0.12207168561813742,
            3.005218536096415,
            -0.19346972746461288,
            0.5882928771065382,
            -0.07805683873321151,
            -0.5581226076128104,
            0.016801744608341607,
            -0.2987260473640689,
            -1.8277144258486864,
            -0.9053241372472349,
            0.021139497932243696,
            -2.1682767083447176,
            -1.2641780717983855,
            0.011684690561142424,
            -0.16395782853535062,
            0.744537467600641,
            1.6388607079803295,
            2.714311484298749,
            -1.004558498973096,
            -0.9539030835869617,
            0.7580308007552041,
            -0.16727673399510581,
            -0.8165982423722421,
            0.933951189001492,
            0.5530596718545867,
            0.01058654204066569,
            -0.06455131701185765,
            1.6046326597228118,
            1.3784307681601347,
            -0.08294863829470087,
            1.5783109247916522,
            -0.5301956494114862,
            2.6165257951158645,
            0.6206092885468424,
            0.06423430412836073,
            -1.2912520151549969,
            -0.546374014962038,
            0.4966570197775679,
            -0.8591560815926765,
            -0.27792893173798267,
            -1.0310556934682125,
            0.8978341995820251
        ],
        [
            0.9947491619392258,
            -1.3598823936519644,
            -0.7161698393304909,
            -2.0480665571726453,
            0.0,
            0.5955329825880273,
            -0.9474550685666451,
            -0.8430528490443474,
            -0.6766721049737237,
            -0.22640511586381273,
            0.2428980212499516,
            -0.4719312591457254,
            1.1835350400762445,
            -2.84022948585828,
            0.39602163452530503,
            -1.4175331911239164,
            0.7872838479154072,
            0.5001904243478478,
            1.025834822015861,
            0.8693783441370431,
            -0.3995156179252731,
            1.5597615290700215,
            -0.05126170887309719,
            0.5890946060746248,
            -1.3047847223775155,
            -0.8992906835952021,
            0.24531075901298677,
            -0.7362740152105255,
            2.3858248463597067,
            1.7238206280129276,
            -0.08865019949141165,
            -1.1437851405363901,
            0.63424041490216,
            -1.673154824896457,
            0.6238611114421206,
            0.19486017682666115,
            1.0014029398816566,
            1.3470489373933068,
            -0.1563820362110299,
            2.174503850794301,
            0.05052660400619726,
            1.0372656882253761,
            -0.2546236157475368,
            -0.13058795168716683,
            1.227649530718035,
            -1.0363552609291764,
            1.8604992877943065,
            0.6033764581532013,
            0.5084768159546572,
            -1.2484380589462587,
            -1.2899166947045602,
            0.1885911909300661,
            0.09440573765392528,
            -1.7418276681561706,
            0.16187504451859117,
            -1.2195336813671471,
            1.560854250000622,
            0.8084705363221321,
            0.36048515946486787,
            -0.8912121231859224,
            -0.9943737144525868,
            0.7640328993313854,
            -2.7677933292222443,
            -0.4244890714033097
        ],
        [
            -0.1280427318049583,
            -0.13928982392131573,
            0.37162942781921576,
            1.114523946513272,
            0.5955329825880273,
            0.0,
            1.1181913157117929,
            0.38407626850005233,
            0.010016597458056234,
            1.0560271094960374,
            0.04581583051936423,
            1.396546560184829,
            -0.6444475716392631,
            1.4486204498231396,
            -0.7311494715092155,
            0.624509807298412,
            -0.23784933966866526,
            1.1796613878943223,
            1.5358164447299436,
            0.3362282679082428,
            -0.6380112347704768,
            0.4653949351105187,
            -1.1363422502236538,
            -0.8671928670664598,
            -0.17968624233940342,
            -0.8760385499628804,
            -0.6121967555408625,
            -0.7349512902669765,
            -0.3040972025967766,
            0.9343546853131129,
            0.17657703205900704,
            0.46303419036102794,
            1.1737970003711187,
            0.5223655051064923,
            -0.5625356379591808,
            0.37827991560550717,
            -0.12898333632811224,
            0.4691607872352031,
            -1.6795218862735872,
            0.09428662606372633,
            0.7779376854451521,
            -0.5924215301179778,
            -1.0800654493822335,
            1.2244699888508919,
            -0.3896953512154105,
            -1.1304529807566872,
            0.1484313325664441,
            -0.1930653035335608,
            1.2638860534921965,
            -0.40189088818774826,
            -1.8428024482640697,
            -0.32221728341610745,
            -0.08778752159375622,
            0.06356371354798543,
            -0.6541972182824974,
            -0.8252110705862312,
            -0.4816513308816485,
            -0.5680146100658984,
            0.4965045138771419,
            -0.02551358112660184,
            1.0233416108532114,
            1.1661605819643586,
            1.3596310110514427,
            1.818169495614312
        ],
        [
            -0.09229465957290235,
            2.41146098194482,
            -0.21916626466361708,
            0.6446899255906271,
            -0.9474550685666451,
            1.1181913157117929,
            0.0,
            -0.11259120517510397,
            -1.0738976157251243,
            -0.10570323754485703,
            0.22195351418984668,
            0.35778856737389664,
            0.4307301697441513,
            0.5427379401870015,
            -0.13368062568979094,
            -1.5414188135130222,
            1.7397457948088864,
            0.18413170115074917,
            0.864680587456447,
            0.6858840904703344,
            0.7546937842056654,
            -0.12014987628997728,
            -1.3215409833783542,
            0.20736996246059064,
            1.8438157156305424,
            -0.43894253448450354,
            -0.33046610755935674,
            -0.08584991884128464,
            -0.02116332762450079,
            0.6445661567988686,
            -1.2129056990005997,
            -0.061305572483523176,
            1.106881505223678,
            -0.713275976349145,
            1.1345863093080581,
            0.25256317754941243,
            -0.6659269031838883,
            0.2839332137912313,
            0.38857074918881324,
            0.47040131048970935,
            -1.1774529961335287,
            -0.4514587966757242,
            1.9251350906392408,
            0.01705883404113575,
            -1.2942854756081446,
            0.3630744562418308,
            0.1062005337773216,
            -1.0234890228255349,
            1.0769846648842636,
            0.15906781007949616,
            1.5530452930197194,
            -0.907543486156202,
            -0.14798557247358451,
            2.492820680524821,
            -0.15637603157605703,
            -2.232262069053449,
            0.17779979990917577,
            -1.8885667921004339,
            2.165352944776298,
            0.11970208302800615,
            0.09805956373501336,
            -0.23206118924294503,
            0.3568580334757476,
            1.4161931789072852
        ],
        [
            0.08671317562787473,
            -0.2591739785352211,
            0.2618868639816999,
            -0.586943111603703,
            -0.8430528490443474,
            0.38407626850005233,
            -0.11259120517510397,
            0.0,
            0.2408998400883617,
            -0.610614636506975,
            0.3227124014957766,
            -0.006768038056263809,
            0.06772357741742929,
            -1.2234804059312991,
            -0.7617387508489611,
            -0.10844537109671704,
            -0.2502522806798784,
            0.1084936578748315,
            -0.25874369394432295,
            0.7083970442750043,
            1.9642101691325033,
            1.9200568978233312,
            0.5663765326356731,
            0.127972835506179,
            0.45748066881180954,
            0.46702682359259856,
            -1.4137091086630116,
            -0.17582115329221118,
            -0.17259175415065678,
            -0.2493153212964516,
            -0.44855146284955594,
            -0.041109235398870965,
            -0.6048254085467865,
            -1.327644049515744,
            -0.1717321473218625,
            1.2530276482452187,
            0.9012742037269609,
            -0.9673517531143748,
            -0.13298845700370798,
            0.5250818514989624,
            -1.0248883617187625,
            -0.20932490274739285,
            1.0409080781490507,
            -0.2654747986511911,
            -0.1584831238882851,
            0.12031208840856296,
            0.6297405272394454,
            -0.1804144988751607,
            -0.23036692472537437,
            -1.410736966157927,
            -1.3554996772949797,
            2.270038981003554,
            -0.5925130792500581,
            -1.448442535096831,
            0.6934579595795807,
            0.00972906815931692,
            -2.3820426216986017,
            -0.0863303613528618,
            -0.917867351002471,
            0.4810403942713858,
            -0.08943598193033102,
            -0.5826288009586758,
            0.3125340316031548,
            -1.5443844251218146
        ],
        [
            0.6555047397307503,
            1.2335608748190499,
            1.3072563898525322,
            -0.20143150748338903,
            -0.6766721049737237,
            0.010016597458056234,
            -1.0738976157251243,
            0.2408998400883617,
            0.0,
            -0.06295771741030719,
            -0.38979145902163936,
            0.2703193908835584,
            -0.4089064477309774,
            0.24648355111514234,
            0.353293925033615,
            -1.0346827151923699,
            -0.2979457407782507,
            0.6109728362205321,
            -1.8230515773010203,
            -0.09919458531189963,
            -0.5454248610674183,
            -0.6647279534871907,
            -1.08925201195474,
            0.07252720200928958,
            2.5899353813509336,
            0.18239943770353628,
            -0.3397176361360375,
            -0.6149773508736266,
            -0.2104943277782727,
            -0.5783141653603973,
            0.02447256517480682,
            -1.506646157023628,
            0.17841050559414479,
            -0.9977122984665028,
            -0.08017500916199458,
            -0.9995995335071606,
            0.6414150612212238,
            -0.7345039034715459,
            -0.5629337801940939,
            0.2364559327236346,
            0.07655679476478144,
            -0.31963373583344734,
            -0.8990185057904541,
            -0.40463414887876664,
            0.17341693832075403,
            -0.8047916777511176,
            -0.01692321705298118,
            0.04716307571436191,
            0.5092233514559573,
            -1.193063368334753,
            1.5079767785893612,
            0.10135796350289804,
            -0.7862310871699503,
            -1.3354322348751673,
            -1.9301499939295108,
            0.161290498624241,
            -0.6648165918679136,
            -0.4019438573971216,
            -0.5230993166372757,
            -1.2923683821059972,
            0.7537745241670959,
            0.7279609890346228,
            1.0618882400951934,
            -1.3272112983276882
        ],
        [
            -1.5761873115244096,
            1.2035345880473927,
            2.2723728589254195,
            0.90588915423078,
            -0.22640511586381273,
            1.0560271094960374,
            -0.10570323754485703,
            -0.610614636506975,
            -0.06295771741030719,
            0.0,
            -1.034112774504506,
            1.0062747660922993,
            0.35188462967180123,
            0.026428037296823293,
            -0.6174812836156793,
            0.14714170269767807,
            0.1721898800147254,
            1.2644357848467667,
            0.5476014290913834,
            0.02688556049454419,
            -1.3309202293658806,
            1.0358313742790377,
            1.8862858637415365,
            0.4574952509167857,
            -0.3722040085679356,
            -0.6460030068564345,
            -0.3831976552953406,
            -1.6262410379226997,
            -0.7354868569005302,
            -0.14007185432420075,
            0.12949184504237035,
            -0.24168959704426218,
            -1.2954886388939273,
            -0.16905105410520907,
            0.8639331109206588,
            0.28598311592361775,
            -0.7694175698226267,
            0.4462603809346147,
            0.46358442377336356,
            -0.5230563630004784,
            -0.5247969608465431,
            -1.0348172140554,
            1.504580131834946,
            0.7174870532373527,
            -0.7791770557059814,
            0.8763607197953017,
            0.796177385819366,
            0.6629072400225354,
            -0.13950236360392596,
            -0.4521124031691965,
            -0.16979132461006208,
            0.24994394384843707,
            -0.3310622566022312,
            -0.20000504552459364,
            2.963529747619829,
            -0.17823848536717965,
            -0.848168076064842,
            -0.0945613802299049,
            -0.5823552473697851,
            -0.1943833484854845,
            -0.6525740079116189,
            0.5358445486544927,
            -0.23415238879063063,
            -0.023524557191559672
        ],
        [
            -0.25762495622739684,
            -0.10586334555246779,
            -0.8142932334116622,
            2.238718684444855,
            0.2428980212499516,
            0.04581583051936423,
            0.22195351418984668,
            0.3227124014957766,
            -0.38979145902163936,
            -1.034112774504506,
            0.0,
            -0.9633249398342363,
            0.7427693700748119,
            0.6613051106202951,
            -0.2520942837291658,
            2.0788326247355817,
            0.90806918338186,
            -0.7327921861130349,
            0.11926454691681077,
            -0.43346655937348666,
            0.32757529700912547,
            0.4875981204248132,
            -0.4235835827869418,
            0.07179735488307538,
            -1.583916951481704,
            -1.542711092860323,
            -1.8286313137077352,
            0.6630621183028467,
            -0.406872064326896,
            0.04895419521456413,
            -1.2602895310569309,
            0.34337863695843146,
            0.8202430202836477,
            0.03129367051982217,
            1.9561653739102727,
            -1.4378634043674987,
            0.1329730100698102,
            0.42710779933356724,
            -0.11629087487863445,
            1.0918851005271364,
            -0.5180733100684705,
            0.7258855842906424,
            0.4166113923168316,
            -0.5701809512680334,
            -0.6427258637671582,
            -0.5478427604574201,
            -0.3358411392980146,
            1.264878137910341,
            -1.6110041919191374,
            -1.6770506631538946,
            0.6198632789578475,
            -0.6653086171277037,
            -0.4277839218578484,
            0.16086864764517483,
            -0.189798101315378,
            -0.4780281847229396,
            -0.07491537123099727,
            1.0043775428204544,
            -0.9542826780999472,
            1.6994722343949005,
            -0.6191632048997184,
            0.6172776544054879,
            -0.5028191939807181,
            -0.010022633026180023
        ],
        [
            0.24528398637440738,
            1.1231627378090534,
            -0.9080471110090373,
            -2.698665544016458,
            -0.4719312591457254,
            1.396546560184829,
            0.35778856737389664,
            -0.006768038056263809,
            0.2703193908835584,
            1.0062747660922993,
            -0.9633249398342363,
            0.0,
            -1.737448226841625,
            0.5514540916016898,
            -0.3696981821769627,
            -0.3664783844168256,
            -0.31959025086898096,
            -1.1809947615383156,
            0.567943713809459,
            -0.36288765230330305,
            -1.5290144919841235,
            0.7335518949986674,
            -1.9695739127562861,
            1.4730443176472678,
            0.7396030040511449,
            -0.4046109251750803,
            0.3721604279301537,
            -1.4862848554212433,
            -1.2536002167155655,
            -1.0048530120115664,
            -0.5245762303382007,
            0.44440408080598265,
            2.2343880825779823,
            -0.0048123923458935625,
            1.2977963729413386,
            -1.084545677026753,
            1.1647453402598484,
            -2.209588870185467,
            -0.4452324385433305,
            -1.894152681230368,
            0.1102648977471107,
            0.9421504386908428,
            -0.892004098084282,
            0.12799413943524102,
            -1.3746023241463585,
            1.2373546498334906,
            -1.0519985490157415,
            -0.39898783005363236,
            -1.2072035315155205,
            -0.30664031904435735,
            -0.8873091751846969,
            -1.2273913261378904,
            1.4800214043468365,
            0.688571517448724,
            0.1795714673599494,
            -0.39857391881151444,
            1.966535750857694,
            0.8958689082234146,
            0.6286096028358096,
            0.7872332458487634,
            -1.8716096959275492,
            0.933683688676882,
            0.36215499955658204,
            0.6361238032002388
        ],
        [
            0.8538607455510004,
            1.1368004144106347,
            -1.0806845273900005,
            -1.4415622200922371,
            1.1835350400762445,
            -0.6444475716392631,
            0.4307301697441513,
            0.06772357741742929,
            -0.4089064477309774,
            0.35188462967180123,
            0.7427693700748119,
            -1.737448226841625,
            0.0,
            0.790013956447866,
            -0.08176045345514403,
            0.28628505016585776,
            1.539146213619028,
            -0.5493620188282772,
            0.10934505351726,
            -1.6668666377983443,
            -1.1228130320412562,
            -0.9585836344910083,
            0.6481579255756674,
            1.2165447935191058,
            -1.6144050822981044,
            -0.8446802047284446,
            -0.49462457288356815,
            -0.31340292408555437,
            -1.6424331261918017,
            -0.21675297399125482,
            -0.0787875802087615,
            1.1049910211263796,
            0.7929577994983749,
            1.4788922946484027,
            0.9187863439346805,
            -0.7964013006024715,
            0.30137270198286975,
            -0.7427866747196383,
            0.2410742630658788,
            -0.7250104573644212,
            -1.4287928676941508,
            0.5908271871532583,
            1.2997505206124875,
            -0.6996169398803016,
            0.12299100830147881,
            0.07917434801144418,
            1.5145301087044443,
            -0.512306439060251,
            0.9267435720747688,
            1.0474988830255691,
            0.16690445626302156,
            2.0115889547538512,
            -0.7577751945287426,
            0.6231045351824437,
            -0.8888710932448531,
            0.3625323954917096,
            -1.9594993709593789,
            1.0330372589873584,
            -1.0857859311270284,
            0.9576975316114138,
            1.000852553525724,
            -0.7630562041928867,
            -0.298604489112434,
            1.0604630884713848
        ],
        [
            2.394537496415972,
            -0.3920930537109983,
            1.6950219404579903,
            -0.14728234901955364,
            -2.84022948585828,
            1.4486204498231396,
            0.5427379401870015,
            -1.2234804059312991,
            0.24648355111514234,
            0.026428037296823293,
            0.6613051106202951,
            0.5514540916016898,
            0.790013956447866,
            0.0,
            -0.7214004078656037,
            0.05592696014676168,
            -0.32868396932503957,
            -0.07783936133009721,
            0.34121934353188554,
            0.03987012114474913,
            -0.022524486229052426,
            1.3554824395875955,
            0.6681927661469694,
            0.040396423302016836,
            -0.342619744008367,
            -0.7541075939775019,
            -0.7361749352495537,
            -0.5566258011377744,
            1.355475565842248,
            -0.5719976940987944,
            -0.2671937301832893,
            0.7912650798558577,
            1.2354684617648775,
            0.4951954389185012,
            -0.8037450767211204,
            -0.060488310548365655,
            0.12034935623009985,
            -1.1596348251291577,
            1.4315064520828884,
            -0.9355735579409861,
            0.7405845652218713,
            0.8619350158277601,
            0.0471803024268325,
            1.674753648995469,
            -0.009492752963677697,
            0.8077211004562382,
            -0.04638797852127477,
            0.5269081914904461,
            0.5635385707071944,
            0.4874240117485786,
            -0.5103009652960667,
            -1.3049180329030434,
            0.12291819894044492,
            1.7672507464721638,
            -0.6270204603103539,
            -0.8697978886020303,
            0.7183585449365968,
            -1.5611311976608033,
            0.4879292412577494,
            -0.29615100449717396,
            -1.3070216166544408,
            0.6651148121700007,
            -0.39960387148914833,
            0.4372498407580785
        ],
        [
            -0.26275612279566385,
            1.1017125026940728,
            -0.9562499065590764,
            0.14681135746489216,
            0.39602163452530503,
            -0.7311494715092155,
            -0.13368062568979094,
            -0.7617387508489611,
            0.353293925033615,
            -0.6174812836156793,
            -0.2520942837291658,
            -0.3696981821769627,
            -0.08176045345514403,
            -0.7214004078656037,
            0.0,
            -0.271148012730762,
            -1.230134413579389,
            0.07266448190394127,
            -0.9897780861825785,
            1.5114482248125884,
            -1.518889942813688,
            -0.35868912161036853,
            1.560749571633257,
            -0.158535524451491,
            1.3165760581142272,
            0.27190217103882586,
            -2.310751542284397,
            -0.3044242188459653,
            0.8060096179441828,
            -1.8424896594207334,
            1.2928750500111044,
            0.09598892897691455,
            -0.7733797548499854,
            0.5572165378793377,
            -0.8917062651064465,
            0.677578795813766,
            -0.9596440722427991,
            -0.9818851483075116,
            0.3134806146309765,
            2.1787409296014295,
            0.6161898747044288,
            -0.5557870466837594,
            -1.3045079173438283,
            0.642138621552223,
            0.5501453420876652,
            0.30621358624469713,
            0.07362793252477695,
            -0.3056002687867888,
            0.22931679002730418,
            0.7330156063325933,
            -0.06881916041654788,
            -0.392503236139122,
            0.4083827747109593,
            -0.6194170118290298,
            0.48556855972017227,
            0.4845163474849914,
            -0.5727121276210017,
            -0.47291091500064003,
            -0.7345452592719226,
            -0.5162603038679054,
            -0.6861315311091294,
            0.6196512383677681,
            1.3907783359019723,
            0.6125300986698963
        ],
        [
            -0.6163952177827482,
            0.1175373937091549,
            -1.3000656668093549,
            -0.6653967569170639,
            -1.4175331911239164,
            0.624509807298412,
            -1.5414188135130222,
            -0.10844537109671704,
            -1.0346827151923699,
            0.14714170269767807,
            2.0788326247355817,
            -0.3664783844168256,
            0.28628505016585776,
            0.05592696014676168,
            -0.271148012730762,
            0.0,
            0.2734711460721253,
            -0.11102964440374115,
            -1.4620755780001813,
            1.2615410365293467,
            0.2863292938819502,
            -0.828213794925951,
            -0.5658099329370931,
            0.5544921556624696,
            0.5411912940550103,
            -0.9019932783174764,
            1.9802992784953322,
            1.4508842932039832,
            -0.3663563911660801,
            0.15697880931598718,
            -0.006493730603129526,
            0.7595983586281445,
            -0.8362159527875394,
            -0.7152687971094572,
            0.025299258272648804,
            1.1332943426682063,
            1.4385267286899912,
            0.7781322217631146,
            -2.072883339624091,
            -0.854419463116138,
            -1.5758030293005911,
            -2.0029747345031668,
            0.3686583813726034,
            -1.8522203963027486,
            0.3391773719006615,
            0.2280905137659479,
            -0.9747496672175838,
            1.2774292702434775,
            0.2695511279131032,
            0.4528364552303351,
            0.8592400989444362,
            0.4638818577757228,
            -0.5244136891658003,
            0.11938288424538293,
            -0.07396364380560133,
            -0.7453463682981376,
            -0.5015767858446177,
            1.9765950392488443,
            -1.5274484972681646,
            -0.5965898579239322,
            -0.5740262865181742,
            -0.16187433211514407,
            -0.32364937251449244,
            -1.0895965113875359
        ],
        [
            -0.8728557322903855,
            0.30530736966955224,
            1.1924843599638528,
            0.0035467902792184255,
            0.7872838479154072,
            -0.23784933966866526,
            1.7397457948088864,
            -0.2502522806798784,
            -0.2979457407782507,
            0.1721898800147254,
            0.90806918338186,
            -0.31959025086898096,
            1.539146213619028,
            -0.32868396932503957,
            -1.230134413579389,
            0.2734711460721253,
            0.0,
            0.3239029950752115,
            -1.1120726876047464,
            -2.5486679626113906,
            -1.3335305119552827,
            0.6853465356632896,
            1.79965497107726,
            0.5321727652850673,
            2.1526101227232575,
            -0.9154356380667727,
            -0.43756569050342314,
            0.4244782562246508,
            -0.4573266325518991,
            0.17933354857965506,
            0.020545815585321776,
            -0.3500650202608373,
            -0.838705150991935,
            1.1657849208943885,
            -1.209059872848528,
            -1.178590449980324,
            0.8963012241082631,
            1.126142241989857,
            0.6333782643822066,
            1.3553548484880689,
            -0.6052419590078525,
            -1.11616398860573,
            0.7760756917657172,
            -0.009098395752278476,
            0.14730779887795012,
            0.49760707819062433,
            -0.9665344881193861,
            2.920158623944318,
            -0.9124526413975439,
            0.3596021073052935,
            0.3343841922893398,
            1.0012532700711023,
            -0.8686268405896367,
            -0.11235547574558466,
            -0.8197767405567494,
            -1.41611993421453,
            -0.08375436476920889,
            -0.11412140166791263,
            2.046056962409596,
            -0.3338157992036895,
            -0.24427303120626306,
            1.6044072179355737,
            0.15980533016707807,
            -1.1170459243240178
        ],
        [
            1.7219744869849083,
            1.4047185615560882,
            -0.3123719172237138,
            -0.9879625380105277,
            0.5001904243478478,
            1.1796613878943223,
            0.18413170115074917,
            0.1084936578748315,
            0.6109728362205321,
            1.2644357848467667,
            -0.7327921861130349,
            -1.1809947615383156,
            -0.5493620188282772,
            -0.07783936133009721,
            0.07266448190394127,
            -0.11102964440374115,
            0.3239029950752115,
            0.0,
            -0.6300825551815675,
            0.5927997536183597,
            0.3302983114237651,
            0.75458847556321,
            0.5890893437105943,
            -0.8254462112870424,
            0.49566219630821085,
            0.09371049939258007,
            1.7229842043885513,
            -0.20494064034330634,
            2.0144385491549412,
            -0.6886051938874385,
            -0.7277246219883734,
            1.7144922414122499,
            0.1637637629379134,
            -0.8964124382236025,
            0.7664406601319457,
            0.039111743633273174,
            0.293533641223119,
            -1.298132188221296,
            0.22350215994633824,
            -0.6969518644872267,
            0.9545858799908734,
            -1.7631249351115656,
            -0.12248645873344922,
            -0.2634175942918402,
            0.035856565358581186,
            -0.15841308173690388,
            -1.130460741513519,
            -1.9832193452335205,
            -0.9922286232663108,
            1.4212879016436224,
            0.4022558923833877,
            -0.8052898604098794,
            0.7117602688821796,
            0.16065542799321914,
            -1.1465914896499119,
            -0.752040343094914,
            -0.48131764747616207,
            0.8187362179640941,
            -1.0729442095845305,
            -0.5502278313875891,
            -0.8749261928296991,
            0.05189862084957315,
            -2.077537722389278,
            -0.33569455828359784
        ],
        [
            -0.6574425095430478,
            0.23995595919363824,
            1.2969814935682809,
