{
    "N": 64,
    "id": "9e39c731-d122-4dda-be85-0da777a76777",
    "problem_type": "SK Spin-Glass",
    "distribution": "gaussian",
    "spins": [
        -1,
        1,
        -1,
        1,
        -1,
        -1,
        -1,
        1,
        -1,
        1,
        1,
        1,
        1,
        -1,
        1,
        -1,
        -1,
        1,
        -1,
        1,
        -1,
        -1,
        -1,
        1,
        -1,
        1,
        -1,
        1,
        -1,
        -1,
        1,
        -1,
        -1,
        1,
        -1,
        -1,
        -1,
        -1,
        -1,
        1,
        -1,
        1,
        1,
        1,
        1,
        -1,
        1,
        1,
        -1,
        -1,
        -1,
        1,
        1,
        1,
        -1,
        1,
        1,
        1,
        1,
        -1,
        1,
        -1,
        -1,
        -1
    ],
    "couplings": [
        [
            0.0,
            -0.2689449211361204,
            -0.7300432065428724,
            -0.8919003696526645,
            0.8050589214315689,
            1.3204204615027715,
            -1.1668602654252724,
            1.1904211538746534,
            0.29601160557520434,
            0.7953117981726993,
            -0.9986947247710036,
            0.3798622371255071,
            0.6201228494261206,
            -0.8803982994300491,
            -1.1025276867807106,
            -1.181559874106664,
            0.5878439998210283,
            0.04615619964365644,
            -0.6536114241231615,
            -0.7495064538993005,
            -0.2651643454190756,
            -0.5864128749328001,
            -1.1127305697632255,
            0.029825595605598037,
            1.2432177324198348,
            0.21289896773619219,
            -0.48912901677931725,
            0.346979409067471,
            1.3126878941682667,
            0.5535400242147555,
            0.13815010728436092,
            0.030331608269795113,
            0.43103747762980515,
            1.2706516884074504,
            0.21771298991282728,
            0.6693216818718141,
            -0.43310009945088446,
            0.11064670158453985,
            1.0354406502044549,
            -1.6275767299334434,
            -0.11426988807178634,
            1.107374641137688,
            0.25183420997007694,
            -0.6098527407641124,
            -1.1435997892772602,
            2.7789872652696093,
            -1.158266272525375,
            -1.0033258777017402,
            -0.9398306731056322,
            1.2431062011587508,
            -1.3659576115279641,
            -1.1301365566031591,
            2.5883089528253156,
            0.5729729072568003,
            1.507994397649118,
            -1.2766500394643954,
            -0.2360174395256798,
            0.41454559399873836,
            0.44716748127312694,
            0.1727199816607481,
            0.13239535788981224,
            0.005199360121254832,
            0.4767357220030943,
            0.7519588614362014
        ],
        [
            -0.2689449211361204,
            0.0,
            0.686601895083548,
            0.6404300690058291,
            2.1377796626363423,
            0.20620493100014148,
            2.8796294034556675,
            -0.4353647301518559,
            0.6859936596272634,
            0.9224816082670221,
            0.8490117401077273,
            0.31811062332309864,
            -0.8952895251932956,
            -0.591772686124717,
            0.2288517563369081,
            -0.8439878201515034,
            -1.0721627387565116,
            0.3093295434759883,
            -0.9299660465571508,
            0.8843985847007737,
            1.7659401773509336,
            0.7623778041240206,
            -1.136085180185625,
            0.6872925667884842,
            1.0241079645751296,
            0.6162786231037307,
            -1.1699889600625077,
            0.7970380411265737,
            -0.9866475050835196,
            0.272137752946359,
            0.4204599071379485,
            -0.861869688700452,
            -0.06290860195237477,
            -1.1871533458791224,
            0.1146408556654924,
            0.2960814368060104,
            1.5359465371341132,
            -1.288628299355504,
            -1.2266027787797142,
            0.13211842384570013,
            -1.275443651427538,
            0.12152451150591422,
            -0.3361288077624383,
            0.20293189442881754,
            -0.5443268744871922,
            -1.3341475395680602,
            -1.7823353083497464,
            1.2515910961167056,
            0.18393538211848826,
            1.8090786634094127,
            0.5227119131697315,
            1.26747558396197,
            0.6812515613563136,
            -0.8538027297885122,
            -0.35385954288151167,
            0.8741662515907562,
            2.3350868440653083,
            0.06834413359371212,
            1.6588423673208124,
            -1.6611073379549388,
            -0.2396177512202321,
            -1.2587743814780834,
            0.28692261746408515,
            0.7248465534132409
        ],
        [
            -0.7300432065428724,
            0.686601895083548,
            0.0,
            -2.7636705164665356,
            0.4012593576299508,
            0.8244696242218059,
            1.4972527581145638,
            1.430143770882624,
            -0.3146818053999936,
            0.07275434596458222,
            -0.07853295353219414,
            0.37801539315626,
            -0.462701746361156,
            1.341887236303527,
            0.7201870346540823,
            -0.5542181021520867,
            -0.46666641047852,
            -0.10211160363938163,
            -0.4372969473275942,
            0.6656632443571201,
            -0.683844540164597,
            0.5636076511855952,
            0.6951123847073899,
            -1.4552827132683084,
            1.2685766020449656,
            -1.0048822675285842,
            0.9869852328324105,
            -0.6853719293798783,
            1.7404892913534578,
            0.16116976876742892,
            0.6840211452574211,
            -2.7347960951069896,
            0.27884667586379885,
            0.6355124756214469,
            0.007199386839776177,
            -0.1843735481915637,
            0.24575388637331141,
            1.4332164681973893,
            -0.4139219656964848,
            1.5697903094385084,
            -0.653420634218847,
            -0.4832955841547794,
            0.2927559072608301,
            0.8691451816082894,
            -0.33722906888377685,
            -0.3014684145053314,
            0.8559263961961054,
            -0.6763514168329396,
            0.697015628808663,
            0.16723061790688176,
            0.19894170515155865,
            0.7127947916914618,
            1.072485063639024,
            0.06819517601865034,
            1.9786325432801672,
            0.4790794111984619,
            0.6838939810846539,
            1.9979172373927754,
            -0.5797862888131797,
            1.0477669842122699,
            -0.6254092012544938,
            0.2362462966898929,
            -0.7340122864812628,
            0.696584122678446
        ],
        [
            -0.8919003696526645,
            0.6404300690058291,
            -2.7636705164665356,
            0.0,
            0.1870815336207678,
            -0.6110841709613105,
            -1.0081311845475383,
            -0.8925240826527296,
            0.8696501291893037,
            0.08335340275502205,
            0.19403741044005066,
            1.181697847377161,
            0.24659876724271726,
            1.4451109999349774,
            -0.03214205926571342,
            -0.39564125244597464,
            2.124471719303458,
            -1.1463463072388371,
            0.2083083805828916,
            -1.399279624879023,
            -1.022315384611214,
            0.535170604557142,
            0.9280269680817383,
            -0.627396990563855,
            -2.1547483937651304,
            0.36048987424318385,
            1.007623436295117,
            1.2553759172227963,
            -0.4374072771164758,
            0.6103612300294713,
            -0.1803583643243136,
            0.6116272701022719,
            0.5002854694487592,
            -1.215450677171883,
            -0.477981776629787,
            1.5327718585355763,
            1.357835102151731,
            0.9793166885413602,
            -1.9052152942320235,
            -1.6090650979218435,
            2.3501193680062933,
            0.9970518634371246,
            0.6372125810206309,
            -1.3992561418708593,
            1.9540778344906975,
            0.2934709135086273,
            -0.07967852342813925,
            -0.384266192543248,
            0.9597160283124107,
            0.5083324129191941,
            -1.3668949555561516,
            0.847392799330474,
            0.6056550421613736,
            0.5741589416740154,
            -0.7704365075725402,
            -1.2687252643718778,
            -0.3494905910838534,
            0.5631059066917533,
            1.959170033138577,
            2.2414179893196624,
            -0.1388065424345653,
            -0.7348831173294887,
            1.0412511880455675,
            0.7835368216930688
        ],
        [
            0.8050589214315689,
            2.1377796626363423,
            0.4012593576299508,
            0.1870815336207678,
            0.0,
            0.5820884576068778,
            0.18707656176185697,
            -0.14802409733084912,
            -0.3668217114305473,
            -0.9662471368623237,
            0.4492893843483773,
            -0.38956240203377784,
            0.571713267701734,
            1.085737139892076,
            -0.39833218954742305,
            -3.0154214787916023e-05,
            -0.36902030207599823,
            -0.18546682354412283,
            0.804010360984734,
            -1.1729566494154455,
            1.2643979149289908,
            -0.8765261089700805,
            -4.173884287153121,
            -0.2373250354850247,
            0.6317890994200358,
            -0.6684577816012074,
            0.4958097430492148,
            0.29120177653302753,
            -1.0170905847413971,
            -0.8549854632415547,
            -0.036941327022440004,
            -0.6053734087310989,
            1.1899503028139775,
            0.3241976515511562,
            -0.5187376772430333,
            -1.0628266703742715,
            0.22451533672245474,
            2.153388307520027,
            -0.2337562812256575,
            -0.2544525064661459,
            1.6170488996716423,
            0.9571411414263221,
            -0.2957374084278373,
            -0.9499632937724216,
            0.04856933953673234,
            2.4341381318269653,
            0.38012832863184176,
            0.040831614267732526,
            0.96824494967331,
            0.33437111677459574,
            0.22930121291010136,
            1.4463300146470477,
            -0.9436136287880733,
            1.8720717135294704,
            1.5479651178193095,
            1.816634640459117,
            1.573465054205958,
            1.3828140453846427,
            -0.3025611804580456,
            -1.0089221969607929,
            0.7910621667711341,
            -0.22144049495660412,
            0.7391725098363895,
            0.2876136509568823
        ],
        [
            1.3204204615027715,
            0.20620493100014148,
            0.8244696242218059,
            -0.6110841709613105,
            0.5820884576068778,
            0.0,
            1.4578051253304058,
            -0.9229940169309085,
            0.02576623039489105,
            -0.6372677469935181,
            0.4393703670760232,
            -1.283909317760167,
            -0.8912101498213489,
            1.3545938229446413,
            0.2277620240147552,
            0.6743954013393415,
            -1.2065245957796706,
            -1.3249474992044654,
            -1.411274076425006,
            0.9035767248736379,
            -0.8450699335603609,
            1.2033225982248004,
            -1.911684451636181,
            0.6636492613194075,
            -1.0614552271871587,
            0.6972315505632405,
            1.974744978296236,
            -1.5738591037006597,
            -0.6975507075951501,
            -0.3649590962024227,
            0.19024579640981165,
            -0.6254399889123066,
            0.426464167237166,
            1.0387043913713985,
            0.2695979354936126,
            1.5440281331390444,
            -0.136062784867716,
            0.7329581609836295,
            -1.0237780531725964,
            -0.013129631365601713,
            -0.04418899292795271,
            -0.9321248205344924,
            -0.07421096390081446,
            -0.6827630379365328,
            1.3720706815398576,
            -0.8373772630481633,
            0.2936604971766108,
            2.172828755215876,
            0.08123945078004885,
            -0.09957667686011716,
            0.010537691359550396,
            1.3450913299278975,
            0.02537693898649161,
            0.8997216417870407,
            1.2645021419349531,
            0.6014536944444601,
            -0.3939343754642215,
            0.551954689182961,
            0.21153254374140634,
            -0.4161442746742619,
            -0.5055696400859098,
            -0.2683084241571707,
            0.065796259415398,
            -0.6501748531104943
        ],
        [
            -1.1668602654252724,
            2.8796294034556675,
            1.4972527581145638,
            -1.0081311845475383,
            0.18707656176185697,
            1.4578051253304058,
            0.0,
            -0.8509962589635686,
            1.022993680279441,
            0.5139584987245898,
            -0.22619063391839495,
            0.06058935994113094,
            2.005470048704695,
            0.08637905836701433,
            2.4734371976721086,
            1.9471411461024655,
            -0.930782456958479,
            1.5733274627833997,
            -0.5989961542733282,
            1.3154152963291905,
            -1.0510562091788522,
            1.496393729685567,
            0.02671788468476405,
            -0.8114705689336196,
            0.20960699586692122,
            0.8256330706658485,
            -0.7105398700308191,
            -0.7746175216795689,
            -0.31384502741612263,
            -0.17226755341454414,
            1.6037752314083351,
            1.524934955350875,
            -1.5370096521885352,
            -0.15999561478658086,
            0.2145407256708467,
            -0.9783255957177168,
            -0.32826659647481893,
            -0.4676774697102339,
            0.9855665724398291,
            -1.3720033636313145,
            -1.5089322398575047,
            -1.9118613126734034,
            -0.975930595164505,
            -1.5291220105242305,
            -0.318068612263499,
            -0.1294524866596885,
            0.10414020031297815,
            -0.08019944865944409,
            0.5269555759701547,
            1.325601081575827,
            0.25803456325577595,
            -1.0642840145857413,
            -1.7820251492284966,
            -0.7950908112205242,
            -0.5151528980014057,
            -2.0429358117182934,
            -1.2297421972646776,
            0.46587822314406346,
            -2.531585662228453,
            -0.5851216857023086,
            0.21820620063113894,
            -1.4153286669126153,
            0.13039103282108022,
            -2.4474663495175357
        ],
        [
            1.1904211538746534,
            -0.4353647301518559,
            1.430143770882624,
            -0.8925240826527296,
            -0.14802409733084912,
            -0.9229940169309085,
            -0.8509962589635686,
            0.0,
            0.921098035479841,
            -1.2371490244946062,
            -1.4253213540329646,
            0.7202090400409044,
            -2.0081700661759503,
            -0.9683665519963287,
            0.2003256297350236,
            -1.9717550406742221,
            -0.24499113795331298,
            0.33330293163522684,
            1.6910138287191094,
            1.1216178205552465,
            -0.6677060986346678,
            -0.014543134374798178,
            0.014682865471325059,
            -1.2022432360157567,
            -0.8942531527253308,
            0.6983796032935826,
            0.8652347866839967,
            -0.26868531599041096,
            0.8671463312264639,
            -0.0785615111655678,
            -1.009241541679773,
            1.4696488983257618,
            -0.9290296696691291,
            0.4043041860399127,
            -0.19467441720578085,
            0.3158945797431901,
            -0.9158162755764787,
            0.3281241142327512,
            -0.2832401917459397,
            0.7343129210356897,
            0.8014147946114033,
            0.20578870584737605,
            -0.5738516662424845,
            4.090253897438618,
            0.7826094684508218,
            -0.8376666468087552,
            0.8603703981525003,
            1.422182827669046,
            0.9606504019781488,
            -0.5862695410338107,
            -0.7242703864219984,
            -1.9621270198518133,
            -1.0457217420046225,
            -1.9791255893940352,
            0.33442096487123396,
            -0.5286592449901978,
            -0.6609129198370682,
            -0.4256010250646329,
            0.4058836138455336,
            1.3316576206215502,
            -1.8623511839624598,
            1.5197006229156313,
            0.3426125616154481,
            0.3037282359563405
        ],
        [
            0.29601160557520434,
            0.6859936596272634,
            -0.3146818053999936,
            0.8696501291893037,
            -0.3668217114305473,
            0.02576623039489105,
            1.022993680279441,
            0.921098035479841,
            0.0,
            -0.30904207706281106,
            0.3289977605926486,
            -0.8091904499073287,
            1.278407078709313,
            -0.4475451843003104,
            -0.6303493741264093,
            -0.9334685017333317,
            0.08326157534595123,
            1.6422499592549682,
            0.6947712730452571,
            1.358362762912842,
            0.8638572120999685,
            -0.43919516267446573,
            -0.40769134484388103,
            -0.9865372522158056,
            0.8754005885279253,
            -0.25664072767431984,
            -1.777231064458208,
            -0.7027159132851215,
            -0.6936140231874875,
            -0.15340924890345733,
            0.6204330588671176,
            -2.146685867840308,
            -0.5064989660198488,
            0.3370661232253999,
            -1.0624435837860289,
            -0.3413950538466629,
            -0.1566185907933837,
            -1.2316617620251693,
            0.7279793708110245,
            1.938871963266789,
            -0.5607262251396521,
            -0.8403459792951443,
            -0.4823977504006561,
            -1.1182090181544644,
            0.44910183819589405,
            -0.08588279373700111,
            0.15956331802110985,
            -0.2257766395459518,
            -1.545000616882342,
            -0.34791525301932624,
            0.40766238323792986,
            -0.09794348515681259,
            0.048955718740014205,
            -1.3946904540650702,
            0.6761491177763649,
            0.17947395892844453,
            0.6517835318826827,
            1.409514703010247,
            0.5973927457750506,
            0.2415356791314285,
            1.5130311325280332,
            1.5593755191029917,
            -0.15809699766318736,
            0.3555101915408168
        ],
        [
            0.7953117981726993,
            0.9224816082670221,
            0.07275434596458222,
            0.08335340275502205,
            -0.9662471368623237,
            -0.6372677469935181,
            0.5139584987245898,
            -1.2371490244946062,
            -0.30904207706281106,
            0.0,
            -1.9201612960337708,
            -0.13424238033021516,
            -0.2582614330347446,
            1.3835876902785407,
            0.03567465920036956,
            1.1191076365632033,
            -1.540820904321398,
            0.7455449101119167,
            0.6503793959769981,
            0.3910019122341296,
            -0.3393672996116183,
            1.1338878717203302,
            -0.16958285090517639,
            0.2904736968299802,
            0.7422916610453408,
            -0.586546832851607,
            -0.33290868502104654,
            0.5102465032929678,
            0.31357652936290514,
            1.4335117071673478,
            -0.7210591837794014,
            -1.1915396134070946,
            2.197455087553246,
            0.4559285508166454,
            -0.45049156541009633,
            0.8653343407971609,
            -0.062048987827234905,
            -0.8684472645300528,
            -0.7902584545530498,
            -0.1634973855580716,
            -0.9450544742753285,
            1.253892673763319,
            1.1201072363054019,
            0.3340897714047816,
            2.969278809201362,
            0.4379299676608403,
            -2.683640690999186,
            0.03154187528844131,
            0.09407904130084133,
            -1.4686954177054583,
            0.15384137033345482,
            1.1381895578619214,
            -0.3433723417754825,
            -1.1386941669490462,
            -0.45347899287123083,
            -0.33272684384347145,
            -0.42364726394730995,
            -0.04944736902209496,
            0.9630424301301556,
            -0.13251551296662897,
            0.49714841333391807,
            0.6213551417632914,
            1.1201213154552878,
            -0.14745082148010363
        ],
        [
            -0.9986947247710036,
            0.8490117401077273,
            -0.07853295353219414,
            0.19403741044005066,
            0.4492893843483773,
            0.4393703670760232,
            -0.22619063391839495,
            -1.4253213540329646,
            0.3289977605926486,
            -1.9201612960337708,
            0.0,
            0.9516369282466967,
            -1.1718153493612826,
            -0.0662986973921943,
            -2.109583293497058,
            1.5064649709809408,
            -0.2580628521235409,
            0.3014245570296417,
            0.22227321793778543,
            -0.12371410928503782,
            0.8011165125417573,
            0.12505083265860634,
            -0.7974448646364519,
            -0.39689324659512243,
            0.5113661858582208,
            0.004879891354327688,
            0.07917059402118044,
            -0.5008526183367998,
            -1.000420196903371,
            -0.9983518743568515,
            1.7117881491353646,
            0.909391220718921,
            -0.669124867691058,
            -0.710376568323534,
            -0.2339373125147854,
            1.7401441835910143,
            0.055763163394648256,
            -0.49643973451490225,
            2.1222942579621957,
            -0.9683309191105505,
            -0.6246899316709005,
            -0.22272202609665342,
            -0.8671066674990131,
            -0.15254038665235334,
            -1.0438196888512297,
            -1.3521344106199784,
            -0.11521240272457049,
            -0.8857820186303115,
            -2.24842183885289,
            -1.164649753351646,
            -1.3735652098519444,
            1.0160101951468035,
            -2.1801213733130926,
            0.8018713591525093,
            -0.6170714072350021,
            -0.1464184170911109,
            -0.4404840077793511,
            0.12495981202326426,
            0.6815260860642646,
            0.8686729407050506,
            1.080787940471101,
            -0.3361800212709444,
            -0.699927031517019,
            0.4053974714000765
        ],
        [
            0.3798622371255071,
            0.31811062332309864,
            0.37801539315626,
            1.181697847377161,
            -0.38956240203377784,
            -1.283909317760167,
            0.06058935994113094,
            0.7202090400409044,
            -0.8091904499073287,
            -0.13424238033021516,
            0.9516369282466967,
            0.0,
            0.09010745580686358,
            0.37077703986477123,
            0.624161360007075,
            0.2664268692631617,
            -0.9491958668152396,
            1.2997201529090567,
            2.360109777542956,
            0.018813914549855936,
            -0.23112713663871862,
            -0.3446778391400286,
            -0.9728301403267511,
            -0.5535666828451506,
            0.2172918808281239,
            -1.639457860425825,
            -0.5027763845451819,
            -1.8205761006989374,
            1.548866869053621,
            -0.10552883739266432,
            0.3144447821907631,
            0.8853007418568399,
            1.201168514067575,
            1.7188901502230456,
            0.7794492089912617,
            0.9044340030994305,
            0.13030376494961457,
            2.4105114474092395,
            1.0955736353391503,
            -0.9469100169447667,
            -1.1037946331223798,
            1.072030392229107,
            0.8210136386464227,
            2.4598378048406433,
            -0.5008947352834304,
            0.9259036812733303,
            -0.19255914742824448,
            -0.25953031532112325,
            -1.5607583594969692,
            -1.2044501344116274,
            0.13828144242163692,
            0.1534576030008714,
            0.07651644364779484,
            1.9129775240767408,
            1.5531241310117132,
            -0.10590934155075295,
            -0.2625512949245208,
            1.6818250940261097,
            -0.8937885527344045,
            -0.49049606997627304,
            -1.8179207147318606,
            0.3126753849023273,
            0.066488716508691,
            -0.5866329835410453
        ],
        [
            0.6201228494261206,
            -0.8952895251932956,
            -0.462701746361156,
            0.24659876724271726,
            0.571713267701734,
            -0.8912101498213489,
            2.005470048704695,
            -2.0081700661759503,
            1.278407078709313,
            -0.2582614330347446,
            -1.1718153493612826,
            0.09010745580686358,
            0.0,
            1.0800704087934645,
            -1.9225800776298847,
            -0.7569366224734415,
            -1.0687761769277788,
            -0.4707115824038174,
            0.2799467774826977,
            0.20498796076279324,
            -0.32925356390400257,
            -0.1991363499044312,
            0.05409443501943432,
            0.5787187537596447,
            -0.5535108672165413,
            -0.8419237105439232,
            1.151182138465269,
            0.7131933576937207,
            -1.5548642381541427,
            0.42158296719415633,
            -1.0871056886445618,
            -1.695896313886451,
            1.544602669079789,
            -1.5907151876847623,
            -0.7697224819036421,
            0.9689642497382883,
            0.05044974620872708,
            -0.40522402595964235,
            1.0308778315225775,
            1.0412483404971042,
            -0.33398082694300546,
            0.6448312194342087,
            -0.9966689174166504,
            -0.7489716348983779,
            0.9682482263222368,
            0.8818465291608488,
            -0.20585969288626246,
            0.46442708010219935,
            -0.030057950191509607,
            -1.1610227009599507,
            -1.8124918083065282,
            -1.1660358364371923,
            -0.40023148504522155,
            1.024553254108019,
            1.043393367359417,
            0.3633551003660728,
            0.1151316405917096,
            0.8394061512793581,
            0.9294274538581739,
            -0.11578839000609634,
            1.043529139501749,
            0.2835860175509083,
            0.22238493262229253,
            -0.1788709292000889
        ],
        [
            -0.8803982994300491,
            -0.591772686124717,
            1.341887236303527,
            1.4451109999349774,
            1.085737139892076,
            1.3545938229446413,
            0.08637905836701433,
            -0.9683665519963287,
            -0.4475451843003104,
            1.3835876902785407,
            -0.0662986973921943,
            0.37077703986477123,
            1.0800704087934645,
            0.0,
            0.4535551877251311,
            0.3618868158562057,
            -0.9420002861158014,
            -0.8126679883969584,
            -2.5562676085684415,
            -0.46138662698518335,
            0.14333882848541538,
            0.9696398682383996,
            -1.9195485277549158,
            -0.3584883668899712,
            0.609053707978683,
            -1.0044246373601498,
            -0.5874018897522877,
            2.0459906380777624,
            -1.1800684622957105,
            -1.3412381684720411,
            -0.22635350723817768,
            0.17111726197100663,
            0.6123466922385142,
            -0.7231529497235303,
            -1.0342848209722009,
            0.6410778383681789,
            -0.4369264779518091,
            0.3743835509340731,
            -1.1221751468919485,
            0.026190014236086107,
            -0.8460869556920365,
            -0.22163565167273747,
            0.20038409172459146,
            -0.611846910019375,
            0.05883553958794363,
            -0.12279206874712238,
            0.5462801655787635,
            0.46143343736981113,
            -0.12735110833046023,
            -0.2680350760394501,
            0.19307182554773097,
            -0.5403480217950974,
            -0.6593855741076701,
            -0.547472604309307,
            -1.1176383025696914,
            0.7380744205322759,
            -0.7731176925241176,
            -0.236280459442613,
            -0.4442452528086082,
            0.738994595617351,
            1.3644135213678494,
            -2.044359744178115,
            0.7254012583014184,
            -1.1543334778889338
        ],
        [
            -1.1025276867807106,
            0.2288517563369081,
            0.7201870346540823,
            -0.03214205926571342,
            -0.39833218954742305,
            0.2277620240147552,
            2.4734371976721086,
            0.2003256297350236,
            -0.6303493741264093,
            0.03567465920036956,
            -2.109583293497058,
            0.624161360007075,
            -1.9225800776298847,
            0.4535551877251311,
            0.0,
            1.306101025051601,
            0.9407695956310805,
            -0.4802079268502052,
            0.32974386640410125,
            0.46457817551704206,
            1.2793188095126566,
            0.01043889616568602,
            2.6928214180273624,
            -0.8433725173104253,
            1.317453255197186,
            0.69825974225716,
            1.103912178132385,
            -1.9762728564471335,
            1.0884199848811977,
            0.22349111549606304,
            -0.5379706663930757,
            -1.4790498916127868,
            0.8783760174904043,
            1.269506391385471,
            0.5227177281329987,
            0.3539999369229829,
            -1.9054509632469045,
            0.6870130751544783,
            1.5261760789192191,
            1.022064910060204,
            0.7624041787645282,
            0.7908470740631205,
            0.4733392566406963,
            -0.03706555883094209,
            1.3397281992434367,
            -2.138317148712869,
            -0.682380963304729,
            -1.4436400893794723,
            0.36867027385401385,
            1.748220245740257,
            1.920860560028331,
            -0.9657807854723485,
            -0.2853808413936653,
            -1.0572825727823523,
            0.3720544276767572,
            -0.19667514527847907,
            1.9701234941261998,
            0.805363872311029,
            -0.2008774670425155,
            -0.7101035838058556,
            -2.951538700119837,
            0.30900496402623756,
            -0.8399461087334084,
            1.7220415438836847
        ],
        [
            -1.181559874106664,
            -0.8439878201515034,
            -0.5542181021520867,
            -0.39564125244597464,
            -3.0154214787916023e-05,
            0.6743954013393415,
            1.9471411461024655,
            -1.9717550406742221,
            -0.9334685017333317,
            1.1191076365632033,
            1.5064649709809408,
            0.2664268692631617,
            -0.7569366224734415,
            0.3618868158562057,
            1.306101025051601,
            0.0,
            1.4598886403579308,
            0.17638131647356625,
            -0.9878957942569114,
            0.44313406584402387,
            -0.25441626295098485,
            -0.60291631590559,
            -0.31907493349555033,
            0.8785578631589563,
            1.2049537829541073,
            -0.7757857496315126,
            0.8155923554510989,
            0.04590493245423719,
            0.11967100151420343,
            0.19930083139631136,
            1.2252407429630985,
            1.0941036536198787,
            -0.27211482130515746,
            -1.3275738923743239,
            0.19863205119522875,
            1.2720863398546163,
            -1.354539693282229,
            -1.6528858882309643,
            -0.0763883543456908,
            -0.21286826290765523,
            -1.1963361742898588,
            -2.2958417912646203,
            1.6001796768821341,
            -2.395106613541241,
            0.6833953401415891,
            -0.40094745049341785,
            -1.0063158391050833,
            0.4290018338520889,
            0.7811493020736566,
            0.23560092669041496,
            0.26789697210000374,
            0.7662808439816257,
            -0.6812801815761249,
            -0.6513757350482273,
            0.27010324727817975,
            0.5371317183953239,
            -0.7049321980847919,
            1.0743705518034445,
            0.07145845270434786,
            0.013439618138422383,
            -0.16525585642283816,
            -0.25721597288690357,
            0.06383789009713957,
            -0.44197442267547715
        ],
        [
            0.5878439998210283,
            -1.0721627387565116,
            -0.46666641047852,
            2.124471719303458,
            -0.36902030207599823,
            -1.2065245957796706,
            -0.930782456958479,
            -0.24499113795331298,
            0.08326157534595123,
            -1.540820904321398,
            -0.2580628521235409,
            -0.9491958668152396,
            -1.0687761769277788,
            -0.9420002861158014,
            0.9407695956310805,
            1.4598886403579308,
            0.0,
            -0.19254049724895095,
            -1.0136661162583014,
            0.002653910731207288,
            0.8808975045129309,
            -0.7347390152098788,
            1.3434881595060426,
            -1.4791777184170676,
            1.1754272888166626,
            -0.4001871690244513,
            1.2372671250593739,
            -0.6319999311843106,
            -1.4011871614349016,
            -0.47782104135846437,
            -0.9847704890131194,
            0.13178123312312442,
            -0.28704085042180744,
            0.07174066092455447,
            0.2885562926052995,
            0.5094347504002887,
            0.3074217916132756,
            -0.8071706288239564,
            1.2666131588908656,
            1.688707466380463,
            -0.8234595879913597,
            -0.4847675329011148,
            -1.2557148948940042,
            1.2329152891308643,
            -1.2263766526478,
            1.5874404651037097,
            -0.033745058966332495,
            1.6281543465242116,
            0.5466584699732346,
            1.1056924325493025,
            0.663028552790763,
            1.3391277283538308,
            -0.3886524583881059,
            -0.6598013622606859,
            0.23775297320708866,
            -0.680621887739505,
            0.4333585556488005,
            -1.7433051760303426,
            0.3226803014370704,
            -0.712805353612285,
            -0.6096638377953081,
            -1.507988367695073,
            0.47369409563315296,
            -1.4468092755732649
        ],
        [
            0.04615619964365644,
            0.3093295434759883,
            -0.10211160363938163,
            -1.1463463072388371,
            -0.18546682354412283,
            -1.3249474992044654,
            1.5733274627833997,
            0.33330293163522684,
            1.6422499592549682,
            0.7455449101119167,
            0.3014245570296417,
            1.2997201529090567,
            -0.4707115824038174,
            -0.8126679883969584,
            -0.4802079268502052,
            0.17638131647356625,
            -0.19254049724895095,
            0.0,
            0.7797275601938949,
            -0.6002992251840283,
            -0.7390515964810701,
            1.2707075056751955,
            0.41907066421603495,
            -0.01713440684292462,
            -0.06599378414351724,
            0.4288263491673032,
            -0.09252766407963428,
            -0.5668734378596754,
            -0.8957132092217124,
            1.4534868680159714,
            1.4664148245818034,
            -0.8242348138208205,
            0.04503545531988915,
            -0.4551243867208988,
            -0.42037994688955527,
            0.3041050534572924,
            -1.5553639070009724,
            -0.05882485829477544,
            0.2806541550942506,
            0.5648150194648671,
            -0.6230984244504062,
            -0.6395802723463022,
            -0.3065776383854419,
            -1.0239359300378394,
            1.5166408289269095,
            -0.4170452680951505,
            -0.12740650425770175,
            0.18673145491939974,
            1.8679112575640064,
            -0.24693164126636732,
            1.2247605365455705,
            0.09852427360830063,
            -0.47082068860379617,
            0.7138774964753714,
            -1.1873558566403162,
            -0.8073890116570255,
            0.18185297275833692,
            -1.4311621395735261,
            0.5003745861672894,
            -0.8299348120623783,
            -0.11751356715473897,
            -0.3781817201570766,
            -1.4112799296556007,
            -1.1353553165351644
        ],
        [
            -0.6536114241231615,
            -0.9299660465571508,
            -0.4372969473275942,
            0.2083083805828916,
            0.804010360984734,
