{
    "N": 64,
    "id": "f45071c8-097f-4c65-bccf-7d5f467d89ad",
    "problem_type": "SK Spin-Glass",
    "distribution": "gaussian",
    "spins": [
        1,
        1,
        1,
        -1,
        1,
        1,
        -1,
        1,
        1,
        1,
        1,
        -1,
        -1,
        -1,
        -1,
        -1,
        -1,
        -1,
        1,
        -1,
        1,
        -1,
        -1,
        -1,
        -1,
        1,
        -1,
        -1,
        -1,
        -1,
        -1,
        1,
        1,
        -1,
        1,
        -1,
        -1,
        1,
        1,
        1,
        1,
        1,
        1,
        -1,
        -1,
        -1,
        -1,
        -1,
        -1,
        1,
        1,
        -1,
        -1,
        -1,
        1,
        -1,
        1,
        -1,
        1,
        1,
        -1,
        -1,
        -1,
        -1
    ],
    "couplings": [
        [
            0.0,
            -1.4469531849438568,
            2.0658537588017647,
            2.4332643131315552,
            -1.384384365548099,
            -0.8563839993853385,
            -0.9712327436509599,
            0.09773949196322122,
            0.3623863868859362,
            -0.24527588970033787,
            0.9244929508566958,
            -0.7396038658536345,
            -1.2073811249450692,
            1.8896976310125373,
            -0.18909909177199086,
            0.5551372614447627,
            -0.7273429381428046,
            1.254066071532448,
            1.6456636799025932,
            -0.2515949414327908,
            -0.3315370792398286,
            -1.3039721486361002,
            1.0012816655128427,
            0.1943620740406651,
            -0.6844962238236935,
            -0.2856897921983946,
            -0.1943268969024172,
            0.8747823236407462,
            0.12891348242542996,
            0.5570472084547032,
            0.4379313791208065,
            -1.5191440048997666,
            0.6627206969857166,
            -0.05768890981741289,
            -1.2066146781277662,
            0.6950557983308292,
            -0.9931354914117131,
            0.5822100843667122,
            -0.2509308973825885,
            0.2702892040119101,
            0.16440973051080385,
            0.41480338992594207,
            2.243277428258622,
            2.424673741561587,
            1.1501120982013249,
            -2.4039794006440047,
            -1.1541273708614321,
            -0.2776951889496821,
            1.4632915174870589,
            1.0983671039693117,
            -1.812624901623163,
            0.5713977851914409,
            0.4007247205754539,
            1.2188439181809054,
            -0.22682763262977915,
            0.3836741303989734,
            0.32504605867017683,
            -2.0305498676794653,
            0.7702404376636907,
            -0.671433052450645,
            -0.7008261670223966,
            0.6303917755406049,
            -0.8487379663762898,
            0.7343255202202776
        ],
        [
            -1.4469531849438568,
            0.0,
            1.5125598296760567,
            -0.33479740950204917,
            -0.7300457698005122,
            0.48872708898047607,
            0.810400471155701,
            1.6234620648240556,
            -1.2605770378637873,
            -1.0578767866508665,
            0.24260164727292063,
            0.6544603159228969,
            0.03662357491038658,
            -0.0035214342974252103,
            -0.652629829414167,
            -0.5482380370580499,
            -0.48373816317786045,
            0.10004798526718595,
            -1.2477614743487342,
            0.2888693467615064,
            1.9044844290474003,
            1.8449037419692507,
            -0.03317552271626667,
            0.4358729886096358,
            0.7662147212680414,
            0.6742423249560165,
            1.5694556852956765,
            -1.9802857290534932,
            -0.2638836162469279,
            -1.6413304269284323,
            0.5986479716748696,
            -0.10914643944525308,
            1.1294356838310635,
            -1.475469610532654,
            1.1525266022037146,
            -0.3886596060663684,
            0.7718467992616012,
            1.2319479463398901,
            -0.19667474651552022,
            -0.4277154727333547,
            1.6156581094855054,
            -0.561202651324991,
            1.731574890714206,
            1.0233507753962858,
            0.4927418631938977,
            -0.4490548615913642,
            0.16941786635281392,
            0.1962223083963734,
            0.4079867415716914,
            0.4364127701300438,
            1.2453289988748628,
            -0.15716496653011275,
            0.6723097464070241,
            0.20422031036785507,
            0.12223153064011517,
            0.18325356833544484,
            1.7689476628774736,
            1.3118197266022542,
            -0.3359461676319933,
            0.44805955375845313,
            -0.5374074512293411,
            -1.5348445496891157,
            -1.4760193957300343,
            -0.9224651250909881
        ],
        [
            2.0658537588017647,
            1.5125598296760567,
            0.0,
            -0.18337156519626013,
            1.2142743869894457,
            -0.9533493062120069,
            0.6052528744433173,
            1.6268801935711106,
            0.2759542252988823,
            -0.777867607843872,
            -0.8619621638498213,
            -1.4812749232610902,
            -0.5590521250375109,
            -1.2747802223552946,
            -0.8837757673993878,
            -0.11814507990233583,
            0.7093134165898463,
            0.28588612410562886,
            -0.020714399759743495,
            -1.0081312173640526,
            -0.8317870671434305,
            0.33045485015391585,
            0.2082987179778741,
            -2.1206642521263697,
            1.5326502071316785,
            -0.03745140561664709,
            2.0691840534724384,
            -0.7416459823808357,
            -0.871077827267312,
            -1.830777239148328,
            0.3395963517494192,
            0.6606388628463925,
            0.27938602672268664,
            -1.596527559395981,
            -0.8222210364289185,
            1.8625302087078717,
            0.6003988793647638,
            0.21732174767129347,
            -0.5178576256069792,
            -0.9539890773148633,
            -0.8844681823218054,
            0.1645227273915825,
            1.9660963994585432,
            0.18909386279826845,
            0.2567886648014604,
            -1.3541399191655559,
            -1.4623337845568734,
            1.1355005740544344,
            0.2952758408948671,
            -0.694407750885044,
            -0.022119639580844886,
            -1.6979258796851715,
            -1.4751779819496453,
            0.1692992276392484,
            0.7575181191135063,
            0.6860956062333836,
            -1.108192722978133,
            1.2509068936936123,
            0.32791812653708546,
            0.51533409468009,
            -1.2683443374408916,
            1.5704630545001317,
            0.9380425546388534,
            -1.3594118132168274
        ],
        [
            2.4332643131315552,
            -0.33479740950204917,
            -0.18337156519626013,
            0.0,
            0.18244602085338374,
            -0.2853756981863756,
            -1.5010253362614845,
            -1.3695217559565152,
            1.4002328361119394,
            0.49091519870566214,
            1.397533981128956,
            -0.9563714898927892,
            -2.0716876794267343,
            0.0695713881887517,
            0.9986437028544588,
            2.025881967473004,
            -0.454160700735961,
            0.2409303695376684,
            0.7329166470856121,
            0.09841434046164124,
            -2.5200297162049066,
            0.32331069480090796,
            0.8883356491234646,
            -0.17694870593247483,
            -0.8089663369016528,
            0.08015972697735392,
            -1.2169746232141658,
            -1.9272479922639356,
            1.6160964378522973,
            0.570603284911153,
            1.1343402868998513,
            -1.438248092022653,
            1.431829278687048,
            -1.4807150474964461,
            0.34215157679278185,
            -0.49736535480533844,
            0.1348309705207848,
            0.9078467928279496,
            -0.8002481775201737,
            -0.7554614604577464,
            0.4358933276786817,
            -0.4031944201167149,
            2.000470735996701,
            -2.289294465899665,
            0.9019888489899193,
            -1.7924023682132362,
            -1.4807841920829918,
            0.0883330153868864,
            -1.0672365591391855,
            -1.4247600916613008,
            2.534828503345238,
            1.0151875056630788,
            0.7772910659990361,
            -0.9814896479530448,
            1.6480721182606544,
            -3.618453584617111,
            0.9811715403046573,
            -1.4426218303075444,
            -0.17090599571550302,
            0.3873140646550822,
            0.33034792559638476,
            -1.5351171449129055,
            0.9462737543137777,
            -1.89959555724751
        ],
        [
            -1.384384365548099,
            -0.7300457698005122,
            1.2142743869894457,
            0.18244602085338374,
            0.0,
            0.5687938766460641,
            -0.5392941275035721,
            0.3909046162999926,
            1.7490139423608149,
            0.8579903571420999,
            1.1263139661434425,
            -0.9767142853066357,
            -0.47513386861686174,
            -0.27465079667887865,
            0.2492627387870828,
            -0.11444619242835387,
            0.06503578398034626,
            -1.4592568371061292,
            -1.7439548550094461,
            0.489454145774294,
            1.7572492334045655,
            0.7781683389512511,
            0.6286278910221389,
            0.41504518238912,
            -0.6711627853357063,
            2.283627508066882,
            -0.5359749878674955,
            0.6922252039480623,
            1.2474409245224223,
            -0.5318002771829927,
            0.5871047111570099,
            -2.111366331530896,
            -0.8081123007906698,
            3.194763268368307,
            -0.14326294652447089,
            0.5000178315060761,
            -0.8670857924378785,
            -0.6805353088650034,
            0.28678832868604764,
            -0.21369365028336523,
            -2.1351470773150067,
            -0.8431813625774729,
            -0.49964951034363575,
            -0.9568832482072795,
            0.6620088286025465,
            -0.40791205325860963,
            0.6750570050361652,
            0.17679846833953328,
            1.9001568163124722,
            0.5198278434049011,
            -0.42468048446739437,
            1.5989982428408356,
            -0.8168963742088148,
            -1.0438106896169315,
            -1.4366796095595917,
            1.1027274553089732,
            -0.08157201019647775,
            1.6785014903129014,
            -0.04275285603333609,
            1.3361768018565086,
            -0.7902163542382562,
            0.7382114581250403,
            -1.0036823402593673,
            0.5713601350299028
        ],
        [
            -0.8563839993853385,
            0.48872708898047607,
            -0.9533493062120069,
            -0.2853756981863756,
            0.5687938766460641,
            0.0,
            -0.10544494496395762,
            -0.09732906185510273,
            -0.22970388585848328,
            0.007871820324926823,
            -1.119270588067195,
            0.10018100183929937,
            -0.10791083986581264,
            0.9615127963752402,
            2.0432722614687178,
            0.7480397272673558,
            0.4853716588914274,
            1.8405144788311258,
            -0.0893779802786613,
            -1.4761119695943916,
            1.1437383775843901,
            -0.966091291171002,
            1.4793108604061584,
            1.625400507075352,
            -0.20994965799112578,
            1.9469400178792655,
            -0.20337268961289412,
            0.3559483369350925,
            -0.21536488229284204,
            0.46853150840280794,
            -0.4538349329501558,
            0.3075553982214885,
            -0.9293828439433583,
            0.4081658973528417,
            0.06955076455924274,
            1.212670221635424,
            0.9949960264596135,
            0.057163669404503695,
            2.0652873382533823,
            1.0360281049378195,
            1.0616103003674797,
            -1.6184730338528124,
            -0.8922135388107848,
            0.9352666477785228,
            2.1883081620243985,
            -1.2962776055761467,
            0.6138792152990187,
            -1.3638808391456967,
            0.8922023241033218,
            -0.9439519540179216,
            -0.5122321180116646,
            0.51530085965046,
            1.6095983656400534,
            -0.2217690634314585,
            1.2901163458030038,
            -0.024119146246920357,
            -1.6400847774100058,
            -0.30029769225388697,
            0.09459491659628003,
            -0.4923980080880298,
            -1.8768061069195874,
            0.5753917596369145,
            -0.2665114253004345,
            -0.17207770203032424
        ],
        [
            -0.9712327436509599,
            0.810400471155701,
            0.6052528744433173,
            -1.5010253362614845,
            -0.5392941275035721,
            -0.10544494496395762,
            0.0,
            -2.0872758863770198,
            -0.4596262255009577,
            1.0999103219335071,
            2.3110869460247767,
            -0.17462286467370694,
            -1.061083211256486,
            -0.7124853635769668,
            0.8148424484964136,
            0.4656154061291546,
            0.21989964346936283,
            1.1373449896880843,
            1.7328322041626019,
            -0.10253247310955899,
            1.1433615435257583,
            0.7943125208466516,
            1.3180272223313756,
            1.0041204455360626,
            -0.46616375826987755,
            -0.5692817692586611,
            -0.060300678222035296,
            0.5671288124431357,
            0.48939037070696906,
            -0.03988624621539595,
            1.2506786747921077,
            -0.2794710695273513,
            -0.8935365860145601,
            0.7924518103625856,
            -1.6443888157013145,
            -0.9741158251075734,
            1.569429311856249,
            -2.2558094349505464,
            0.6525098412189335,
            0.16952136125309164,
            -1.1789835680654692,
            2.6704606216720888,
            -0.1654197664235789,
            -0.6558932601781987,
            0.4865194527837809,
            0.3696316046260024,
            -0.30386929558848336,
            1.4290563169124262,
            -1.4244813680089479,
            -0.05993195847368759,
            2.05282753729801,
            -0.555809168356773,
            0.519393236408393,
            -1.6814593399686746,
            -1.27573973386618,
            -0.23468921563854464,
            -0.7120220181746971,
            -0.9925536219732949,
            0.261393719222774,
            1.2259076521044234,
            0.9646918093250098,
            -0.052324745044999364,
            0.3502238754510605,
            0.07464253674473426
        ],
        [
            0.09773949196322122,
            1.6234620648240556,
            1.6268801935711106,
            -1.3695217559565152,
            0.3909046162999926,
            -0.09732906185510273,
            -2.0872758863770198,
            0.0,
            1.1074344551983575,
            1.1332556371084133,
            -0.9861229483686544,
            -0.11093477791834551,
            0.012322465558078317,
            -0.11793102029133747,
            -0.7345432590780095,
            -2.494872857486823,
            0.21437725214181275,
            0.786599481885395,
            1.244683351343631,
            0.4233710033486309,
            1.6251420150574818,
            0.2689997534494065,
            0.5721022128668974,
            0.09434921293459758,
            -0.07719699831085626,
            0.11826231158495902,
            -0.6913494834805842,
            0.11104780966337688,
            1.2480965512209883,
            0.31053833472379044,
            -1.5593092880147428,
            -1.0919942286265254,
            0.4541222639782411,
            -0.38789551788539367,
            0.05001030981553483,
            -2.8151960429738585,
            -0.22196638783340336,
            1.3186028558167668,
            -1.1844700237818482,
            -1.2374340443800733,
            2.015671498853779,
            2.391427240424851,
            -0.5345421131108603,
            1.015795788158084,
            1.2058436601694391,
            -0.9390007194287219,
            -1.5502375469466922,
            0.24341245324286465,
            1.4243032437381593,
            0.8494630122153689,
            1.0011487806979313,
            -0.15668388804825778,
            -1.4319477608540396,
            -1.5117255907244367,
            -2.716582207453128,
            0.14900248645306324,
            -0.8701059547849052,
            0.756684696726406,
            1.865292259976747,
            1.7922373028063097,
            0.5919518631158801,
            1.6901887895466228,
            2.179935550991098,
            1.470151939152945
        ],
        [
            0.3623863868859362,
            -1.2605770378637873,
            0.2759542252988823,
            1.4002328361119394,
            1.7490139423608149,
            -0.22970388585848328,
            -0.4596262255009577,
            1.1074344551983575,
            0.0,
            -0.5422209151400724,
            -0.23065992732987284,
            -1.296029442493783,
            -1.0516652729143687,
            0.6791146493623184,
            -0.31442094062847137,
            0.9692384877150322,
            -0.06100973955714076,
            -1.22700725050661,
            0.26001758999046487,
            -1.1369678579848526,
            -0.8991847010359733,
            0.9405268512966612,
            1.1119356579233715,
            0.06935487074258008,
            0.6562105478617849,
            0.9926532175604129,
            -0.874905440328516,
            0.7931839127847152,
            -0.7117580627262722,
            1.3112598845620147,
            -0.7652313003246971,
            0.6657619578968044,
            -1.5325783781323181,
            0.3724432721201771,
            0.7620635856880176,
            -0.42884716900297765,
            -2.2458289743286715,
            0.3023836559859634,
            -1.506097551067741,
            -0.0069719663011745476,
            0.7936658738991947,
            0.2348234358429593,
            -1.1077589079218435,
            0.9164336179262123,
            -1.0784087847244304,
            0.16038155752122293,
            -0.20083312024388636,
            -1.7676496429926238,
            1.7459219136557487,
            0.047096755163757525,
            -0.46194373948967615,
            0.41915569928936286,
            -0.10453644770251774,
            0.55846086712668,
            0.04543223191122832,
            2.3579088418377423,
            1.752509892704035,
            0.3210204546393594,
            -0.751114840723905,
            0.29525339832312686,
            0.787303671584884,
            -1.9675018659615475,
            -0.3431320785467085,
            0.8484988135105633
        ],
        [
            -0.24527588970033787,
            -1.0578767866508665,
            -0.777867607843872,
            0.49091519870566214,
            0.8579903571420999,
            0.007871820324926823,
            1.0999103219335071,
            1.1332556371084133,
            -0.5422209151400724,
            0.0,
            -0.629200758062057,
            -1.4546012212663142,
            0.09559802921380732,
            1.0908708694771831,
            1.1511155732065637,
            0.9169675698582357,
            0.1140727222590238,
            0.8661387755350908,
            2.044835669016612,
            1.411526155038027,
            1.328324174214056,
            0.5738232006737843,
            0.8960614910585867,
            -0.25759743470384855,
            0.614051042895335,
            -0.17708871278322783,
            0.25838507745517353,
            -1.3405074391399197,
            -1.1218802281448335,
            0.07975253553339295,
            -2.137830588631814,
            0.11786414866407005,
            0.11795665567537553,
            -0.5140727436080156,
            0.05478592401140669,
            0.47860891519405535,
            0.9601428438994859,
            0.9776220509820803,
            0.6620628648529316,
            2.0833441632535417,
            -0.7300383016342181,
            0.1547590504276016,
            0.8960707741188064,
            -1.4773252886139285,
            -0.2141734810571731,
            -0.8982724458339655,
            -0.34033565399254795,
            -0.1655068709633474,
            0.5064409940650851,
            0.051850771157445845,
            -0.7109559575638461,
            0.23175035516486517,
            0.7959569325103553,
            0.4770094112983798,
            -1.3153074219328562,
            -1.054584200483542,
            0.4213566370869436,
            0.4369939040579094,
            1.7219626338458953,
            -0.9296622725211516,
            0.050137927400043254,
            -0.6447772374904435,
            -0.009392727129215739,
            0.6144994198355076
        ],
        [
            0.9244929508566958,
            0.24260164727292063,
            -0.8619621638498213,
            1.397533981128956,
            1.1263139661434425,
            -1.119270588067195,
            2.3110869460247767,
            -0.9861229483686544,
            -0.23065992732987284,
            -0.629200758062057,
            0.0,
            -1.6430949956013468,
            1.0693260475747837,
            -0.4026784277774226,
            2.5195286413216076,
            -0.8156761072265151,
            0.18822550682271058,
            -1.0081547410669591,
            -0.10452916450474958,
            -0.5568903508254616,
            1.0068410465403173,
            0.6425834932025718,
            0.5146798455650011,
            -0.7468082484417069,
            0.3770748120751334,
            -0.3483804001695486,
            -0.8227864428179632,
            -1.138601231714688,
            1.1480391930664475,
            0.7347005429385801,
            0.3811128315605019,
            0.005499574252343867,
            -0.14560805314402772,
            -1.9520690984788938,
            -0.05538796526387615,
            -0.8729776626616053,
            2.0871435983398303,
            0.2874839834819342,
            -0.07165561872296695,
            -2.6888576190979387,
            0.6630442938835998,
            0.6251439997008562,
            0.3584162429083186,
            -0.3834229733472666,
            -0.2621510239069423,
            0.0002776836832378662,
            -0.8877403284410776,
            0.004827177467753157,
            1.5266229328197647,
            0.5671391968866242,
            -0.055313281835952965,
            0.048539945051751736,
            0.01127826376545463,
            1.8346223481371906,
            -1.3050748334894418,
            0.3211518874504101,
            -1.1385428054750264,
            -1.3847909236906533,
            0.8007865547007906,
            -0.7490515557262962,
            0.41830488461982285,
            -0.4930443968072977,
            -1.688611033290803,
            -0.3635355977437564
        ],
        [
            -0.7396038658536345,
            0.6544603159228969,
            -1.4812749232610902,
            -0.9563714898927892,
            -0.9767142853066357,
            0.10018100183929937,
            -0.17462286467370694,
            -0.11093477791834551,
            -1.296029442493783,
            -1.4546012212663142,
            -1.6430949956013468,
            0.0,
            1.1546530741208894,
            -0.549219390290527,
            -0.3687209763534771,
            0.9318604557472867,
            0.6754441412251013,
            -0.6444405344151471,
            0.11534392533446183,
            1.1386515454436692,
            -1.2659130422931093,
            1.1627401218688123,
            0.5690993310246883,
            -0.8361888432813124,
            -1.2172100405170925,
            -0.48878471014420477,
            1.8902469361270144,
            -0.049533386445034605,
            1.1324453578725722,
            1.5803648889925355,
            0.22759785255913145,
            -0.5179627091865409,
            0.9965279568698313,
            -0.04091889356338214,
            -0.2635892072704892,
            -0.09938859362129342,
            -1.0648592748350683,
            -0.11268206661561245,
            -1.4321763475392038,
            -0.990902991694443,
            1.6116904672361188,
            0.10049884771760192,
            -0.7408935357204793,
            -0.9257762254331188,
            0.38904560412006023,
            0.7379185270975439,
            -0.3230752259796899,
            -0.4374220564838417,
            1.0258697767871339,
            0.8275152429321821,
            0.38255438893464955,
            -0.6494518038092468,
            2.3432468631302794,
            -0.3157271452865703,
            -0.3243662449907728,
            1.0247170939141563,
            -1.088836872501414,
            -0.006293530392199845,
            -1.5573722014770417,
            -0.8611441910101274,
            1.50981590371508,
            0.14706168535329928,
            -0.7693693067612637,
            -1.3922418664162624
        ],
        [
            -1.2073811249450692,
            0.03662357491038658,
            -0.5590521250375109,
            -2.0716876794267343,
            -0.47513386861686174,
            -0.10791083986581264,
            -1.061083211256486,
            0.012322465558078317,
            -1.0516652729143687,
            0.09559802921380732,
            1.0693260475747837,
            1.1546530741208894,
            0.0,
            2.645702296556964,
            -0.7992466620902291,
            -0.1463627447626882,
            0.846496157471649,
            0.47752486394518784,
            1.0692552274406708,
            1.126410223890791,
            0.6684519959693499,
            -0.6534030977277734,
            0.5028317926731193,
            0.1528365475652698,
            -2.014891053824977,
            -0.7770358573075432,
            0.362329190284966,
            -2.3939935308672817,
            -0.4128431650605589,
            0.36224789255716955,
            1.1271370503486073,
            -0.22389864404943105,
            1.125821948771317,
            -0.7294367127850152,
            -1.310031542751615,
            0.27508605880000386,
            -0.9257788264722683,
            1.4687338166723896,
            1.839261614984681,
            -1.993709060834991,
            -0.33651190188070046,
            -0.8398344062786977,
            1.2449551524105058,
            -1.6823337597876975,
            1.9811737655809274,
            1.343516406332432,
            -0.7293360434147818,
            0.7836374851606035,
            0.6885701488221194,
            1.3844988036662447,
            0.8383032398240232,
            1.6901518799225737,
            -0.731148545019338,
            0.34290630928833704,
            1.6126343992832175,
            0.3291188800330933,
            -1.0606324352438665,
            -0.0880555378003285,
            -0.6331685353966579,
            0.281813476436331,
            -0.0138555298986415,
            1.1925287299258795,
            -1.2316052568626101,
            -0.1509992236407066
        ],
        [
            1.8896976310125373,
            -0.0035214342974252103,
            -1.2747802223552946,
            0.0695713881887517,
            -0.27465079667887865,
            0.9615127963752402,
            -0.7124853635769668,
            -0.11793102029133747,
            0.6791146493623184,
            1.0908708694771831,
            -0.4026784277774226,
            -0.549219390290527,
            2.645702296556964,
            0.0,
            -0.7203494326646807,
            -0.6286903719818914,
            -0.46330762935071557,
            -0.8502964417962032,
            -1.1765731494383127,
            -2.139153382416908,
            2.644099185202485,
            0.165025847467801,
            1.5993164579906913,
            0.45587916231066017,
            -0.47729372430222,
            1.4800129532185833,
            1.3055376001059749,
            -0.5059448052546027,
            -2.0077104255918194,
            0.40385541252163537,
            -0.3807051757279058,
            0.5814170989478759,
            -0.006530810064861345,
            0.25110382629258154,
            -3.081739876535403,
            -0.7567021063468401,
            -0.5030387938421469,
            -0.01614136039384258,
            -0.025783123917723874,
            -1.3066755460560622,
            0.28941730501305835,
            -0.5533235271253107,
            0.42253594464120725,
            0.2705620392995287,
            -0.641627785463822,
            0.593992897814093,
            -0.19335707727721604,
            -2.0964514032352826,
            1.7023175497247485,
            -0.20316860391664268,
            -1.5299734797600684,
            0.9888091399525523,
            -3.0487276358972806,
            -1.192021744928603,
            -2.2521720782461183,
            -0.7340970685022673,
            0.23034921104756007,
            -0.5880657308065003,
            1.027563809666655,
            -0.8828418462679312,
            1.7957822580905325,
            0.713361428273616,
            1.1662224285582086,
            1.1684097668989482
        ],
        [
            -0.18909909177199086,
            -0.652629829414167,
            -0.8837757673993878,
            0.9986437028544588,
            0.2492627387870828,
            2.0432722614687178,
            0.8148424484964136,
            -0.7345432590780095,
            -0.31442094062847137,
            1.1511155732065637,
            2.5195286413216076,
            -0.3687209763534771,
            -0.7992466620902291,
            -0.7203494326646807,
            0.0,
            -0.8373100531416048,
            0.4950544852298974,
            2.1658568163838017,
            -1.4139572527476265,
            1.089538731890217,
            -0.6431213527426831,
            1.2860201100031612,
            1.9487370909480735,
            0.199521882861126,
            0.871078023488451,
            0.9930149074892214,
            -1.2245831999562404,
            -0.7026642165996274,
            -0.7386333149633052,
            -0.4760161892944079,
            0.6671373868487819,
            -0.443644431362234,
            -0.6573086697271476,
            2.2594627420098923,
            2.0233155151048368,
            -0.7038430758532229,
            0.6393228227361812,
            0.0313666779079777,
            -1.294191276774353,
            1.1797054505349203,
            -0.9992084716184789,
            0.4350269243979507,
            1.0604944748091447,
            0.9791691631209757,
            -0.8083537707423454,
            1.0013145641343393,
            1.1659000441118645,
            0.07139820775693835,
            -0.9872480328869593,
            1.0573303829947778,
            -0.470460507974309,
            -1.184714926720706,
            1.4062773970887674,
            -0.794940456095649,
            0.0168197869558617,
            -1.2320379677934763,
            -0.7704302867765168,
            -0.13255470264330274,
            -1.5709866702207032,
            1.7535711319826437,
            2.661532946751264,
            -0.11409613516990147,
            1.5694113494900217,
            0.7038661285171728
        ],
        [
            0.5551372614447627,
            -0.5482380370580499,
            -0.11814507990233583,
            2.025881967473004,
            -0.11444619242835387,
            0.7480397272673558,
            0.4656154061291546,
            -2.494872857486823,
            0.9692384877150322,
            0.9169675698582357,
            -0.8156761072265151,
            0.9318604557472867,
            -0.1463627447626882,
            -0.6286903719818914,
            -0.8373100531416048,
            0.0,
            0.7526973796548868,
            -1.832722753832691,
            -0.9507159790742824,
            -0.312347701459163,
            0.7556299210222858,
            1.1311941523111455,
            -1.0874025184365292,
            0.15391324291568487,
            0.29843901357597,
            0.36229238921690043,
            -0.5397525032282342,
            0.09334511274604307,
            0.8190050186742301,
            -0.9316562874350136,
            1.0996455525916813,
            -0.4483911660861709,
            -1.0937986866369194,
            0.2677741536128836,
            -0.18321245679355533,
            0.9538233281889824,
            0.4988898683942663,
            0.09480811827444288,
            -0.5590123895233328,
            -1.1352019834079952,
            0.8730803410248109,
            0.037490039811369315,
            -0.3075567019822353,
            -0.1388950505528712,
            -0.49177553027223136,
            -2.259384398028461,
            0.023244400466336385,
            0.9411967057157075,
            0.16552881103779124,
            0.9081207696495087,
            -0.7022768429042083,
            -1.6406925186200947,
            0.7618896572756187,
            0.5026343686334341,
            0.5998357621747105,
            -1.1496711991196102,
            -0.20264714709792406,
            1.009291693760544,
            -0.939344422121001,
            -0.12751823918534433,
            1.1515600210004155,
            -0.9135151086160072,
            -0.2071834575253135,
            -0.42873989897018105
        ],
        [
            -0.7273429381428046,
            -0.48373816317786045,
            0.7093134165898463,
            -0.454160700735961,
            0.06503578398034626,
            0.4853716588914274,
            0.21989964346936283,
            0.21437725214181275,
            -0.06100973955714076,
            0.1140727222590238,
            0.18822550682271058,
            0.6754441412251013,
            0.846496157471649,
            -0.46330762935071557,
            0.4950544852298974,
            0.7526973796548868,
            0.0,
            -0.29704232406991976,
            -0.888440198003297,
            0.39420719577135954,
            -0.6430306752929918,
            0.9045940706683447,
            0.25336250351597644,
            1.2942750544336163,
            -0.30378440773416066,
            0.4327217698520094,
            1.748413069914741,
            -0.10505870219789544,
            1.0405629264930327,
            0.22412731216449383,
            0.49337879646455535,
            -0.03287029483872094,
            1.5499165108236146,
            -0.05176688470926348,
            -0.7468439227155104,
            -0.5487275128898599,
            0.679302648018824,
            -0.03418025637262996,
            0.1389541047694344,
            -2.3805632356040416,
            2.1910155564583826,
            0.9447049270643498,
            0.8376821983659646,
            0.921833690879823,
            -0.7622964013248157,
            -0.3155607019205846,
            -0.5626070352001713,
            0.5855831369946364,
            1.8349684104784865,
            0.24708841220032055,
            0.6260333027274092,
            -0.49822620311297316,
            -0.881309578392123,
            1.3265227267389799,
            -0.12549433257332465,
            0.008305729847874187,
            -0.22157081604045364,
            -0.17207596880517803,
            1.749848270608368,
            0.056911180002520156,
            -1.23437493162062,
            -0.437250724682133,
            -1.0561986235759369,
            -1.155060802549175
        ],
        [
            1.254066071532448,
            0.10004798526718595,
            0.28588612410562886,
            0.2409303695376684,
            -1.4592568371061292,
            1.8405144788311258,
            1.1373449896880843,
            0.786599481885395,
            -1.22700725050661,
            0.8661387755350908,
            -1.0081547410669591,
            -0.6444405344151471,
            0.47752486394518784,
            -0.8502964417962032,
            2.1658568163838017,
            -1.832722753832691,
            -0.29704232406991976,
            0.0,
            0.18212168499622697,
            1.780890833510593,
            1.3021291001867952,
            -0.21656216739247142,
            1.2385348075031437,
            -0.6806902772433577,
            0.6054894643952182,
            1.1772365275820842,
            0.8458762507952258,
            1.7123214841436118,
            0.7225476085884562,
            0.40131587394571205,
            -1.014490273894147,
            -0.013280356703878147,
            0.4683673515182284,
            -1.0547776495791616,
            0.7678194249537771,
            0.3956278079561996,
            -1.705487422146927,
            0.1822405145596011,
            -1.0485625758757837,
            -0.14302444970534864,
            0.8415949122876101,
            0.9608652576061226,
            0.7883829021586536,
            0.5898545668224526,
            -1.5070057338762282,
            -0.5792464263689978,
            0.6571828695672283,
            1.7123708314523975,
            0.9804368202228942,
            0.9659894915436972,
            0.4096677006074577,
            1.1915082419901124,
            1.1540979525104134,
            0.35694528977083717,
            1.2318429100629136,
            -0.6619222831800431,
            1.0553888178117519,
            1.4057322962101397,
            -1.206838145648742,
            -0.3064685158217343,
            1.3641099604007556,
            0.9613060958021119,
            -1.8485185412711604,
            0.40937662880252984
        ],
        [
            1.6456636799025932,
            -1.2477614743487342,
            -0.020714399759743495,
            0.7329166470856121,
            -1.7439548550094461,
