{
    "N": 64,
    "id": "345700cd-4209-47ca-82ad-1aedde500f0a",
    "problem_type": "SK Spin-Glass",
    "distribution": "gaussian",
    "spins": [
        -1,
        1,
        1,
        1,
        1,
        1,
        1,
        1,
        1,
        -1,
        -1,
        1,
        -1,
        -1,
        1,
        -1,
        1,
        1,
        1,
        -1,
        1,
        1,
        1,
        1,
        -1,
        -1,
        -1,
        1,
        1,
        -1,
        -1,
        -1,
        -1,
        -1,
        -1,
        -1,
        1,
        -1,
        1,
        1,
        -1,
        1,
        -1,
        -1,
        -1,
        -1,
        -1,
        1,
        -1,
        1,
        -1,
        1,
        -1,
        -1,
        1,
        -1,
        1,
        1,
        1,
        -1,
        -1,
        -1,
        -1,
        1
    ],
    "couplings": [
        [
            0.0,
            -0.9921738393046037,
            0.23998626927125058,
            0.4643747809217492,
            -0.6056483153321934,
            -0.6505151350520241,
            0.5929957216822832,
            1.0052406921488413,
            1.4829310229909156,
            0.38198243387356245,
            -0.3694244961800435,
            -1.0297157622971866,
            0.5645576839037676,
            0.9456283525274684,
            0.29910884455009024,
            0.8325765745386717,
            1.2212476491867883,
            -0.5619191861492018,
            -0.7525945689018534,
            0.401277458344346,
            0.1881690908984579,
            -0.01687390970044011,
            -1.0339567022531373,
            -0.20562636777359408,
            -0.8754889007732,
            0.07537214202846272,
            0.4319453422624644,
            -0.2808528752621499,
            -0.4116513723425103,
            0.6794304037941332,
            -2.0279516190508318,
            -0.5423040079372403,
            -0.32750522222799133,
            0.7762697401279772,
            1.267351641778966,
            -0.03808511971464685,
            -1.2752062290590238,
            -0.793064629418693,
            0.9121280447492687,
            -0.3832245496576057,
            -1.581966614328064,
            0.17097721799763368,
            0.4541138176308803,
            3.010615911707947,
            -1.4184637390668102,
            2.1785083053773757,
            1.732750968399533,
            1.2451874884537204,
            -0.9011946454153567,
            -0.08117940479084089,
            -1.4762976434238577,
            0.7152070355376859,
            0.6208839625606386,
            1.1371007841448288,
            0.09079249944590012,
            0.0001348362085634419,
            0.15552225703629477,
            -1.3162466076366828,
            -0.21385825961231236,
            -0.5257045250126935,
            0.8805605596359268,
            0.9030169746314685,
            0.46300558581485024,
            0.9944519057469013
        ],
        [
            -0.9921738393046037,
            0.0,
            0.40599217849425595,
            0.20564329466781525,
            -1.0567327802078015,
            -0.6711355445005784,
            1.119049687739604,
            -0.33239977123261605,
            -1.5266904195932032,
            0.5506036604960898,
            -0.8945718227632873,
            0.17868671275305156,
            0.3341174816021912,
            0.7363755280159083,
            -1.3433208792438773,
            -0.39422220054428214,
            0.9600027948561634,
            0.5504759419847317,
            -0.4521155272147982,
            0.41045903801416117,
            -0.47911488655475437,
            1.9159537556148682,
            1.0219935317048603,
            0.8977826812202614,
            -0.7324212715471707,
            0.2784047239502829,
            2.442995083955895,
            0.13105969644001686,
            -1.871812120232011,
            -0.1420576064039483,
            -0.8286343633224857,
            -1.4372991450852703,
            0.6082520806028376,
            -0.06265083488312466,
            1.3318931949848838,
            0.06867009679628928,
            1.5218201287594342,
            0.9951827971723335,
            0.24822883988847416,
            0.24063777097408415,
            -2.3163182321418314,
            1.7162924073726105,
            0.3812040456920823,
            0.9750764456587468,
            -0.08388452011415277,
            0.6609255371881568,
            1.0936691837163062,
            -0.738250059584181,
            -0.16010812038183983,
            0.3394505520613673,
            0.0842271918031605,
            1.2339136452849029,
            -1.1599594732764396,
            -0.1380421056122822,
            1.908501537692473,
            -0.6364036126754874,
            0.19017928939934553,
            -1.2542747050032972,
            -0.4287709468409355,
            -2.5494429371817544,
            -1.0421509683132377,
            -2.6889941350686013,
            -0.5078872929510462,
            1.0355556905628662
        ],
        [
            0.23998626927125058,
            0.40599217849425595,
            0.0,
            0.7065957508449536,
            1.1676837774057314,
            0.023797254866191705,
            -1.7331429968119667,
            -0.22373626312885947,
            0.12333736727479705,
            0.10985575143029604,
            0.44565013368607054,
            -0.3593402776793407,
            -1.2646168395571629,
            -0.40935472179226756,
            -0.7149442256737747,
            2.0834504632371695,
            1.0738113007398262,
            -0.5282791447313484,
            1.154832752357264,
            -0.3732347273877816,
            -0.08473690941511337,
            1.285334043192054,
            -0.6230776858554106,
            -1.0520619554209905,
            0.8491961232808669,
            0.03937748859573426,
            0.5653903473010957,
            -1.692349485826089,
            0.04309843505933148,
            0.6465018255108628,
            0.13163120617410212,
            1.081193385419391,
            -0.06545595306307103,
            1.0574135951141863,
            -1.111829235597232,
            0.7878973790822975,
            0.18232812380990465,
            -1.106030761616193,
            0.0790232069336506,
            -0.5550708524512133,
            -0.9789753978162123,
            -1.4544101050143827,
            0.6085624267112357,
            -0.9241705183859338,
            -0.8009916311786266,
            0.27444677630067155,
            1.51524644200036,
            -1.4500707583302257,
            0.017621782697002136,
            -0.38175959788508446,
            -1.0981905110848933,
            -2.0812554866945505,
            0.6859385542694734,
            0.22912423312246794,
            1.0149021615592582,
            1.0912620876808343,
            0.6383062406953524,
            -1.397003648590321,
            -1.2034418241451932,
            -2.5110138291112483,
            -0.8130352497838278,
            0.8758463523139329,
            -2.089139078098561,
            -0.19607326384995322
        ],
        [
            0.4643747809217492,
            0.20564329466781525,
            0.7065957508449536,
            0.0,
            -0.6273462524430546,
            -0.5100273359605326,
            -0.30654743273998025,
            -0.7300678919306354,
            1.4043907236984563,
            -0.2024210349596505,
            0.06336089901739078,
            -0.8538267435553925,
            -0.3000882018585934,
            -0.04786481258407185,
            1.2355773249429904,
            -1.223276922631178,
            0.6928050661769237,
            1.4140048285772224,
            -1.7698203087991942,
            -1.4665625806894746,
            0.7993347285356366,
            1.1842169097440693,
            -0.02561169075274197,
            0.9412948501043484,
            -2.48167519459798,
            -0.4548808134961285,
            -0.7309718448589552,
            -0.7251326999994754,
            0.5798396449744401,
            1.4889907165792287,
            -1.6020726060376425,
            0.3316695293854365,
            -0.8835870471298933,
            -1.5272028945977734,
            0.11257270095591489,
            -0.10144632213422318,
            0.9182674786237209,
            -0.0527017214468063,
            0.3896697545823539,
            -0.555984567962946,
            -0.6524922123848795,
            1.056708828647889,
            1.3210589029926916,
            -1.3839763899512785,
            0.6150575962059316,
            0.6099198922170397,
            0.7922364936337729,
            -0.32254410368526304,
            -1.6609190878077333,
            -1.9150521306065809,
            -0.5822193193063581,
            -0.25970252380566544,
            -0.6249475716013139,
            0.8695264233010969,
            1.5281288091358816,
            -1.0916344762608312,
            -0.6093598860468274,
            -0.6308347931330708,
            0.9991729349313139,
            -0.06178653943257529,
            -0.3438100420020867,
            1.3296958620465062,
            -0.47618825420113003,
            0.1829231875106241
        ],
        [
            -0.6056483153321934,
            -1.0567327802078015,
            1.1676837774057314,
            -0.6273462524430546,
            0.0,
            -1.0449011298330264,
            0.0584820870270277,
            -0.27201040446603486,
            -0.20388302924607635,
            -0.4248921985700912,
            0.26657925336248967,
            -0.38493961602503873,
            -1.8346499021260905,
            -0.1697209541308753,
            -0.16349340679134575,
            0.04440790570478067,
            -0.19493368065029906,
            1.9325246504768374,
            -0.8367507639005451,
            0.9280553099574405,
            1.8445939509609783,
            -1.6277535535484524,
            1.2614859425556997,
            0.9855971138084045,
            -0.9760403738633454,
            -1.0857956095623766,
            0.33132771527954347,
            0.10841325584690957,
            1.812887035130707,
            -1.005432273575429,
            0.4399297254326425,
            -1.0160478595807723,
            -0.091856456085535,
            0.21889411567544398,
            -0.6399399199630842,
            0.021332132388710748,
            2.6504498050837535,
            -1.253250455317876,
            -0.30352732891266276,
            1.6074893908701022,
            -0.008354960602082094,
            0.5036102113599864,
            0.9305247491764139,
            0.29995227339683206,
            -0.16496461342733248,
            0.752580019688027,
            -0.07734559227447989,
            -1.151005336906945,
            -1.1361247280982143,
            -0.04679155505902629,
            -0.8650656894512985,
            -1.459836476218393,
            -0.07341315364718819,
            1.1876658428873952,
            -0.8455453463029778,
            -1.3445587118274103,
            0.12988481571498478,
            -1.5035310367043226,
            1.1360023604221614,
            -0.21218611826956707,
            0.6540844170626007,
            -0.8196340413952296,
            1.6162608845281912,
            -0.5026109972968461
        ],
        [
            -0.6505151350520241,
            -0.6711355445005784,
            0.023797254866191705,
            -0.5100273359605326,
            -1.0449011298330264,
            0.0,
            0.4008142307172294,
            -0.049076440656884754,
            0.5891301256233211,
            -0.22866017241442688,
            -0.7479324663768985,
            -1.6273345026860606,
            -0.5024935133820125,
            -0.18345726540253582,
            0.6054894415366663,
            -2.0692675341345588,
            -0.3911497792906411,
            -0.019600692022401944,
            0.8172506949608612,
            -0.6690756112539464,
            -1.7184606028208738,
            -0.1920912211963636,
            2.0860715061877566,
            -0.2378784483298307,
            -0.7424484985520852,
            0.7931317433776309,
            0.43087680555571356,
            0.8543222997351004,
            -1.318029854788053,
            2.2671824578671287,
            0.4331063115921493,
            1.3262133766103885,
            -0.5593041534091989,
            0.273806943577058,
            -0.874220151607756,
            1.0706950199366772,
            2.588925956586834,
            1.8431048600727844,
            0.04881208928504699,
            -0.6639555401830399,
            -0.11041381101974862,
            0.39619000931421927,
            -0.06426575909179334,
            1.3869206339581548,
            1.043616278816606,
            -1.374298690116761,
            -0.5663615166799355,
            -0.6840361544883407,
            0.08570547836220432,
            -1.231705152290923,
            -0.3798707711567749,
            0.01267147524874532,
            -1.3666627860271214,
            -1.094251355706702,
            0.2877599041123229,
            -0.44221843602590405,
            0.10885476022933983,
            0.07958043407113015,
            -0.06457582428427244,
            -2.1329552466238795,
            -0.11968992606334969,
            -0.7093689414499639,
            0.008914563752764641,
            0.08348257756007357
        ],
        [
            0.5929957216822832,
            1.119049687739604,
            -1.7331429968119667,
            -0.30654743273998025,
            0.0584820870270277,
            0.4008142307172294,
            0.0,
            -0.7306870868567868,
            -0.3578138530650208,
            -2.2761357607851096,
            1.387882020198668,
            0.5452873146576446,
            -1.6967729260832738,
            -1.5266194816339695,
            -0.7415323231660147,
            -0.06261958115636271,
            2.195680651757103,
            0.673079648266107,
            -0.7494071780553458,
            -0.5696568384917282,
            -0.4563426363884375,
            -0.23490666582219563,
            0.5455238231507993,
            0.04904671104003791,
            0.31608738461484526,
            -0.6342480677921141,
            0.0663518769912584,
            -0.4995448376652754,
            -1.0103076046745767,
            0.24792377748150365,
            0.04368829140514868,
            0.6533246806948083,
            0.6826784191844786,
            1.060397326316697,
            2.5065285913773896,
            -0.006204999368758093,
            -0.3875178760198348,
            0.557970149572712,
            0.74642252733924,
            -1.7027927419603195,
            -1.5482866774761719,
            -1.1353377914352587,
            1.8108511868936998,
            0.529718309372721,
            -0.10027555773223287,
            0.09281014070524535,
            -0.3707187658793972,
            0.8389815768800981,
            -2.223357074572219,
            1.001371517580771,
            -0.2838266653367447,
            0.11664621249688242,
            0.2752145450711788,
            -0.35833613124909375,
            1.7124150243208702,
            0.7693010573099434,
            1.2074170901560206,
            0.39183199146334763,
            -0.8937359208798844,
            0.5938570894357343,
            1.7091113800872004,
            -0.6237375449478729,
            -0.5438837040846244,
            -0.1887080372569947
        ],
        [
            1.0052406921488413,
            -0.33239977123261605,
            -0.22373626312885947,
            -0.7300678919306354,
            -0.27201040446603486,
            -0.049076440656884754,
            -0.7306870868567868,
            0.0,
            -0.39246949355297517,
            -0.6447790826505689,
            -2.0212897406138923,
            -0.012506809859527969,
            0.05356148880736918,
            -0.3294646099447748,
            -0.9848256112423178,
            0.6373709360234907,
            0.5393861167120696,
            0.8516169185137148,
            0.2177679062007097,
            -0.8706624203192088,
            1.0976019898740763,
            0.9653622370169626,
            -2.044830325450046,
            -1.3634653481126393,
            1.0581075143822345,
            -1.3446200948050009,
            -2.7825690755845116,
            0.4379311660278726,
            0.5141501406783187,
            1.5611991303830604,
            -2.761040927512093,
            -0.7410213618221425,
            0.15671853778782832,
            -0.7073650062048988,
            0.061223025072483804,
            -0.8438754128151682,
            -0.4099945762420362,
            1.0449768063375164,
            2.6088702955941643,
            0.10348085403215151,
            -0.09183405004818039,
            -0.12516073422474472,
            -1.7978182034741166,
            1.3124979945249187,
            -0.8005928865220387,
            1.5849381158821674,
            -0.8346498492745148,
            0.5403229103492272,
            -0.07786858777598582,
            -0.12495991456349748,
            1.5386773981368935,
            2.1676650550539884,
            -0.4707178317518872,
            -0.05954367299017328,
            0.8174862227849491,
            1.4272689438176238,
            -1.1549021488213582,
            0.6218768274446678,
            -1.2198283620700563,
            0.7871500590017849,
            -0.23637094211805001,
            -0.11821664956755182,
            -0.861461368398402,
            -1.2712155615419418
        ],
        [
            1.4829310229909156,
            -1.5266904195932032,
            0.12333736727479705,
            1.4043907236984563,
            -0.20388302924607635,
            0.5891301256233211,
            -0.3578138530650208,
            -0.39246949355297517,
            0.0,
            -1.0628304027547641,
            -0.016924785814541,
            -0.9438307777199753,
            -0.6892687209564449,
            1.353955015882433,
            1.300353252387973,
            1.5512089059867824,
            0.46564539065038857,
            0.675260454573414,
            -2.0217691891263123,
            1.1940770592485561,
            0.001746946990601525,
            1.0594366035576621,
            0.3970874228805045,
            -0.18688638210449804,
            0.07670117379567602,
            -0.5936401210958883,
            1.12926899692172,
            -0.08700372733463455,
            -0.07100650792677016,
            -0.08165950229809461,
            -1.1190213459535863,
            -0.053090786774667574,
            0.44481900683615855,
            0.2924292996107721,
            -0.9063468575723067,
            0.16525674254449327,
            -0.3741035687943503,
            -1.047783868112885,
            -0.31320618161281627,
            0.32984480819687895,
            1.02703311767389,
            -0.614353200608765,
            0.7585123643160898,
            0.36442848853315774,
            -0.05535048026276675,
            -1.1975562825488013,
            -1.2075638377643296,
            0.7125777646068145,
            1.557714889964685,
            0.5735234209471106,
            1.1201609400036672,
            -0.011024290019736142,
            -0.5162216550988733,
            -1.19309383773995,
            -0.6407150188090891,
            0.815288319481226,
            0.4986670380965373,
            4.167888290572936,
            -0.06052730420018457,
            -1.6341571462397022,
            0.07717815295263687,
            -1.8620040327154164,
            -0.9636676086022364,
            0.562615501285971
        ],
        [
            0.38198243387356245,
            0.5506036604960898,
            0.10985575143029604,
            -0.2024210349596505,
            -0.4248921985700912,
            -0.22866017241442688,
            -2.2761357607851096,
            -0.6447790826505689,
            -1.0628304027547641,
            0.0,
            0.01484167294380393,
            -0.11235754844187909,
            1.4914229223651982,
            -1.0919670921552838,
            -0.3533866564328759,
            1.3332977018839736,
            1.4713775215565155,
            0.0946813167209986,
            1.5642427710338125,
            0.23907252113415012,
            -0.739120422327456,
            -1.4097974556715716,
            -1.0083912434258973,
            0.285422731442293,
            -1.4947224904233438,
            -0.3645501708337065,
            -0.09549163995768739,
            -2.0173526139083995,
            -0.5095077430651104,
            -0.31650115315545607,
            1.5227165535910925,
            -0.49431528201211244,
            -1.1858104544166637,
            0.4746423904567181,
            0.4846152424962184,
            -1.3901704260997954,
            0.4330546326067531,
            -0.056439338403382555,
            0.6833391551574212,
            -1.5924432629715524,
            0.9182342162250575,
            -0.2093266081109615,
            -0.4745755903745679,
            -2.290828126594585,
            0.11550780172581952,
            -2.082696582941772,
            -0.1361945235906832,
            -0.6614259593822637,
            0.7056750900666128,
            1.6144336185518045,
            1.6216253608445503,
            -0.6009617267418881,
            0.6300039848591962,
            -1.3630015920954097,
            1.8406469812054849,
            0.09810592802482028,
            -1.5379482240492999,
            0.5658801186690905,
            0.09617517042919489,
            -1.0147077897625196,
            0.415609168955835,
            -0.9223079522634257,
            -0.8670450850966473,
            -0.749390998701403
        ],
        [
            -0.3694244961800435,
            -0.8945718227632873,
            0.44565013368607054,
            0.06336089901739078,
            0.26657925336248967,
            -0.7479324663768985,
            1.387882020198668,
            -2.0212897406138923,
            -0.016924785814541,
            0.01484167294380393,
            0.0,
            0.2508025254288881,
            -1.251240081307639,
            -1.720901728289658,
            0.7245456895217943,
            0.3755356701485358,
            0.6509780491811109,
            -0.5404563319593726,
            -0.6970065863589164,
            -0.47587040492490834,
            1.706739541445621,
            1.2284091574762726,
            -1.0828257109488217,
            2.5792447036172907,
            2.7281197414225287,
            0.48787871800318133,
            -0.5980556841934145,
            -0.4286175310188483,
            -0.25421545411421437,
            -0.031541344018306265,
            2.8550817084076687,
            0.8669840825466073,
            0.11842498954699122,
            1.9876912027885634,
            -1.5151291378607723,
            0.2921875242192228,
            0.06276427016577801,
            -2.612412246466908,
            -1.123894362964269,
            -0.03142169563679579,
            1.8975107260691246,
            0.6555146604376351,
            1.1167819137174775,
            0.05120498617974132,
            -0.5260193961003382,
            0.15164594397981915,
            1.6507646451653406,
            -0.611425773814588,
            0.20727193668591978,
            -0.6458560936119481,
            -0.4911981194454837,
            -1.544159446839163,
            0.1141877675274938,
            1.2088728115693426,
            0.7913395089044346,
            -0.32815812893429946,
            -0.7823671222417464,
            0.5345633192934982,
            -1.470447592282154,
            -1.905477591576238,
            0.5177780485771518,
            -1.2153368902040813,
            0.2057224256613401,
            -0.3849384072062839
        ],
        [
            -1.0297157622971866,
            0.17868671275305156,
            -0.3593402776793407,
            -0.8538267435553925,
            -0.38493961602503873,
            -1.6273345026860606,
            0.5452873146576446,
            -0.012506809859527969,
            -0.9438307777199753,
            -0.11235754844187909,
            0.2508025254288881,
            0.0,
            -0.3360813458471549,
            -1.405893308034894,
            -0.48469827587620923,
            -1.7271539048268023,
            0.6575435176434877,
            1.0396482232836597,
            -0.2702349871044757,
            1.25203142611776,
            -0.6140417319657393,
            -1.076731850255246,
            1.302872432744616,
            0.09585641537872043,
            1.4498873515303228,
            3.141562048631771,
            -0.38192348234858153,
            -0.49448756674075844,
            0.026423085323273473,
            -0.6725473834992891,
            -0.6735372498367179,
            -2.2188734549372087,
            -1.2999532766833835,
            -0.8446051404241056,
            -0.684925497684276,
            1.5379891742184097,
            -0.4823905365952446,
            1.172035093285786,
            0.47828956561546365,
            -0.23920714448453917,
            -1.4199602652114975,
            2.4960500292819074,
            -0.42915680048285,
            0.0002871010010215544,
            1.8882389079198958,
            0.1761796054260732,
            0.29044167739198246,
            0.19529219563472267,
            -0.9564287717377574,
            -0.2654802127035314,
            -0.5202510565930759,
            -0.4101378535179513,
            -0.3382537341608021,
            0.7310316785372486,
            -2.1217115810553877,
            -0.42353949979484756,
            2.2517667593144175,
            -0.6084121387001473,
            1.603888455941665,
            1.0002826924701664,
            0.04796993496127831,
            -1.221774680455632,
            1.6538144275897086,
            0.8755397086856406
        ],
        [
            0.5645576839037676,
            0.3341174816021912,
            -1.2646168395571629,
            -0.3000882018585934,
            -1.8346499021260905,
            -0.5024935133820125,
            -1.6967729260832738,
            0.05356148880736918,
            -0.6892687209564449,
            1.4914229223651982,
            -1.251240081307639,
            -0.3360813458471549,
            0.0,
            0.8877148369651674,
            -1.355679424618975,
            0.5502151421580381,
            0.46265802479042095,
            1.2685831494032145,
            0.6648053755174731,
            0.401697602913419,
            0.27930883703456444,
            0.34794104576913537,
            -0.5254370465305908,
            2.0100699594940252,
            1.5133445809423245,
            1.6868891941475106,
            -0.3668592116840329,
            1.644099978456944,
            0.08367256107843021,
            -0.8961761576044632,
            0.12203449324463246,
            -0.6020820385156825,
            -0.854009648419215,
            -0.39340525716640146,
            1.6713531808007582,
            -0.21067303877497529,
            0.033943880617936545,
            -0.4051083453570149,
            1.0823986315745986,
            0.25839868370925395,
            -0.5451758163015417,
            0.33283429447937085,
            1.5677425569673507,
            1.4042779293007237,
            0.9089465263603059,
            -0.48840066608899885,
            -0.28083964750718005,
            -0.25263295535771313,
            -0.3448955498541442,
            0.2465736191728995,
            0.22362984040540532,
            1.7260584033756696,
            0.9790112154242184,
            1.0782341185474669,
            0.3039350654926457,
            -1.3487876513041535,
            -1.901228195239615,
            -0.8914311110248553,
            -1.8249052871837665,
            0.14153184178230363,
            0.36511941137248044,
            -0.4407075768820327,
            -0.7343666031952578,
            -1.4177551356260725
        ],
        [
            0.9456283525274684,
            0.7363755280159083,
            -0.40935472179226756,
            -0.04786481258407185,
            -0.1697209541308753,
            -0.18345726540253582,
            -1.5266194816339695,
            -0.3294646099447748,
            1.353955015882433,
            -1.0919670921552838,
            -1.720901728289658,
            -1.405893308034894,
            0.8877148369651674,
            0.0,
            0.8449577000545946,
            -1.0810016742315742,
            -1.1697514589460676,
            0.7538232796964477,
            -0.7857146517013442,
            0.4237028365465393,
            1.4262539824211897,
            1.5045264340159097,
            0.03276409510661221,
            1.5389418798721435,
            -0.7137535775469557,
            -1.0653050018367995,
            0.7857366135456357,
            -0.14167771219654227,
            -0.3986699141469473,
            -1.3109052116179756,
            -0.1330233890450007,
            -0.583363791502589,
            0.2574793827160523,
            1.2253609400245093,
            -1.3828617714712148,
            0.0902976413130598,
            0.29621568993296893,
            0.4945339411264214,
            -0.2315155775189497,
            1.4058505084194906,
            -0.035130613317906574,
            -0.8550050462888278,
            0.0014377386619740902,
            -2.6024113989825373,
            -0.3663163205847689,
            -1.4827550665735802,
            -0.26799340546296574,
            1.2858013246449624,
            -1.5433372279956505,
            -1.1124148950656396,
            0.009942493145412741,
            1.075238266085505,
            0.5315506763664987,
            -1.9655210795723783,
            -1.7043205119758889,
            -0.6688732641539716,
            1.5415829060484532,
            0.07044930528063595,
            0.15376848341191035,
            -1.4120533612451591,
            -0.3094544362980373,
            -2.7075382832011763,
            0.31529526639205363,
            1.7943545662597478
        ],
        [
            0.29910884455009024,
            -1.3433208792438773,
            -0.7149442256737747,
            1.2355773249429904,
            -0.16349340679134575,
            0.6054894415366663,
            -0.7415323231660147,
            -0.9848256112423178,
            1.300353252387973,
            -0.3533866564328759,
            0.7245456895217943,
            -0.48469827587620923,
            -1.355679424618975,
            0.8449577000545946,
            0.0,
            -1.2435484776850416,
            0.12573153050988944,
            -0.10109526810988108,
            1.2901090938041357,
            -0.909104240878324,
            2.0738029655331105,
            -0.6267866728393611,
            1.4717128335254008,
            -1.5423685555099182,
            0.5578753970611733,
            -0.10615584502484783,
            1.1249776951915456,
            -0.09141111900439468,
            0.9681357792983443,
            2.440681723355573,
            0.01859198529784223,
            -0.5187087982471671,
            -0.7580296378482768,
            0.8666129701764476,
            0.8512764417980592,
            -0.1111276680354347,
            1.5192737965596605,
            0.44889679653844944,
            -0.08164032777191844,
            -1.7423951161497093,
            -0.19458886319080265,
            -1.3662837326253836,
            0.09282198004578536,
            1.4706609966625381,
            0.43052075392722927,
            1.197204720718496,
            2.0577045105072966,
            -1.5253928058569342,
            0.762245909031062,
            -0.5064562885274766,
            -1.4640406500809544,
            -0.42746057413978733,
            -0.5098773977868957,
            0.4827923040760996,
            0.7607233950835747,
            0.43978890619614985,
            -0.26659420599558464,
            0.2772590394254268,
            -0.9914838680881979,
            0.4838616225366769,
            1.8139761352715864,
            -0.8082265130151896,
            1.5620198306839628,
            1.6494930612304215
        ],
        [
            0.8325765745386717,
            -0.39422220054428214,
            2.0834504632371695,
            -1.223276922631178,
            0.04440790570478067,
            -2.0692675341345588,
            -0.06261958115636271,
            0.6373709360234907,
            1.5512089059867824,
            1.3332977018839736,
            0.3755356701485358,
            -1.7271539048268023,
            0.5502151421580381,
            -1.0810016742315742,
            -1.2435484776850416,
            0.0,
            -0.9333337340234885,
            0.6341690141653805,
            -0.2513969039469378,
            0.03380419364932276,
            0.08034512933429687,
            1.311115808964697,
            -0.47322654305114054,
            1.3012192593289962,
            1.9592546030461921,
            -0.11309458250831173,
            -0.49345489388081665,
            0.40957603943410686,
            0.4648167308832832,
            -1.399656042130616,
            -0.22264698674077507,
            1.1099816657524764,
            0.5742001294367504,
            1.3220095461059407,
            1.0384767926150391,
            -0.01767018372653592,
            -0.3542138748192207,
            -0.696001803751389,
            1.1577862315880034,
            -2.136317405340556,
            0.43923894812493147,
            0.7639260102625629,
            1.3323079501328077,
            -0.672897772908619,
            -0.5725542795237583,
            -0.26564995804632663,
            0.0784055393483065,
            -0.7293419232190255,
            0.464911528339734,
            0.08089297049139901,
            2.2878832597744534,
            -0.7178559618302864,
            1.239140683052622,
            -1.1804961400059746,
            -0.01376515396155341,
            -1.5114142622139786,
            1.683574712400065,
            -0.8631032130412281,
            1.0072163443417206,
            -0.6324756251284278,
            -0.4468160927482253,
            0.21040898211792555,
            0.37306841398949936,
            -1.3885943996756362
        ],
        [
            1.2212476491867883,
            0.9600027948561634,
            1.0738113007398262,
            0.6928050661769237,
            -0.19493368065029906,
            -0.3911497792906411,
            2.195680651757103,
            0.5393861167120696,
            0.46564539065038857,
            1.4713775215565155,
            0.6509780491811109,
            0.6575435176434877,
            0.46265802479042095,
            -1.1697514589460676,
            0.12573153050988944,
            -0.9333337340234885,
            0.0,
            1.255671563855851,
            0.5914630290337626,
            1.6124272523801684,
            0.7931391232010231,
            0.027400569688514988,
            -0.25287347042997943,
            0.31646600905596783,
            0.9738872653685353,
            -0.7123289623665041,
            -0.4829057882735452,
            2.0620863199657697,
            -0.22162216709185395,
            0.2309073327070143,
            0.31319501568415326,
            -0.15922621145280957,
            -0.44023026127668907,
            0.5434299536173743,
            0.9115371593321336,
            0.5529443774080859,
            -0.18505586434527144,
            0.16536649917649152,
            -0.6647036197564153,
            0.0810616170173096,
            -1.0571625126408095,
            0.12210866583684045,
            0.6429635963962971,
            -2.432979400397119,
            -0.19246824980157035,
            1.4164107969418445,
            -1.3707425294035447,
            -0.3796367089502177,
            0.039461715283655996,
            2.081664063786916,
            0.7559394725756033,
            -0.2779320534578922,
            -0.13259411606199764,
            0.6741311747097238,
            0.24413969567065927,
            -0.1687014941970994,
            -0.6976964834915889,
            -1.122080517667195,
            0.8333352682237275,
            2.119990180576313,
            -1.1882253878620865,
            -1.025970237356848,
            -1.2941136750487938,
            -0.6003665330767537
        ],
        [
            -0.5619191861492018,
            0.5504759419847317,
            -0.5282791447313484,
            1.4140048285772224,
            1.9325246504768374,
            -0.019600692022401944,
            0.673079648266107,
            0.8516169185137148,
            0.675260454573414,
            0.0946813167209986,
            -0.5404563319593726,
            1.0396482232836597,
            1.2685831494032145,
            0.7538232796964477,
            -0.10109526810988108,
            0.6341690141653805,
            1.255671563855851,
            0.0,
            -0.36976156173402974,
            -2.207327738115691,
            0.038086245268445014,
            -1.5318798652429337,
            1.6239213160226686,
            0.17436217227427458,
            1.4120786992066647,
            0.6811445659393062,
            -0.8497478332896634,
            -1.3064614658514118,
            -0.9337435352174347,
            0.3231688423536812,
            -1.0810476481301146,
            -1.51080598696363,
            -0.6191547878494752,
            0.6467739431984872,
            -0.3298461561144181,
            0.057560759206401226,
            0.17153496915255456,
            0.42930486760192815,
            -1.9644345620400256,
            1.9987724162411427,
            -1.4792215384682088,
            -1.5413717857305367,
            1.1696973189838877,
            -1.1842822446249546,
            -0.02016281752708131,
            -0.3620152461819108,
            -0.9298744494150288,
            0.18837509105254732,
            -1.651169906303376,
            0.3746957106104111,
            -1.4492822447077875,
            -0.06288503696869036,
            -0.5652869183414949,
            0.7627675748075149,
            -1.4509168653201852,
            0.2751993714265059,
            -0.32551151685893565,
            -1.30911941069659,
            -1.2907379786535804,
            -0.7911317594805454,
            1.4364360162371967,
            0.6590792055114074,
            -1.2316782064322234,
            1.0506906888805354
        ],
        [
            -0.7525945689018534,
            -0.4521155272147982,
            1.154832752357264,
