{
    "N": 64,
    "id": "7057ece0-c9ec-465e-9755-7ca6e7c6ea0c",
    "problem_type": "SK Spin-Glass",
    "distribution": "gaussian",
    "spins": [
        -1,
        -1,
        -1,
        -1,
        1,
        1,
        1,
        1,
        -1,
        1,
        1,
        -1,
        1,
        -1,
        -1,
        1,
        1,
        1,
        1,
        -1,
        -1,
        -1,
        -1,
        -1,
        -1,
        -1,
        1,
        1,
        -1,
        -1,
        1,
        -1,
        1,
        -1,
        1,
        1,
        1,
        -1,
        1,
        -1,
        1,
        1,
        1,
        -1,
        -1,
        1,
        -1,
        1,
        1,
        -1,
        -1,
        -1,
        -1,
        -1,
        1,
        1,
        1,
        -1,
        -1,
        -1,
        1,
        -1,
        1,
        -1
    ],
    "couplings": [
        [
            0.0,
            -0.6939777070551035,
            -1.7270547548743096,
            -1.1615135481932832,
            2.852293717668663,
            0.734544618772979,
            0.5348496540169143,
            1.2719188876640206,
            -1.9162468046679106,
            1.1843558592926877,
            -0.45129025581236676,
            -0.31916709671485216,
            -0.02226328344651108,
            -0.5559703806123462,
            -1.5391695650941875,
            2.392928429640381,
            -0.875521284501117,
            -1.0605462580536342,
            1.3519639097112852,
            0.638730037188528,
            0.055196515126328026,
            -0.9501217236429516,
            -0.08749949317747248,
            -0.3040614015269643,
            0.5864468571613192,
            -1.4344212124058173,
            2.442561753020361,
            0.4533939420225807,
            -0.6941929714407393,
            0.38248971938221504,
            -0.7286329996168737,
            -0.34608437805754516,
            1.557836897983614,
            -0.258373929901826,
            -0.12381600465204869,
            0.10619696509569575,
            0.6331552736315745,
            -0.2506606270675858,
            0.4963848235303628,
            0.08390386088499575,
            0.5069628554263527,
            -0.08031500824797942,
            -1.9036230837020935,
            -0.8382565980769848,
            0.2106001497454739,
            1.7831235919675672,
            0.5340907034453879,
            0.9198451428264971,
            -1.7315381327473893,
            -0.9049035409905409,
            -1.0595623775893384,
            -0.48620264486465886,
            -0.3102768744833798,
            -0.49281791839674566,
            0.42123115480751694,
            0.1585458141973432,
            1.3518004919791766,
            -1.5353972237958264,
            0.1394099722393493,
            -0.6390029895596493,
            0.7319854963343866,
            -1.4659900818737566,
            -0.3225392677959489,
            -0.3240440871792233
        ],
        [
            -0.6939777070551035,
            0.0,
            0.6545619034199672,
            0.45657627355479374,
            0.2490772682075649,
            0.2667426377678156,
            -1.2480339486111842,
            0.088998720934474,
            -1.4359187291602433,
            -0.9838335405299824,
            -0.0397346546191286,
            0.39705307375492704,
            -1.7431289502658147,
            0.7076679817355404,
            0.22018392858010924,
            -2.194447429821468,
            1.3770460655333505,
            0.6586180407974055,
            -1.2584143367396647,
            -1.4703960309411177,
            1.4998705017306424,
            -0.5635787725151548,
            0.6059268687149663,
            -2.4444553748839803,
            0.2855239112230332,
            0.4137569148418156,
            1.5962904283531292,
            1.0506639199736576,
            0.5357188064643325,
            -0.4991703234764626,
            0.13235847922043137,
            -1.5701448525349864,
            1.7314140273539702,
            -0.04283263180757297,
            0.973217380500092,
            -0.3935425001543897,
            1.00181438702022,
            -1.0455720306654273,
            0.8547306246493446,
            -0.8513195852516499,
            -2.0369560071265136,
            -0.014397543033316538,
            1.4887456500013114,
            -0.6425030688971637,
            0.799368307871591,
            -0.5499759323964142,
            -0.02972643904724249,
            -0.21707577541564613,
            -0.37515401460989545,
            1.811433550390806,
            -1.2051379113964333,
            -0.21687266283099335,
            0.6144866904694029,
            1.1400609445561118,
            0.9312183166052624,
            1.2677943941250922,
            -1.2308368667158478,
            -0.5824812244725648,
            1.0421201039208965,
            -0.19850894104434758,
            -1.697387692821641,
            -0.22727373843209772,
            1.2112873952263763,
            -0.34594517000459957
        ],
        [
            -1.7270547548743096,
            0.6545619034199672,
            0.0,
            -0.6362629965797197,
            -0.48619892961450323,
            -0.8254932068646506,
            -1.9379521008459086,
            0.3325855540485116,
            0.26396802160040644,
            0.5109222815288452,
            -1.3282994159535286,
            1.7474794505340268,
            -0.9237370409131619,
            1.270244955006199,
            0.580807731438239,
            -0.24879317069381093,
            1.2070780885201082,
            0.3262968586109178,
            0.10747048048403121,
            0.8734261627603523,
            -0.6827336587528859,
            0.9078572438920552,
            -0.6337351390584298,
            -0.49178344942604446,
            0.10321505326887045,
            -1.670842573062154,
            -0.12099815979338066,
            -1.3236967098481465,
            -0.724716982160482,
            0.9060011810670136,
            -0.3808613414389893,
            0.03412364803878018,
            0.24820458951159954,
            0.12398540538725047,
            -0.3353419910196376,
            0.3492105330421151,
            -0.16944116126519412,
            -1.7093223391149277,
            -0.40470786002265563,
            0.7178998305550802,
            1.350671878541925,
            0.8370627399505601,
            -1.2627374300914316,
            -0.762343290578947,
            -0.895539370416767,
            0.42054205634846026,
            0.4436482634401386,
            1.7712563871649878,
            -0.6751957788695162,
            1.0741047706525215,
            2.5984041903914488,
            1.0701475737869428,
            -0.061048860233751834,
            1.4962565918171709,
            1.3542906774055108,
            0.35219586519319607,
            -1.467631541704485,
            -1.4868335755337323,
            -1.6702377305270801,
            -1.3016699488433445,
            -0.7980381026211578,
            -0.5314787856655085,
            -0.3031706549265706,
            -0.24044033774276555
        ],
        [
            -1.1615135481932832,
            0.45657627355479374,
            -0.6362629965797197,
            0.0,
            -0.10239989180859212,
            -1.3342438424967638,
            -0.7278569981683741,
            0.7889322331096636,
            -0.3445943428255905,
            -0.26918556523034576,
            -0.24349811352516978,
            0.144190840766774,
            -2.121733094969957,
            1.8767303444904906,
            -0.05645911458743686,
            0.04549755104140697,
            2.053250622812546,
            1.2292880531929196,
            -0.9572449235077553,
            1.234586496818348,
            0.22996873377521168,
            0.14343416884551466,
            0.09702573853813888,
            0.9181287275166748,
            -0.24302793647740786,
            1.1650476182531548,
            0.04719566765538369,
            -0.6038339336394991,
            0.9288921782275141,
            1.1451805474284236,
            0.9769632773495013,
            -0.14367828261861365,
            1.1430801644312307,
            -0.43320708664687213,
            -0.0427420688160423,
            0.5916914395345114,
            -0.8601767104032436,
            0.07614424682976684,
            -0.15913171075310525,
            0.8635879124273427,
            0.2806392303103145,
            -1.7249019781759913,
            0.47730625425869777,
            -0.24521776852983762,
            -1.2391121795017763,
            0.5786052760690528,
            1.4954466913798685,
            -0.8176938263236727,
            1.6293509564280213,
            1.5377835403360405,
            -1.9810417556025786,
            -1.5515449181363508,
            -0.6298577058341587,
            -0.5439250131418758,
            -2.724149328107115,
            -0.5412508028972818,
            -0.8451651578470724,
            -0.956792616003441,
            1.4026519805408137,
            1.4007194255126367,
            0.2677058791599232,
            -0.69134435803821,
            1.0536936419862564,
            0.050491603594259624
        ],
        [
            2.852293717668663,
            0.2490772682075649,
            -0.48619892961450323,
            -0.10239989180859212,
            0.0,
            0.7367693272991965,
            -0.03267447270895478,
            0.9310331902824586,
            -0.42079191820893463,
            -0.8058623392148307,
            -0.21384544148053855,
            -0.5210938211460379,
            -1.209637117667666,
            -1.113805332439113,
            0.5334940389162869,
            1.7286162447949167,
            0.7345938627764707,
            1.0067543970956194,
            0.30054557450524494,
            -0.6469207403691234,
            0.8856314835237418,
            -1.222366916872023,
            -0.10599639594909455,
            0.13295456135658068,
            1.3902742288534136,
            0.9752467075413448,
            -0.679422565943108,
            0.7086678001144832,
            0.5865505016072805,
            0.2160866080105675,
            -0.9536220633414523,
            0.8706060406606748,
            1.9545748634548563,
            -0.018799069634343822,
            0.16854401911764286,
            0.9129331036045909,
            -1.7454100069125125,
            0.13318226537343975,
            0.4792304697792899,
            0.1645745121727772,
            0.13699403665150597,
            0.46166718378505855,
            -2.0122747312948643,
            -0.024768908902615433,
            -1.3114711229461136,
            0.10962098192656101,
            0.10430254527544938,
            -1.068407190669175,
            1.4500855290719172,
            0.4843168656247763,
            -0.5909496594413957,
            1.6269218929099127,
            1.3287592565065298,
            0.8336457879325563,
            -2.0285428841509776,
            -1.4657646040420536,
            0.505619128932962,
            -0.1462606154965605,
            -0.5180506294404333,
            2.0232734034539144,
            -1.6146582858649534,
            -2.251815474563784,
            -0.11102764795596311,
            0.8456219973003914
        ],
        [
            0.734544618772979,
            0.2667426377678156,
            -0.8254932068646506,
            -1.3342438424967638,
            0.7367693272991965,
            0.0,
            -0.9732441403982555,
            -0.6911220376919837,
            1.4933993309810434,
            -1.1290186910698785,
            0.6599257735165447,
            1.3614639801463624,
            -0.07626753788277718,
            1.8495449616848239,
            0.7039220014565458,
            -1.9624158726358687,
            1.1723209084041688,
            -0.44490048675116495,
            -0.8672183935410588,
            -1.0512778112373298,
            1.2595371141799268,
            0.35017012427035754,
            0.35216167204944476,
            -1.0592122280740621,
            0.798140839554302,
            0.7090627483568688,
            -2.1335069629287,
            1.0471786077977525,
            0.4491962400334431,
            -1.4336939129552453,
            1.0348509490850413,
            -0.6094020062784643,
            0.8788274456148177,
            -0.802116034673526,
            0.032714122564918305,
            -1.6156560334028132,
            0.7136876982351029,
            0.5220142566051408,
            -0.28926597858150854,
            -1.0957644519276724,
            1.6118713656950534,
            -1.8898400689224009,
            1.3818255973177738,
            -0.7731416755881667,
            -1.9127528429689908,
            -1.0809257177317744,
            0.9616694301795502,
            2.6410778664642494,
            -1.0129261946047674,
            0.5620469114957458,
            1.3484530060718845,
            0.38834004072186107,
            -1.8988948282011249,
            -0.14238633809910445,
            -0.8176271920567738,
            -0.30927576896479225,
            -0.5122627364828193,
            -0.6975375035315119,
            -1.141951413733889,
            -0.9529896895928106,
            -0.49662752017074724,
            1.1985014447548552,
            -0.07442888546304938,
            -2.6312873496939897
        ],
        [
            0.5348496540169143,
            -1.2480339486111842,
            -1.9379521008459086,
            -0.7278569981683741,
            -0.03267447270895478,
            -0.9732441403982555,
            0.0,
            1.0470791444773326,
            0.2072556134758711,
            1.2078107621975456,
            1.0279402628218854,
            -0.7245627418303907,
            -1.3902637086968206,
            -0.41680346712066135,
            -1.907494969117447,
            -0.1783145128232534,
            -0.35844048500144154,
            -0.04061943171024673,
            -1.4208927538427034,
            -1.2037107570166707,
            -0.8095016409276838,
            -0.5719427433530491,
            0.9005218801233366,
            0.5342681829481352,
            1.6011106636655015,
            -1.4891285034404853,
            0.3705675546468406,
            -0.4198816357461967,
            -0.3267474346467274,
            1.5588983467116546,
            -0.0711288830155931,
            1.5076526193279949,
            0.4286455677308971,
            0.6102139164156086,
            0.1498036347019164,
            -0.5033550427579386,
            -1.564714670866721,
            0.6862710723996511,
            -0.08790629905214571,
            0.12078202248220729,
            0.5814847085856745,
            -0.2879223873063277,
            -1.6915661990249817,
            -0.13694691168677262,
            1.1353425458883484,
            0.26057322325067045,
            -0.3606810620831711,
            0.6976811118584758,
            -1.2497978359256672,
            -1.4744743077936304,
            0.9756127266874638,
            -0.45407588816404254,
            0.6825157633882188,
            0.673864180747089,
            0.5922863625116886,
            1.6624639238723016,
            0.1568852952806884,
            0.4582341726612081,
            1.003052546892842,
            -2.030524418478399,
            0.8662788712329172,
            -1.1700985135936766,
            0.9624995891842597,
            0.6409053668738428
        ],
        [
            1.2719188876640206,
            0.088998720934474,
            0.3325855540485116,
            0.7889322331096636,
            0.9310331902824586,
            -0.6911220376919837,
            1.0470791444773326,
            0.0,
            -1.0885335467664754,
            2.1341648829298814,
            -1.2650133782082467,
            0.051230416023362466,
            0.7837798054583996,
            0.7938346092798931,
            0.006384282384421898,
            0.4603120084063426,
            1.58264349369221,
            -0.24581511462148378,
            0.9400733848682851,
            0.9881097372110818,
            0.41054501148878053,
            1.1893274809136167,
            0.39197051336641353,
            -1.597522266554031,
            -0.036782685064020486,
            0.1873301914927821,
            -2.046854160160419,
            1.6597159699976143,
            1.6280647290643542,
            -0.6050429021966164,
            -0.2683903466323664,
            2.072628141832788,
            0.007776274442473108,
            0.45365580172159997,
            0.5998538822565759,
            -0.668994935481002,
            -1.1920726260710444,
            -1.6220412694827453,
            0.9206977504786028,
            1.0883312134289047,
            -0.7699172838578565,
            0.6851363467829594,
            -0.43798753570194837,
            -0.44262488440748105,
            0.4526122090047113,
            -1.3184139424157035,
            0.13183895188460076,
            0.9365386489866715,
            2.090111656614794,
            0.37395163441717905,
            0.21352595438927738,
            0.7007845837288399,
            -0.8080538561756008,
            1.2339393076843663,
            0.11122761404722144,
            0.5054502450579464,
            0.002112073511293907,
            1.0504627940426614,
            0.7461260000237924,
            -0.9451486468249247,
            0.47788494386439356,
            -1.587689155740254,
            -0.08726618496943113,
            -1.5252451407570224
        ],
        [
            -1.9162468046679106,
            -1.4359187291602433,
            0.26396802160040644,
            -0.3445943428255905,
            -0.42079191820893463,
            1.4933993309810434,
            0.2072556134758711,
            -1.0885335467664754,
            0.0,
            1.263794532080177,
            -1.624382914159538,
            0.3152735465205704,
            -2.129375382933149,
            0.17138764815533009,
            1.3230376837136926,
            1.1244188191645155,
            -0.3646504213244131,
            0.42397082784772855,
            1.2318559467419221,
            0.04508072004459245,
            -0.6738198875367057,
            -0.48202517986990934,
            -0.18358279051966342,
            1.5283811381285108,
            -0.43975913458705157,
            -1.690442114729623,
            -0.05080837832909171,
            -1.1464474769971844,
            -0.5384764535787976,
            0.014085238846510178,
            0.238269993019089,
            1.0183782360639964,
            -0.9507434108144018,
            -1.274491483330315,
            -0.2459725940580813,
            -1.424199581778951,
            -0.7497002897188627,
            0.5617931127291924,
            0.25071637075151343,
            -1.0553730465090023,
            0.02058185300879557,
            0.9279847203675109,
            -0.222087524511678,
            0.23678628900073387,
            0.03825460481077551,
            -0.9994114872505112,
            0.5775630035893714,
            0.08201804911170599,
            -2.9097606626693056,
            0.5079794943853495,
            1.9182642835320163,
            0.7430846966371977,
            -1.0440785452550443,
            -0.7133348843837393,
            -1.4204537020136483,
            -0.7281780791690268,
            0.5530975824582239,
            -0.9918361234859709,
            0.22657673187442534,
            -0.37671817331539964,
            0.04866685829859555,
            -0.9556378849388206,
            -0.2642417500304057,
            0.5464269526622586
        ],
        [
            1.1843558592926877,
            -0.9838335405299824,
            0.5109222815288452,
            -0.26918556523034576,
            -0.8058623392148307,
            -1.1290186910698785,
            1.2078107621975456,
            2.1341648829298814,
            1.263794532080177,
            0.0,
            0.20269780077111285,
            0.2279978241908038,
            0.005319174400206923,
            0.8358377261519558,
            -0.5332519399307242,
            -0.4824131691220506,
            -0.8387398015151356,
            0.25035005082318407,
            1.299923056006407,
            0.8715317076875619,
            1.047060504972593,
            0.24573594332041293,
            0.43467277966914364,
            -0.2550503508597123,
            1.38730712462462,
            -1.0100221931265554,
            -0.18282619013593746,
            0.3973550952296053,
            0.8400826611935159,
            1.2719525024810525,
            -0.8418897005738871,
            -0.14528412418760078,
            -0.17406872515123742,
            -0.22316551557246636,
            0.4458522634219292,
            -1.1401230844223416,
            1.0582122783767278,
            -0.7684812794992157,
            -1.7800534824812004,
            0.6165618406900976,
            0.8389497710658992,
            -0.1284481143863887,
            -1.0111262537502037,
            0.41467746385092347,
            -0.30267167588722665,
            0.05034499445389974,
            1.5236116875151702,
            -0.5959756686573973,
            -0.4290811984295727,
            -0.44585486078340175,
            -1.3671079667472645,
            0.05749690860068385,
            0.09530003677378893,
            -1.054175040697928,
            1.3824725445308153,
            0.7975998552640975,
            -2.0952951448902994,
            -0.8025196851971518,
            -0.324649355723767,
            -1.75842506961003,
            1.4452232721982345,
            -0.9156327655506341,
            0.05563087446870132,
            1.0988801832108896
        ],
        [
            -0.45129025581236676,
            -0.0397346546191286,
            -1.3282994159535286,
            -0.24349811352516978,
            -0.21384544148053855,
            0.6599257735165447,
            1.0279402628218854,
            -1.2650133782082467,
            -1.624382914159538,
            0.20269780077111285,
            0.0,
            0.5492746222935584,
            -1.9925535388367124,
            0.42753229995164155,
            1.1319020465440595,
            0.478791486242702,
            -0.20466754977825607,
            1.04880654331536,
            0.7081664549165901,
            0.44182575112392236,
            0.33889881592904314,
            -1.1666164898943379,
            0.33620808390334933,
            0.813368441784985,
            -0.7778292904263446,
            0.7717016772591729,
            0.9273526091453353,
            2.780815635816111,
            0.7094882397142351,
            -0.7326067847224552,
            -0.6812790577990524,
            0.2352295911767021,
            1.0284984949118954,
            1.5493609277908846,
            2.644147244259288,
            1.352706443106773,
            -0.7951632123236398,
            -0.6270836100849414,
            0.44823399982520246,
            -0.31010013812562803,
            2.2351753229076015,
            -0.7378682048398835,
            1.3778146216091864,
            0.966129661439453,
            -0.9382249202596723,
            -0.3654202939562345,
            -0.3934073925763312,
            -0.14881305361767078,
            -0.08143728925136373,
            -1.1847947780457182,
            0.147723755415445,
            1.1198394548769854,
            -1.7985910477340303,
            0.7884077741481019,
            -1.6601348066610313,
            -0.7281045017722919,
            0.6383825580817403,
            2.0483436474233025,
            -0.20786064901906914,
            -1.1318063151389197,
            -1.0219977641683111,
            -0.7271144326049962,
            -0.3292658628516856,
            0.37683723415848874
        ],
        [
            -0.31916709671485216,
            0.39705307375492704,
            1.7474794505340268,
            0.144190840766774,
            -0.5210938211460379,
            1.3614639801463624,
            -0.7245627418303907,
            0.051230416023362466,
            0.3152735465205704,
            0.2279978241908038,
            0.5492746222935584,
            0.0,
            -1.0291393374828515,
            -0.3994352599904925,
            -0.6335886769793726,
            0.4483875633620881,
            1.882723530047707,
            2.3536846603250283,
            -1.1189616225190586,
            1.29502627335871,
            0.15634844766086367,
            -0.6768498322283534,
            0.09294159496608252,
            0.9933568210671401,
            0.8528160408931117,
            0.5959984641901059,
            -1.6680728543080334,
            0.2961535504707851,
            1.9864652882277605,
            -0.6850123703118074,
            -0.012663220854067564,
            -0.05294013947710007,
            0.38555097783812436,
            -0.32217191549825047,
            0.2241499022915841,
            -2.0768426093768344,
            0.4170297341864879,
            -0.08384316349087667,
            -0.7252318936577157,
            1.7774604649916557,
            -0.646621522884953,
            -0.702538222532803,
            -0.8866523918640218,
            0.3372290224198578,
            1.0108520759685946,
            0.24478377025775097,
            0.12520152529311052,
            0.18936072804229948,
            -0.8028517412657995,
            0.2608163022622792,
            -1.6867563121120506,
            1.487080629696411,
            0.20770853003605155,
            -0.6420290147890769,
            0.956711211362808,
            -0.7604556159144339,
            1.0162544640161018,
            -0.41305828781901344,
            0.76843353600793,
            0.8584156000888818,
            -0.6311111921187221,
            -0.3172717901967916,
            -0.36868068447059554,
            0.3577152453976467
        ],
        [
            -0.02226328344651108,
            -1.7431289502658147,
            -0.9237370409131619,
            -2.121733094969957,
            -1.209637117667666,
            -0.07626753788277718,
            -1.3902637086968206,
            0.7837798054583996,
            -2.129375382933149,
            0.005319174400206923,
            -1.9925535388367124,
            -1.0291393374828515,
            0.0,
            -0.21504752729368515,
            0.6766737709975013,
            -0.9893034943181258,
            1.760293033330509,
            -1.1846639094247202,
            -2.024324047475832,
            -1.4596119864881916,
            -0.6628940976776762,
            0.39380308991355695,
            0.38868523876697064,
            0.6507738254980685,
            0.050980910679470234,
            1.0368627605060454,
            1.4266875922126476,
            1.65349644535099,
            -0.4566998641443877,
            -0.7687681742448282,
            1.0348150221057604,
            -1.3302107283950155,
            -0.6327419597442742,
            1.9480341351285777,
            -0.5489615894921195,
            1.6564557683340602,
            0.18237713295758265,
            -0.7170504356760806,
            -0.33047935356526553,
            -1.0451412505941757,
            0.44230261702276763,
            -1.1580980026887508,
            0.8675160478847765,
            -0.773876380921518,
            -1.6636562434116962,
            0.6011618235756514,
            0.2910861269914294,
            -0.8634787479323314,
            1.100080045290893,
            1.4205085780190194,
            0.8636961702095982,
            -0.21950167983030677,
            -1.8000923861578328,
            -1.896767184597169,
            -1.611562408151983,
            -0.6323344042984532,
            -0.48797138531170614,
            -1.915156620682857,
            -0.5438209726633789,
            1.9553547215757598,
            -0.7276333508767736,
            -2.6989452802692573,
            0.025366842091018173,
            0.3186418539263522
        ],
        [
            -0.5559703806123462,
            0.7076679817355404,
            1.270244955006199,
            1.8767303444904906,
            -1.113805332439113,
            1.8495449616848239,
            -0.41680346712066135,
            0.7938346092798931,
            0.17138764815533009,
            0.8358377261519558,
            0.42753229995164155,
            -0.3994352599904925,
            -0.21504752729368515,
            0.0,
            0.461532709407487,
            -0.3472587843060732,
            0.5914929831683392,
            1.400466448322207,
            -0.04361099235222583,
            2.2693065434329096,
            -1.3727406451514852,
            -1.2965087622217628,
            1.33919910597339,
            -0.3508753512777797,
            -1.2537799366165234,
            -0.49775199350573635,
            1.4970138149171621,
            0.7690993475725102,
            1.4609113396875317,
            0.6567725333389511,
            -1.688342375391996,
            0.8215998107406578,
            0.6746769567931411,
            -0.10050239961275931,
            -1.146714906025149,
            0.28246518622154165,
            1.0369163566254718,
            0.6154436810766287,
            -1.1096635606092486,
            -0.9714958722589329,
            -0.36310110833770687,
            -1.8537262745328187,
            -0.3878920972347064,
            -1.0061193638241726,
            0.1368074744001668,
            0.8094582197720107,
            -1.597328448588271,
            -0.26523519733288387,
            1.3356467126658553,
            -1.2904963686233153,
            0.8128133348250309,
            0.8292312082025521,
            1.6427395888495266,
            1.0657475987518363,
            1.7738210718046417,
            -0.19966940734384261,
            -0.084028167987613,
            -0.5550081948238919,
            0.0908241520198422,
            -0.6300995186547717,
            -0.11183276761794067,
            2.0576831494027314,
            -1.7301048140531283,
            -0.43773314573562166
        ],
        [
            -1.5391695650941875,
            0.22018392858010924,
            0.580807731438239,
            -0.05645911458743686,
            0.5334940389162869,
            0.7039220014565458,
            -1.907494969117447,
            0.006384282384421898,
            1.3230376837136926,
            -0.5332519399307242,
            1.1319020465440595,
            -0.6335886769793726,
            0.6766737709975013,
            0.461532709407487,
            0.0,
            0.2331015856646315,
            -0.589713649261622,
            -0.09388546459191018,
            -0.23679880320415317,
            1.3181382816612346,
            0.7334925055851922,
            0.902396830220772,
            1.3634333660576092,
            0.4323481962025183,
            1.0639713693035016,
            0.8026817285506616,
            0.18919676749767472,
            0.3268823908344942,
            0.9295545923527038,
            -0.9655941996379583,
            0.10518138533389014,
            0.5552667349101151,
            -0.2922694873425171,
            -0.24969736892567007,
            -1.5369801163802772,
            0.2043305712846216,
            -0.13090348809479366,
            -0.5534367301791668,
            1.8716004135234119,
            -0.25703043026133704,
            1.2784781068347413,
            -1.0301403662161728,
            1.3071396592313493,
            -0.3069565545498527,
            1.745324668407599,
            0.2573178402254438,
            1.5094527842576875,
            0.7551834129446904,
            -0.17340219605358473,
            -0.5832862243647018,
            -0.19573642904976912,
            -0.14271754446628168,
            -0.1692577837639657,
            0.6799219502641247,
            0.1761944314889627,
            -0.6097632080811425,
            -0.5942841713729842,
            -0.04077126746317863,
            0.927533275523344,
            -0.03791756870884638,
            -0.4467211865049857,
            -0.8500076805641006,
            -0.1313095134035062,
            -1.0111111238768085
        ],
        [
            2.392928429640381,
            -2.194447429821468,
            -0.24879317069381093,
            0.04549755104140697,
            1.7286162447949167,
            -1.9624158726358687,
            -0.1783145128232534,
            0.4603120084063426,
            1.1244188191645155,
            -0.4824131691220506,
            0.478791486242702,
            0.4483875633620881,
            -0.9893034943181258,
            -0.3472587843060732,
            0.2331015856646315,
            0.0,
            -1.050850068324195,
            0.2576592108172994,
            0.1524272802636484,
            -0.9532685109392905,
            0.7364904876889187,
            -1.3762028750673463,
            -1.0091149412626312,
            0.9582144111133961,
            -0.9260760005686892,
            0.6325111392201711,
            -2.4361685587226583,
            -1.0370121850345935,
            -0.6671066203043936,
            2.8677018233123373,
            -1.3852132531206833,
            -0.35282516844798995,
            -0.1222856093181973,
            1.4314257039074902,
            -0.18954815163008515,
            -0.7057494789945151,
            -1.496361310075324,
            -0.48683188819443396,
            0.08620896918211228,
            -2.116026881144231,
            -1.6646779496126156,
            -1.4230264874383336,
            0.6721020128030557,
            1.7620810035079018,
            -0.5355834321615357,
            0.9891459261290619,
            -0.045693397134867114,
            -1.4106952927643248,
            1.3489806971015388,
            0.1355413932822348,
            -0.9718309730966308,
            -2.013969389190456,
            0.30991691282092143,
            -0.411125765246095,
            -0.8635716934616161,
            -1.3468912967105306,
            0.4462443238874063,
            -0.11573129181419631,
            1.4460801161885386,
            1.7695945160169673,
            0.1116323704767745,
            1.4641067228624347,
            -0.20638849502768852,
            0.283205676493182
        ],
        [
            -0.875521284501117,
            1.3770460655333505,
            1.2070780885201082,
            2.053250622812546,
            0.7345938627764707,
            1.1723209084041688,
            -0.35844048500144154,
            1.58264349369221,
            -0.3646504213244131,
            -0.8387398015151356,
            -0.20466754977825607,
            1.882723530047707,
            1.760293033330509,
            0.5914929831683392,
            -0.589713649261622,
            -1.050850068324195,
            0.0,
            1.376073156883977,
            0.5449233672527948,
            -0.2939720715212905,
            -0.3619586016075175,
            -0.370708183838495,
            -0.8961497994816792,
            0.8281345254057115,
            0.29858114026366595,
            0.9310570315100493,
            -0.7264005514150716,
            0.2581497579114871,
            -0.32853277557214483,
            0.999842573404448,
            2.565792841009988,
            -0.8361767420535475,
            1.411766221931462,
            1.1074278846112988,
            -0.557771162473209,
            -0.7533999627081852,
            -0.03309877515465423,
            -1.3497983917115446,
            -0.6035412955287058,
            -1.0318354682164919,
            2.2870517637162475,
            -0.5282650928191279,
            0.5690533802654255,
            -0.8009739272344742,
            0.7053112469557405,
            -0.5095417233263831,
            0.11304774627310879,
            0.12511214772116036,
            -0.5822485339425879,
            -0.7569311042954321,
            -0.030971080681798113,
            1.2966376909438515,
            0.823390094640759,
            -2.771822270309825,
            1.4398365594739149,
            -1.5207079197255118,
            -0.7248289713397381,
            -0.2151034277151228,
            1.3285733531293669,
            0.6921096728348253,
            1.3158977832206737,
            0.12589254687295337,
            -0.07329045387332435,
            -0.2705265050939317
        ],
        [
            -1.0605462580536342,
            0.6586180407974055,
            0.3262968586109178,
            1.2292880531929196,
            1.0067543970956194,
            -0.44490048675116495,
            -0.04061943171024673,
            -0.24581511462148378,
            0.42397082784772855,
            0.25035005082318407,
            1.04880654331536,
            2.3536846603250283,
            -1.1846639094247202,
            1.400466448322207,
            -0.09388546459191018,
            0.2576592108172994,
            1.376073156883977,
            0.0,
            -1.2400339730638947,
            -1.1073342697383126,
            -0.8257394098206403,
            -1.6444077319250128,
            -0.7527933629726181,
            0.4975011926857117,
            -0.5395139919853579,
            -0.08788841083547173,
            -1.742812997633641,
            0.43691280958027057,
            0.07934571791744878,
            -1.1959422596818794,
            -0.39956222279863407,
            0.24776818231525374,
            -1.1090479973592366,
            0.5612333987601296,
            1.5853655699770024,
            -1.5303869091853424,
            -2.082975421101397,
            0.4336014760932384,
            -0.605043983248831,
            0.12236026315682019,
            0.37027079890056214,
            0.40245015917078025,
            0.3590321632760471,
            0.36278546128453115,
            0.2542259724219886,
            0.2922405620986378,
            -1.123776178363354,
            0.10349322060536541,
            -0.314895178208992,
            1.3338320533564627,
            -0.27411308169584353,
            0.09495763388436441,
            -1.2478847462812086,
            1.9278264460139507,
            1.9332390629756637,
            -0.13649942680097704,
            -0.33374337821802,
            -1.3546366675517494,
            -1.6018184106399473,
            1.0140267516171053,
            -0.5384145976535785,
            -0.15316523643577398,
            -1.325754583800961,
            -0.6058811435012142
        ],
        [
            1.3519639097112852,
            -1.2584143367396647,
            0.10747048048403121,
            -0.9572449235077553,
            0.30054557450524494,
