{
    "N": 64,
    "id": "a8ad5e66-5ffb-42b5-acdb-914d58c8e22f",
    "problem_type": "SK Spin-Glass",
    "distribution": "gaussian",
    "spins": [
        -1,
        1,
        1,
        -1,
        -1,
        -1,
        1,
        -1,
        1,
        1,
        -1,
        1,
        -1,
        -1,
        1,
        -1,
        -1,
        1,
        1,
        -1,
        1,
        1,
        -1,
        1,
        -1,
        1,
        1,
        -1,
        -1,
        1,
        -1,
        1,
        -1,
        -1,
        -1,
        -1,
        1,
        1,
        1,
        1,
        -1,
        1,
        -1,
        -1,
        1,
        1,
        1,
        1,
        -1,
        -1,
        -1,
        -1,
        1,
        -1,
        1,
        1,
        -1,
        -1,
        -1,
        -1,
        1,
        1,
        -1,
        1
    ],
    "couplings": [
        [
            0.0,
            -0.9104731810836064,
            -1.2164742942246267,
            0.037065569976290576,
            -0.8986845470284581,
            -0.060185196633986714,
            1.7163991681610973,
            -0.04486921094349267,
            -1.6470869606169944,
            -0.122542057926356,
            -0.3285168857775808,
            0.696064272173234,
            0.1564708236672446,
            -0.9549165970649027,
            0.20786772862731465,
            -0.168294390578936,
            -1.4354883027613383,
            0.05491252553650065,
            -1.371613124681405,
            -0.6827805593763169,
            0.11899034744337546,
            0.5963348801496586,
            -0.1810441210681271,
            -1.167556850200884,
            0.11014545917725607,
            -0.0327211926199899,
            1.0712820576840725,
            2.9588020331399902,
            -0.8160033500226823,
            -0.8372845094821287,
            1.2105593871846927,
            1.6894304915554217,
            1.134140863980217,
            -1.1796595448536766,
            -0.7284506699679488,
            -0.9249238426572135,
            0.47672657327808493,
            -0.9538364844492646,
            -1.2191977582271702,
            0.36345277859300024,
            0.519036914060575,
            0.09414152454283196,
            0.16965320009479942,
            -1.7365476284596923,
            1.0165963172461494,
            -0.07441514402740014,
            1.1890401615750406,
            0.6112552387515442,
            -0.009812075445593992,
            0.25056779844380267,
            0.019271446608657004,
            0.3813232782909155,
            -0.6621593321819018,
            1.3284450373144536,
            -0.7641540714872794,
            -0.15249880780227038,
            0.050250195017586416,
            1.603014480816659,
            2.0036288094644044,
            1.3341215917757523,
            0.34168492888289054,
            0.02217757614644766,
            -0.5144353097075262,
            -0.9773069628018879
        ],
        [
            -0.9104731810836064,
            0.0,
            -0.9472150762697293,
            0.07756362898569931,
            -0.06156811299014924,
            -1.2806082230219784,
            0.7028853434289694,
            -0.25929943801770494,
            -0.07363846238693646,
            -0.19485380614088865,
            -0.349144209965661,
            1.3279248362867997,
            -0.139792383517153,
            -0.24940878663163873,
            2.1110738437271976,
            -0.3643092411398681,
            -0.8654651738577062,
            0.7645063636758722,
            0.3642910786339105,
            -0.7202707496115776,
            0.0006781992629229614,
            -0.47990721830763466,
            2.2450362422524934,
            0.3354107873920879,
            1.5674017575379335,
            0.9953650400343098,
            1.2778386015341594,
            -1.9236522774940612,
            -1.8288596207627896,
            -0.4219244641120585,
            0.5745754217338015,
            -0.5753978301747791,
            0.44983160683489004,
            -0.9694242891739367,
            1.2215708979066093,
            -0.4254483500313083,
            1.156671732206386,
            0.30392010244725587,
            0.23042741997417276,
            -0.2820478615079124,
            -0.702312029073196,
            0.6873700489540135,
            -1.059512929103521,
            -0.7972910728099188,
            1.2753685744001464,
            -0.5878410656480758,
            -0.9231027519553735,
            1.7007841985229495,
            -0.4411483412079062,
            -1.7585479617881439,
            0.18379686200311604,
            -1.2525367078201504,
            -0.02060198224126104,
            -0.23355200494926803,
            -0.9131122032017637,
            -2.7475959413760442,
            0.04658078993983947,
            -0.3973162433083528,
            1.971697303953231,
            -0.2504286611453433,
            0.16879151663065212,
            -0.3845783454534854,
            -1.2679889851257802,
            -0.8848720828182165
        ],
        [
            -1.2164742942246267,
            -0.9472150762697293,
            0.0,
            -1.2517995758774172,
            0.23993239942905004,
            0.4493389716518572,
            0.21271793178016804,
            2.0989367549240687,
            0.11197533756217296,
            -0.2891553423389904,
            -0.4788831020101186,
            0.6346234038309231,
            0.2446697370473804,
            -0.05315868019090507,
            2.2086392418458147,
            0.40400442906385026,
            0.42827185588095157,
            -0.11349194215517283,
            1.4194157733720543,
            -1.914783641584018,
            -1.101419112560307,
            0.5613625760033232,
            -1.6030556563728393,
            0.3003901102118898,
            0.9907710100042023,
            0.034280311108695984,
            -0.07814807929663942,
            -0.5862967117320418,
            2.942770768330236,
            2.456942930230457,
            -0.33310587141527664,
            0.5359878684820452,
            -1.09565915440398,
            -0.5733447043837161,
            0.6530146310169457,
            1.3847878559962634,
            -0.9383590564516969,
            -0.7867119936199164,
            0.9617856425470614,
            0.6017050165257953,
            -0.9263927958647316,
            0.36220678783466875,
            1.2329651511053417,
            0.062109002874906484,
            -0.817288380359984,
            0.39579975132502515,
            -2.4126836234762457,
            0.2277177636752076,
            0.7466536358144237,
            2.377868709675664,
            -1.0906841419934972,
            1.4102725487993946,
            0.7432371641624188,
            -2.216392270026658,
            0.09027430345607025,
            -0.7861374220951146,
            -1.5478887978303508,
            0.09943516627666768,
            -1.323099846957891,
            -0.7269222615832214,
            0.8949841241795121,
            -0.13814282667046157,
            0.2977071392399863,
            -0.19800479280106495
        ],
        [
            0.037065569976290576,
            0.07756362898569931,
            -1.2517995758774172,
            0.0,
            1.4438373101381006,
            -0.12429082295633608,
            -1.201897583171389,
            -1.2268289526802076,
            1.189564514281107,
            -1.9125964074542285,
            1.1281252002047641,
            0.055299213188795146,
            -0.544538729229335,
            -0.7574339215314319,
            0.7091449667556378,
            0.24526377637537886,
            -0.7414121261622827,
            -0.8254113798187245,
            -0.3728184858234889,
            -1.0317121073909303,
            0.38503486961079036,
            -0.7038795688240236,
            -0.49933448133479286,
            0.8420437680452294,
            -0.22886606262064538,
            0.9681804237151467,
            0.03031223129590014,
            -1.2237356088651192,
            0.49145002221307016,
            0.3008010476868421,
            0.6334364114733841,
            1.4009774623838738,
            -0.6631444071190121,
            -0.2224428200951489,
            -1.8043485133973103,
            0.6741400228405401,
            -0.4608691900431144,
            0.46519335929275235,
            1.1429084949923891,
            2.183601805979365,
            0.28371863347264126,
            -1.1090342755892981,
            1.0562505963075166,
            -1.659081118163982,
            0.5648032811957687,
            1.1100330272547312,
            -0.940238850981506,
            -0.18479454747849253,
            0.9555901875271112,
            1.044946298935073,
            0.2768873135540165,
            -0.9531715953992185,
            -0.11803024407787566,
            -2.230359176637759,
            -0.7475939192790496,
            -0.2708574043918128,
            0.6222127232224023,
            -1.3045545135936663,
            0.42505846382980533,
            1.4932459530371176,
            -0.6259321066205766,
            1.4075268154651552,
            -0.5391828357222346,
            0.8391991673696318
        ],
        [
            -0.8986845470284581,
            -0.06156811299014924,
            0.23993239942905004,
            1.4438373101381006,
            0.0,
            -0.8153093737917546,
            -0.5185968685448363,
            1.7823257554969913,
            -0.18188964813609226,
            0.004975556972982114,
            -1.970157551303135,
            -0.3851053065045029,
            0.3982698294351144,
            0.6212964371330568,
            0.15024674250480974,
            -0.3569277704218812,
            -1.7442268529960947,
            1.7268746793971552,
            -0.3243782317916798,
            1.6329595798842853,
            -0.7090900036023183,
            -0.05720284385108947,
            -0.12149184077205856,
            1.7737851568583036,
            -1.7766418521555511,
            -1.3074513082071688,
            -0.23650073559992824,
            0.05205942823477187,
            1.065854210742172,
            0.47837666245846955,
            0.2534829024741339,
            -1.3802664331093124,
            0.3754142174255906,
            -0.20597422612927907,
            1.3501968121943257,
            1.2524436385734603,
            0.3957330834563757,
            -0.7213621977636616,
            1.2530358902291119,
            0.4194224499692942,
            -0.7368267276078861,
            -0.5533343692870748,
            1.176381945334631,
            0.8066221246176,
            0.762477293224377,
            0.3999474508191239,
            -0.07448635574124644,
            -0.26040123923696307,
            -0.5282383240526866,
            -0.8153930772484782,
            -0.1083591530206792,
            1.7586877382030892,
            -1.654960290769153,
            -0.07587434100439656,
            -1.9306909474684344,
            -1.166628925949702,
            -1.1832406702925191,
            1.0010326231940998,
            -0.46979950851332114,
            -1.017506430797679,
            -0.34356135263545895,
            -0.48690404147508537,
            0.0006578244195003217,
            0.941658861479091
        ],
        [
            -0.060185196633986714,
            -1.2806082230219784,
            0.4493389716518572,
            -0.12429082295633608,
            -0.8153093737917546,
            0.0,
            0.8271665245920937,
            -0.06452765508002843,
            0.8311966193298119,
            0.7600467347599144,
            0.22822719773490477,
            0.8768830848364859,
            1.0365322580822338,
            -0.41280043096233926,
            1.1240699951072817,
            -0.020787464708342904,
            0.08680825881139881,
            0.19202456772529328,
            0.5331928098580836,
            0.15313397809814136,
            0.7265037263993587,
            -1.0839131262519734,
            -0.7795078793384908,
            -0.5558442652599506,
            1.222246822358309,
            -0.14891115390215687,
            -0.19897625982172054,
            -1.2389503299231002,
            -1.1836314812137552,
            -0.8433244199197487,
            -1.1267442364004805,
            1.2564942084043091,
            -1.2837573582496264,
            -0.022432291955094743,
            1.823721080626968,
            -2.160909616481592,
            0.11507831334189764,
            -1.8521571425341365,
            -1.2188058055674682,
            -0.8294879150483432,
            -0.999131189711364,
            -0.05693823403678903,
            -0.5459341895944994,
            0.8003056087635882,
            -1.323898293114832,
            2.318673648738375,
            -0.14917628106923528,
            -0.24599167306149083,
            1.091860408182375,
            -0.38217353600451215,
            -0.5554416794628262,
            0.15939876343684795,
            0.23558187924359503,
            -0.8133045735242105,
            1.276732333770834,
            0.585488182396913,
            0.23193325477659538,
            -0.0970133800073446,
            -0.41953570028087667,
            -0.15399628996355158,
            -0.4125970112833741,
            -0.6888022943950324,
            0.7049222634328483,
            0.19155776723838927
        ],
        [
            1.7163991681610973,
            0.7028853434289694,
            0.21271793178016804,
            -1.201897583171389,
            -0.5185968685448363,
            0.8271665245920937,
            0.0,
            0.8095492801102107,
            0.8674009144203136,
            0.4342649775055805,
            2.608371111988937,
            -1.777180003908005,
            1.212463714189498,
            1.0044599888538213,
            1.2353023096712028,
            -0.6520840665899472,
            -0.7051964466630828,
            -0.8519595642752976,
            1.408243691106158,
            1.6162473670207929,
            0.052253149184106874,
            -1.6600704951382217,
            2.6515031281740855,
            -1.3089565887796517,
            0.1579783254586688,
            -0.603239338774911,
            0.6496629585142429,
            1.4960975659431937,
            -0.09189047404288042,
            1.081412145917604,
            -1.4320710536592574,
            0.6442683151678601,
            2.1994943627350745,
            -1.2323270092394858,
            -0.663761270095358,
            0.43297602079901276,
            -0.7544936041518977,
            0.23871166130305949,
            -0.9294476569579985,
            2.4629468333522206,
            -0.5875304036916161,
            0.18459273498006584,
            -0.4593377332224969,
            0.7950728504407008,
            -0.6681239013236376,
            1.1309441759747605,
            0.5981053076117979,
            0.18924243446503372,
            1.022388354879895,
            -0.5165762548628571,
            1.0084550144136732,
            0.7858319196534248,
            1.4829251233790768,
            0.012531356579655836,
            1.2168825506825311,
            0.5915263946628759,
            -1.3385621144467699,
            -0.154917811502903,
            -0.18340834119758553,
            0.513088467748759,
            0.2152469249742484,
            -0.37833059697627247,
            -0.35186194702273765,
            0.5748762375659315
        ],
        [
            -0.04486921094349267,
            -0.25929943801770494,
            2.0989367549240687,
            -1.2268289526802076,
            1.7823257554969913,
            -0.06452765508002843,
            0.8095492801102107,
            0.0,
            -1.2972162391153041,
            -1.3825439284022685,
            -0.3852211503439022,
            0.534099589706952,
            -0.05348457527034084,
            -0.9938612608483997,
            0.7199276815993649,
            -0.03410033511315144,
            -0.8187475269215022,
            0.2796240742547957,
            0.4064285566927169,
            0.7462810809708605,
            0.7870020630760702,
            1.5140584250399822,
            1.7714267410809221,
            0.8259922518863536,
            0.5873008012601714,
            0.4116049704738185,
            -1.109959538532607,
            -0.08908551643144783,
            -0.6906788300863331,
            -0.5047938938635612,
            0.40003515778146076,
            -1.2000173434553654,
            -1.75466804858149,
            -0.2458301873353603,
            -0.6144786694377118,
            -2.7501291396561998,
            -1.2933284208889848,
            -0.7955901443004756,
            0.9700980209115431,
            -0.3207352698723432,
            -0.20947788789118946,
            0.06885790019600577,
            1.1002021373691109,
            -1.0051801514614118,
            0.4668393328232824,
            0.06500680707956107,
            -1.0316320119396263,
            0.49614014407404394,
            2.4110286605547993,
            0.024686271432265025,
            -1.4036709137982875,
            -0.8808086464505928,
            -0.19961587930156638,
            0.2819854066063645,
            -0.40074056037479283,
            -0.4682074360009952,
            1.0460410534744422,
            0.25673484894142873,
            0.45635239683182705,
            -0.7621208860544577,
            0.7274677123271318,
            -0.15928920273759353,
            -0.29467074833204965,
            0.2870690595908622
        ],
        [
            -1.6470869606169944,
            -0.07363846238693646,
            0.11197533756217296,
            1.189564514281107,
            -0.18188964813609226,
            0.8311966193298119,
            0.8674009144203136,
            -1.2972162391153041,
            0.0,
            0.6699627386585989,
            1.2555484903911087,
            0.8380248941442441,
            -1.0869283070503843,
            -0.16023935876222564,
            -1.0770083180740124,
            -1.763158197467299,
            -0.24296405079570232,
            -0.13690883584295233,
            -0.12435139789560727,
            -0.08882673224476989,
            1.5706428390202485,
            -0.3170677838593853,
            0.1457202359882529,
            0.7946940996820103,
            -0.3798100595753322,
            -1.0429278693696291,
            -0.49918806992587716,
            0.05535762467378936,
            -1.0067863825466834,
            0.39889124113856483,
            0.35390123158367515,
            -0.1025911042895048,
            0.941560350805018,
            -0.5843537002341269,
            0.5553602037454513,
            0.758831875572032,
            -0.38997004638714217,
            -1.131063709926284,
            -1.0309746038003065,
            -2.5914319334874563,
            -0.5173917597074941,
            -2.145807535428111,
            0.5177052227335233,
            -1.645437403062372,
            -0.5728170785686659,
            0.38251153823993644,
            0.8988020915370074,
            1.199381808596764,
            -0.07639914739103634,
            -1.6862417941980639,
            1.777044059932263,
            0.2867441903459835,
            0.5931769288236215,
            1.0058163833801506,
            -0.30097533599819487,
            0.09767790283948026,
            0.7641762586159767,
            0.46432472655050955,
            1.6887186619145003,
            -0.12606244342780187,
            -0.026461311423516647,
            -0.3699229523654187,
            0.19474916151117377,
            0.7878785019357127
        ],
        [
            -0.122542057926356,
            -0.19485380614088865,
            -0.2891553423389904,
            -1.9125964074542285,
            0.004975556972982114,
            0.7600467347599144,
            0.4342649775055805,
            -1.3825439284022685,
            0.6699627386585989,
            0.0,
            -1.0014687649981078,
            -0.6722167845917459,
            -1.3234124978947048,
            -0.7829568746308679,
            -0.8323824586446635,
            -0.2503521631128707,
            -0.6839747800866673,
            1.2843487383717314,
            -0.6811982100232142,
            -1.4076939166874687,
            0.7154873339012455,
            -0.7013976914620677,
            -0.9989954165327716,
            0.322454601557303,
            -1.1124472390728541,
            1.4320449305432599,
            -0.7826965511164125,
            -0.4525870162900194,
            0.1621339169125903,
            -0.64224478098931,
            -0.44909670438265814,
            -0.7553153148467533,
            1.4293026424142883,
            0.013731158344441175,
            0.08584151024146444,
            0.34768301838085763,
            3.1560043756239065,
            1.5161747199591276,
            0.12720752248540615,
            -0.43238534806874446,
            -0.6851408092678071,
            -0.8210751302041932,
            1.3228847794305265,
            -1.2486353863460307,
            0.25450933865801595,
            0.13319684477289312,
            -0.5661879476686097,
            0.5119714555948593,
            -0.18628420350530053,
            0.5214204084750915,
            0.9097396997242142,
            -0.892460517050342,
            1.2870553848301687,
            -0.8676169940538335,
            -1.261272810961392,
            0.7207941710431347,
            -0.010377031846070547,
            -0.1005973410043555,
            -1.1613285553880417,
            0.2283149106513974,
            1.3528554888228823,
            -0.08370010767534974,
            -0.9693350899146375,
            -0.5544475417267403
        ],
        [
            -0.3285168857775808,
            -0.349144209965661,
            -0.4788831020101186,
            1.1281252002047641,
            -1.970157551303135,
            0.22822719773490477,
            2.608371111988937,
            -0.3852211503439022,
            1.2555484903911087,
            -1.0014687649981078,
            0.0,
            -0.6861182145902719,
            -1.2254433947357959,
            0.9080785105898153,
            -1.8911321864429764,
            0.5065041991552641,
            -0.27584607347928897,
            -0.10023425146735591,
            -0.1498675188514697,
            -0.19304574984007508,
            0.498366688898798,
            1.1335167509484707,
            -0.443947644240289,
            1.0522206467093869,
            -1.6066503545588517,
            1.0363292096279557,
            0.5438731483212279,
            1.4692849619611652,
            -1.194696811008664,
            0.4635602054795977,
            0.29980754556989836,
            0.4699342885680251,
            2.48398334323555,
            1.1217426933247698,
            -0.09488766957771291,
            -0.7414145132678764,
            1.7951889452259524,
            -0.39261917456690637,
            0.6029182390978626,
            0.7924207643379403,
            -0.29702076040386394,
            -1.4540645156631833,
            0.40112241263999227,
            0.10023455455646807,
            -0.05514406065675591,
            -0.9853424858097979,
            -0.03767249014643698,
            -0.7203097019476808,
            1.824017256356281,
            0.6368227077293384,
            -0.4628863730248461,
            -0.5238067359656408,
            -0.3845151543898186,
            1.6398705537076625,
            0.7276505624393277,
            0.16884921249818627,
            0.584167873728686,
            1.0288870102866876,
            0.2005264539035179,
            1.114180891300586,
            0.34929315740495037,
            0.4880844151987643,
            -0.23581330746478865,
            -1.0277725967699638
        ],
        [
            0.696064272173234,
            1.3279248362867997,
            0.6346234038309231,
            0.055299213188795146,
            -0.3851053065045029,
            0.8768830848364859,
            -1.777180003908005,
            0.534099589706952,
            0.8380248941442441,
            -0.6722167845917459,
            -0.6861182145902719,
            0.0,
            -0.23355730863579136,
            0.9382452354731559,
            0.585988893733257,
            -2.3549306184498104,
            -0.07760883077126536,
            -0.7046912812989452,
            0.5490623407929361,
            -0.9206340711091413,
            -0.27644309917288284,
            -1.6411382158851284,
            0.7900741181357375,
            -0.48857878970293955,
            -0.7366695476432793,
            0.28672029812931604,
            0.30780660599357906,
            -0.7192070983656952,
            -1.0538874178113817,
            0.6894193909672269,
            1.0150610548417582,
            -0.1482136703423411,
            1.1446194151134375,
            -0.44168593351082586,
            -0.17944788945356077,
            -1.0580265658448174,
            0.9586408858731063,
            -0.884808824087648,
            -1.5620346527439348,
            0.36752855901000026,
            -0.6669313956259103,
            0.9698656717040628,
            0.029404457398459673,
            0.27402307484296856,
            0.49886122905756686,
            -0.04115102697065843,
            1.54066052365669,
            0.1738843004699457,
            1.063412111952686,
            0.7258092402371741,
            1.2498321977315159,
            0.7911808037124772,
            1.5897768724824803,
            -1.345653067700293,
            0.5841800505558081,
            -1.0229410891665771,
            0.6656837257134404,
            -0.6530253840702818,
            -0.39817599958648303,
            -0.8438084281777832,
            0.5768059188700665,
            -2.1092807021227737,
            -0.2416363982982725,
            0.5696337448081571
        ],
        [
            0.1564708236672446,
            -0.139792383517153,
            0.2446697370473804,
            -0.544538729229335,
            0.3982698294351144,
            1.0365322580822338,
            1.212463714189498,
            -0.05348457527034084,
            -1.0869283070503843,
            -1.3234124978947048,
            -1.2254433947357959,
            -0.23355730863579136,
            0.0,
            -0.7194069237646065,
            1.1196507282542156,
            -0.2845204232762448,
            -1.0710469158670453,
            -0.24911481275743214,
            -0.5873626058126008,
            -0.2378420058963064,
            -2.1259598984953225,
            0.6142469454508156,
            0.23578558785228207,
            -0.6538347055385944,
            1.1073113204177738,
            -0.6662057910637572,
            0.8784295123919907,
            1.2840565014113714,
            -1.186729174478657,
            0.07943501727673129,
            0.05701829304096421,
            -0.2213205380629137,
            1.8507326052991675,
            2.011910162270471,
            -0.6744130306863826,
            0.2609009726004355,
            -0.4258537489523572,
            2.144854758719521,
            0.5730402730041521,
            -1.537314285006764,
            1.2657629692944745,
            -0.7355341074776783,
            -1.6146551679581886,
            -0.7198301956137361,
            -0.3481661518123723,
            0.9716621056743614,
            0.07347275407743646,
            1.3816566233020988,
            -0.674682104801509,
            0.18218426742960903,
            -0.83322518980407,
            -0.1151863965131888,
            -1.2071469016473184,
            1.7240870297463589,
            0.11511003557921617,
            0.4481662060933986,
            -0.9344559568924483,
            1.104909072808979,
            -0.7403239511385911,
            0.15189264080738862,
            -0.7894812912692456,
            -1.269934495552467,
            0.5822491755122005,
            -0.2063385825892676
        ],
        [
            -0.9549165970649027,
            -0.24940878663163873,
            -0.05315868019090507,
            -0.7574339215314319,
            0.6212964371330568,
            -0.41280043096233926,
            1.0044599888538213,
            -0.9938612608483997,
            -0.16023935876222564,
            -0.7829568746308679,
            0.9080785105898153,
            0.9382452354731559,
            -0.7194069237646065,
            0.0,
            0.13558366771018543,
            -0.033707134939740105,
            1.2875577592776424,
            0.35507290592334223,
            0.10153203674128965,
            -0.35151127215547934,
            -0.423705794855512,
            0.2508374868524561,
            0.052367391464403626,
            -1.4408145433452968,
            -0.438272793619729,
            -1.4648347561669937,
            -0.6231197783116713,
            0.5009334593924398,
            0.7923453998815074,
            0.14228443494375342,
            -0.2899201664956222,
            0.7267073852861385,
            1.6573205344210875,
            2.0177127001220416,
            1.3320673409474117,
            0.8802229908361066,
            0.42579332640177636,
            0.12225307792044694,
            0.317495003178271,
            0.11125960801749357,
            -0.06216346991302663,
            0.530515663341948,
            -0.1553204563247385,
            -1.4398990292865324,
            1.6869184258482848,
            -1.7988037584356058,
            -1.834396792767722,
            -0.5016737680873076,
            3.3669830142588575,
            1.2741584348974657,
            -0.035689923886458426,
            0.7438359715573427,
            0.11682837247343596,
            0.8928673407300689,
            2.1635389158980476,
            0.2562667700440282,
            0.051118476324954004,
            0.06031900717043059,
            -0.9594405476912854,
            1.0681491243220667,
            -0.7639859261882171,
            -0.34869541752156014,
            -0.24821285063475523,
            -0.22906789485372722
        ],
        [
            0.20786772862731465,
            2.1110738437271976,
            2.2086392418458147,
            0.7091449667556378,
            0.15024674250480974,
            1.1240699951072817,
            1.2353023096712028,
            0.7199276815993649,
            -1.0770083180740124,
            -0.8323824586446635,
            -1.8911321864429764,
            0.585988893733257,
            1.1196507282542156,
            0.13558366771018543,
            0.0,
            1.5897389261442703,
            -0.2190349036217837,
            -0.7263044901391069,
            0.5858789896544631,
            -1.1055539436335555,
            -0.06187145546641873,
            -0.4208271046432483,
            -0.6532983466947896,
            -1.4157928495950431,
            -0.28360951797848655,
            0.31059152023775194,
            1.0835272530139524,
            -0.9314052257006933,
            0.11585533126142143,
            1.476826491653429,
            -1.4313379924417664,
            1.2918126499528988,
            1.6717668026536943,
            1.5381152505869695,
            -1.215928165240476,
            -0.6456997934808845,
            0.7162160306661081,
            -1.4855515628040143,
            -1.3678316051385462,
            0.5176797878281867,
            0.35779647737491205,
            0.5031924817267259,
            1.3002248424639051,
            0.1265910476512645,
            -1.4281002799763487,
            -1.3231987868486244,
            -1.0190121475643628,
            0.7259126245984807,
            -1.3695426181820043,
            -1.3790790544949139,
            0.026241389301865013,
            -1.588445600831508,
            0.5489967053028941,
            -2.1906941923847914,
            0.5410195613608797,
            -1.8142926105187287,
            -1.1903941258657296,
            1.279712767665421,
            -0.7629985227047504,
            -0.7442670430066278,
            0.5275010991909297,
            -1.7731494330662008,
            0.8740568015114136,
            0.54720027120544
        ],
        [
            -0.168294390578936,
            -0.3643092411398681,
            0.40400442906385026,
            0.24526377637537886,
            -0.3569277704218812,
            -0.020787464708342904,
            -0.6520840665899472,
            -0.03410033511315144,
            -1.763158197467299,
            -0.2503521631128707,
            0.5065041991552641,
            -2.3549306184498104,
            -0.2845204232762448,
            -0.033707134939740105,
            1.5897389261442703,
            0.0,
            0.4925622589215995,
            -0.9961939824653055,
            0.3910834523681088,
            1.7206150591644485,
            2.1845645157857088,
            0.24091035830841737,
            -0.43946822405531333,
            -0.09054153186935511,
            -1.275069847460631,
            -0.6203667059620077,
            -0.02659450654432008,
            -0.023319256570206684,
            -0.6874679481510487,
            -0.47556549110214663,
            -0.9790492775833515,
            0.034871537292929224,
            0.7430998037772959,
            1.0314866825026232,
            -1.2023878102295837,
            1.8597568330444763,
            -0.5492673816687691,
            -1.307880314209663,
            -0.2989893964789986,
            -0.7468753648152346,
            2.8288340422801044,
            -0.12672782061737314,
            0.6262452486313405,
            -1.5979149089550924,
            2.020698338110835,
            1.0651753294641704,
            -0.21515089844273244,
            -1.3538337441010384,
            1.9788749430653474,
            -0.3798747394415505,
            -0.3459852096223618,
            -2.3218451393260953,
            1.298838786959296,
            1.2712475093237459,
            -1.8713937507925071,
            -0.4222872266920613,
            -0.2942865175266471,
            -0.27143119353630846,
            1.4066174290871227,
            -1.5877952735400944,
            -1.8814358256602368,
            0.000985024539363294,
            -1.5048521133777586,
            -0.008222249255885505
        ],
        [
            -1.4354883027613383,
            -0.8654651738577062,
            0.42827185588095157,
            -0.7414121261622827,
            -1.7442268529960947,
            0.08680825881139881,
            -0.7051964466630828,
            -0.8187475269215022,
            -0.24296405079570232,
            -0.6839747800866673,
            -0.27584607347928897,
            -0.07760883077126536,
            -1.0710469158670453,
            1.2875577592776424,
            -0.2190349036217837,
            0.4925622589215995,
            0.0,
            -0.1336529755966507,
            0.6218783373210752,
            2.0422284090271097,
            -0.9396462916425941,
            1.1971195154137348,
            0.8149939271616122,
            -1.3572878811689093,
            0.4691890222635968,
            0.588388056962459,
            0.21050015208841427,
            -0.30255467018204996,
            -0.08932341253454927,
            -2.074749512325325,
            -0.9662992241938181,
            1.091571034297688,
            0.02231221717266269,
            -1.805125729122942,
            -0.2435426642293399,
            0.9485434816665324,
            1.101316034462692,
            -0.10708912923962015,
            -1.0460496875237684,
            -1.6026222611504246,
            -0.9781432694775998,
            -1.5377714368204487,
            -1.321303112278162,
            0.7773582587217766,
            -1.2769659679615886,
            -1.9114687034580728,
            0.8388692664279875,
            1.1343190381402612,
            0.006917639754092728,
            -0.27843504546038633,
            0.24845384152758254,
            0.20000839230940423,
            -0.6610380521799621,
            -0.2801918789381892,
            0.1519780417919968,
            -0.15924318434908788,
            2.0960594655854847,
            -0.563507333707968,
            -0.22134248721258437,
            0.975202418685219,
            0.08254752603678478,
            1.1397542714937878,
            -1.0012512051769713,
            -0.8901605273979882
        ],
        [
            0.05491252553650065,
            0.7645063636758722,
            -0.11349194215517283,
            -0.8254113798187245,
            1.7268746793971552,
            0.19202456772529328,
            -0.8519595642752976,
            0.2796240742547957,
            -0.13690883584295233,
            1.2843487383717314,
            -0.10023425146735591,
            -0.7046912812989452,
            -0.24911481275743214,
            0.35507290592334223,
            -0.7263044901391069,
            -0.9961939824653055,
            -0.1336529755966507,
            0.0,
            1.24970281914398,
            0.5823496599005649,
            -2.564257213032546,
            1.2289864693028183,
            -0.35138348656241414,
            0.006904902410913646,
            1.6872627532880629,
            -1.210326565226639,
            -0.018263055068753885,
            -0.5229485438414301,
            1.4178666951933354,
            -0.3574719321981797,
            2.8563943689819418,
            -0.7586884242206007,
            0.7033517323998214,
            -1.319214142143614,
            -0.11941796539759326,
            0.05397243599576259,
            -0.6754769935580547,
            0.4080004910422318,
            -0.29102070798081675,
            0.4007320728823491,
            -0.6244243335860066,
            -0.28064911818101385,
            1.1910178998904877,
            -0.4432947596454884,
            -0.9015053533293332,
            -0.18373596487835459,
            0.6861754298616654,
            -0.1623390672566422,
            0.5575550045905155,
            1.0789766333208666,
            1.671397296432205,
            -0.5222536939440182,
            -2.0148275687405874,
            -1.8818953170230364,
            0.3911715889130889,
            0.6372789934398108,
            0.648181281871316,
            -0.9194098208092586,
            0.08143687668142982,
            -1.886485414812774,
            -1.0095844653983654,
            0.08912545213833467,
            -0.2583117717265856,
            -0.46188668239033914
        ],
        [
            -1.371613124681405,
            0.3642910786339105,
