{
    "N": 32,
    "id": "f0da5074-5317-4018-8544-e2ff2307033e",
    "problem_type": "SK Spin-Glass",
    "distribution": "gaussian",
    "spins": [
        -1,
        -1,
        1,
        -1,
        1,
        -1,
        1,
        1,
        -1,
        1,
        -1,
        1,
        -1,
        -1,
        1,
        -1,
        -1,
        -1,
        1,
        -1,
        1,
        1,
        1,
        -1,
        1,
        -1,
        -1,
        1,
        -1,
        1,
        -1,
        -1
    ],
    "couplings": [
        [
            0.0,
            1.3653269101537155,
            -0.4456712763872501,
            0.02546209310121343,
            -0.8082744520264558,
            -0.6515361745964662,
            -0.5212775007241846,
            -0.46004186885994,
            2.0450497350398478,
            1.2340085721957461,
            1.7999396495602598,
            -1.444777180591001,
            -0.308037677508848,
            0.9225764751576816,
            -0.3176992937478683,
            0.4838408759984002,
            0.8397188322020972,
            -0.6849958303227642,
            -0.078301967523485,
            1.8147299688471215,
            0.19223790766923693,
            -0.5982258318784544,
            -1.087940020371745,
            -0.7125965330889344,
            0.07081261500125538,
            -1.0789659208110656,
            0.15928983569619617,
            -0.5658930166768501,
            1.6456309609928481,
            -0.11476368978353418,
            -0.4332984330791234,
            -0.11608966563278388
        ],
        [
            1.3653269101537155,
            0.0,
            -1.7507308773962331,
            -0.6776411628941259,
            -0.9026597761269322,
            -2.712676530239763,
            0.7778734102098467,
            0.3831915825182015,
            2.1363067784929948,
            -0.3961883332076821,
            0.0883770943318928,
            1.795312503133759,
            0.535214244276851,
            -0.4171444718885911,
            0.7390902659411449,
            1.4146165770219492,
            -2.0306560904862274,
            -0.48517896479871425,
            1.3279110647840584,
            0.5032099331072023,
            0.5144992151889415,
            1.086420030768324,
            0.1378953139489749,
            -0.33641989889174695,
            0.8654732889686213,
            -0.30619424789638544,
            -1.4853100313381584,
            -0.4069573307563277,
            2.360601400122733,
            0.4564463172693543,
            2.323154528501508,
            2.4219748740318545
        ],
        [
            -0.4456712763872501,
            -1.7507308773962331,
            0.0,
            1.2776426837854908,
            0.4015199455602782,
            -1.3611660454598682,
            0.1435340133768162,
            -1.027579265157302,
            0.9099307252884299,
            0.1800561928870259,
            -0.382883554409161,
            -0.42142014782251197,
            0.027989598639259688,
            -0.534055263470303,
            0.5890133365236239,
            -1.5156842096740184,
            -0.551582053845767,
            -0.7200424891652207,
            1.6697070051239022,
            -2.1336489425431284,
            0.10279530997395533,
            2.002906760179171,
            0.7287630374925931,
            -0.85657487707894,
            -1.570419959381306,
            1.0738124843062782,
            1.4310711749330376,
            0.30346461715563594,
            -0.44380240631752216,
            0.2506788381300802,
            0.08905192846455211,
            1.6650552236379803
        ],
        [
            0.02546209310121343,
            -0.6776411628941259,
            1.2776426837854908,
            0.0,
            -0.8229697001104634,
            -0.2652999500965732,
            2.198158537616439,
            -1.065041227246136,
            -0.5239960208883024,
            -2.0314519559838833,
            0.5708344142082942,
            -0.7098922475284976,
            1.2145151218191232,
            -0.023234296656216864,
            0.48216907227681294,
            0.8719829333080003,
            0.6395622312463854,
            -0.4252852378778458,
            -0.6444668251945816,
            0.09316291028289513,
            -0.3305074955214459,
            0.32488679523903136,
            -1.0895164532157,
            -0.6975952377003865,
            -0.22511384464625908,
            0.5123438545485963,
            1.5127663400314633,
            1.200346509244362,
            -1.0351642521426956,
            -0.8437199965261898,
            0.9820059384361316,
            0.22687908208431157
        ],
        [
            -0.8082744520264558,
            -0.9026597761269322,
            0.4015199455602782,
            -0.8229697001104634,
            0.0,
            -1.2962789091143339,
            0.27634074573675177,
            -1.0626358759540615,
            -0.5874187045052327,
            -0.4282806882851177,
            -0.6100153361720517,
            0.02841188617650466,
            0.7625794269910364,
            -1.253814198074992,
            -1.059116842427412,
            -0.1368391862182986,
            -0.4877777445825267,
            -0.9535006912188624,
            1.2568345153580558,
            0.1075465826423277,
            0.07980610234906838,
            -0.5669913197910876,
            -1.3906560844105236,
            1.2363331215425948,
            -0.40619275779503555,
            0.37671630989767807,
            -0.4431734501323218,
            -0.5494523758653209,
            -0.8979006511981571,
            0.46698138504383063,
            -1.1463414396152656,
            -0.13010309130203113
        ],
        [
            -0.6515361745964662,
            -2.712676530239763,
            -1.3611660454598682,
            -0.2652999500965732,
            -1.2962789091143339,
            0.0,
            0.06297094362434014,
            -0.5325937351759532,
            -0.8858670279231263,
            0.5594376051442637,
            -1.175061757521456,
            -0.054870132822336784,
            -0.08087601393164028,
            -0.026250837286967213,
            0.28144674625682614,
            0.5717481385515499,
            0.06321764971134666,
            -2.0127440945939963,
            -0.2791313026146588,
            0.5363936920793729,
            -1.067285161972714,
            0.6329314285623753,
            -0.9032757863005669,
            0.4852720053943046,
            -0.8234181889415262,
            -0.6394499227676904,
            -0.8333812926110475,
            -0.4782686715588823,
            0.33839379889433174,
            0.6795996141169022,
            -0.17586311556906542,
            0.3871806258773516
        ],
        [
            -0.5212775007241846,
            0.7778734102098467,
            0.1435340133768162,
            2.198158537616439,
            0.27634074573675177,
            0.06297094362434014,
            0.0,
            0.17234246023303687,
            1.6455331229118626,
            0.9419590792963471,
            -1.5085845474695612,
            -0.46931898128654276,
            0.5848593001988225,
            1.0428240615690465,
            1.3980625899645138,
            -0.22492489588116038,
            -0.07613240192788433,
            1.1635956660188107,
            -1.3665735038197901,
            2.1690641228690426,
            1.8249397196224548,
            -0.8381411734168434,
            0.9499219380352399,
            -0.10824549503622814,
            -0.9039960370974629,
            0.7907469968616054,
            -2.2642195991473617,
            1.8348074590479952,
            -0.1468230841862827,
            -1.1371904571142633,
            -1.9645496042508006,
            0.7238906625246737
        ],
        [
            -0.46004186885994,
            0.3831915825182015,
            -1.027579265157302,
            -1.065041227246136,
            -1.0626358759540615,
            -0.5325937351759532,
            0.17234246023303687,
            0.0,
            -0.5515027665643454,
            1.1318146697931415,
            0.015658455073851857,
            0.42377429518662735,
            1.1322465069978818,
            -0.8712666466735874,
            1.0181819229987656,
            -0.4335638217698634,
            -0.19426481686646574,
            -1.8363072531468032,
            -0.6570417668632268,
            -0.5622835524933072,
            -0.08023004703289817,
            0.8886271427330882,
            -0.9450315580727773,
            1.610592217494625,
            -0.39518745238636316,
            -0.6516613766328121,
            -0.4719993880544669,
            -0.8346449736657757,
            0.48172782050711516,
            -2.616094943777457,
            -1.7637074688598693,
            0.36043168776358425
        ],
        [
            2.0450497350398478,
            2.1363067784929948,
            0.9099307252884299,
            -0.5239960208883024,
            -0.5874187045052327,
            -0.8858670279231263,
            1.6455331229118626,
            -0.5515027665643454,
            0.0,
            -0.8116753945944082,
            -0.792883309737422,
            1.1060108495543446,
            -1.2084306066212787,
            -1.7046178611796978,
            2.9244559149632128,
            0.3504127062791334,
            1.238600918386231,
            0.01737944830909502,
            -0.5993813647991102,
            -0.9342032809108454,
            -2.4226641557794832,
            0.23663681873697165,
            0.41671708156862314,
            -1.170994856958595,
            1.9281018033466488,
            0.9578822809951634,
            0.43887810674552685,
            -0.23196139734395887,
            -0.0761617379650293,
            0.8634609255327136,
            0.6493313210002991,
            -0.9348178173661837
        ],
        [
            1.2340085721957461,
            -0.3961883332076821,
            0.1800561928870259,
            -2.0314519559838833,
            -0.4282806882851177,
            0.5594376051442637,
            0.9419590792963471,
            1.1318146697931415,
            -0.8116753945944082,
            0.0,
            0.020167362012669738,
            -1.5134289395852336,
            -0.650319959761105,
            1.0778791131085794,
            0.19611280983412635,
            1.262638008838765,
            -0.6557772533348493,
            0.4042370405276706,
            0.2856917568368124,
            -0.04845191773556863,
            -1.127865476182603,
            2.014110230956073,
            -0.17381771495298667,
            -2.553466823061841,
            0.1560440913933094,
            1.562855646596457,
            -0.025787465773768725,
            -0.8419893918228138,
            1.2619688721866467,
            -0.5217993127432957,
            -0.2631558752636647,
            0.21943021453769682
        ],
        [
            1.7999396495602598,
            0.0883770943318928,
            -0.382883554409161,
            0.5708344142082942,
            -0.6100153361720517,
            -1.175061757521456,
            -1.5085845474695612,
            0.015658455073851857,
            -0.792883309737422,
            0.020167362012669738,
            0.0,
            1.5932543847055456,
            -0.5553722272870132,
            0.3581494268888501,
            -0.3278241336209285,
            -0.05970924910107658,
            0.19498459551720174,
            0.27549646215611745,
            -0.7943237180383254,
            0.6502408444704124,
            0.968258825114456,
            -1.9691568594163593,
            1.7041344754938963,
            1.0461112302965003,
            0.7820441290977221,
            -0.47518325665463446,
            0.5069157976834295,
            -0.2995809918401755,
            -1.2765592404791324,
            0.7137446409258336,
            0.763934718837517,
            -0.3269812685865649
        ],
        [
            -1.444777180591001,
            1.795312503133759,
            -0.42142014782251197,
            -0.7098922475284976,
            0.02841188617650466,
            -0.054870132822336784,
            -0.46931898128654276,
            0.42377429518662735,
            1.1060108495543446,
            -1.5134289395852336,
            1.5932543847055456,
            0.0,
            1.7340210707475479,
            -0.5823887523044916,
            1.587433027286427,
            -0.9946642085957603,
            1.5100193889279843,
            0.23533832522663695,
            0.45584930494110265,
            -0.47874933826337207,
            -0.12854237961721643,
            -0.050914008436574704,
            1.1279363844522117,
            -0.31039725991971573,
            -0.6794056462381991,
            -0.05036388417642029,
            0.4552908821651685,
            -1.189610209195068,
            -0.1435290898776789,
            -0.9401581299770854,
            -0.6872477602780618,
            0.1734024103643072
        ],
        [
            -0.308037677508848,
            0.535214244276851,
            0.027989598639259688,
            1.2145151218191232,
            0.7625794269910364,
            -0.08087601393164028,
            0.5848593001988225,
            1.1322465069978818,
            -1.2084306066212787,
            -0.650319959761105,
            -0.5553722272870132,
            1.7340210707475479,
            0.0,
            0.567923532479046,
            -1.5226056569054047,
            1.5245965426737595,
            1.2252461768961447,
            -3.1913867145328143,
            -1.3521554633046204,
            -1.115104072478653,
            -0.21967847735363616,
            -0.1328924795521398,
            -0.5883985529170979,
            0.3316672390217076,
            0.0008357355619682377,
            0.13562750994370001,
            1.121791649120547,
            0.15540906178527628,
            -1.1054403873050564,
            0.7351566969064903,
            -1.4079274535196,
            -0.21594693249461844
        ],
        [
            0.9225764751576816,
            -0.4171444718885911,
            -0.534055263470303,
            -0.023234296656216864,
            -1.253814198074992,
            -0.026250837286967213,
            1.0428240615690465,
            -0.8712666466735874,
            -1.7046178611796978,
            1.0778791131085794,
            0.3581494268888501,
            -0.5823887523044916,
            0.567923532479046,
            0.0,
            -1.7981123724036845,
            0.02292328965730846,
            0.19250429941781408,
            -0.32191680579128606,
            1.0243505820029373,
            1.4730803032374484,
            -1.2012749355014758,
            -0.02533112026868176,
            -0.11080528026843883,
            2.9460636542744085,
            -0.5682555667495064,
            -1.3898619153709044,
            0.23585087693701054,
            0.17276673561290146,
            0.28946739871193494,
            -0.18122793884582195,
            -0.37296113929551733,
            1.4375969568347056
        ],
        [
            -0.3176992937478683,
            0.7390902659411449,
            0.5890133365236239,
            0.48216907227681294,
            -1.059116842427412,
            0.28144674625682614,
            1.3980625899645138,
            1.0181819229987656,
            2.9244559149632128,
            0.19611280983412635,
            -0.3278241336209285,
            1.587433027286427,
            -1.5226056569054047,
            -1.7981123724036845,
            0.0,
            -0.4985557486114306,
            -0.9015231597438715,
            0.12032135958699272,
            -0.39298086411166805,
            -0.7269704715771124,
            -1.3691820869359346,
            0.5792744261804433,
            0.17220302743419016,
            0.3140675173111286,
            0.6699499450392702,
            -0.14162834552372308,
            -0.7997474215260295,
            2.0904589231538817,
            -1.0388879029454754,
            -0.8432039361364385,
            -0.4242095299311157,
            -0.8619126094169729
        ],
        [
            0.4838408759984002,
            1.4146165770219492,
            -1.5156842096740184,
            0.8719829333080003,
            -0.1368391862182986,
            0.5717481385515499,
            -0.22492489588116038,
            -0.4335638217698634,
            0.3504127062791334,
            1.262638008838765,
            -0.05970924910107658,
            -0.9946642085957603,
            1.5245965426737595,
            0.02292328965730846,
            -0.4985557486114306,
            0.0,
            2.8945983601296916,
            1.0992726147249403,
            0.08580173447462705,
            -0.7748291763132859,
            2.0522329238889148,
            1.7246769040348167,
            -0.5841793468277304,
            0.7858764359157191,
            1.3481999108211986,
            1.5234186225832855,
            0.8763056839622527,
            0.7633097797084046,
            -0.5230064667126887,
            -1.7091358779664296,
            -1.1143809127196211,
            -0.8774036893358969
        ],
        [
            0.8397188322020972,
            -2.0306560904862274,
            -0.551582053845767,
            0.6395622312463854,
            -0.4877777445825267,
            0.06321764971134666,
            -0.07613240192788433,
            -0.19426481686646574,
            1.238600918386231,
            -0.6557772533348493,
            0.19498459551720174,
            1.5100193889279843,
            1.2252461768961447,
            0.19250429941781408,
            -0.9015231597438715,
            2.8945983601296916,
            0.0,
            1.207293587231732,
            0.3830430657150949,
            -2.2676851874959754,
            -0.6403461740048673,
            -1.424357498949706,
            0.7393414029164996,
            0.7963084220003828,
            0.974143333267461,
            -0.13905063462772754,
            -0.44872162635956453,
            0.1642599719274756,
            -1.168184963579229,
            -1.252775900144537,
            1.1377505847929716,
            -0.7575728929890524
        ],
        [
            -0.6849958303227642,
            -0.48517896479871425,
            -0.7200424891652207,
            -0.4252852378778458,
            -0.9535006912188624,
            -2.0127440945939963,
            1.1635956660188107,
            -1.8363072531468032,
            0.01737944830909502,
            0.4042370405276706,
            0.27549646215611745,
            0.23533832522663695,
            -3.1913867145328143,
            -0.32191680579128606,
            0.12032135958699272,
            1.0992726147249403,
            1.207293587231732,
            0.0,
            0.5567115225784489,
            0.4045554628772524,
            -1.0622032466480509,
            0.4334856248671913,
            -0.6141387386223076,
            -1.0377206233873186,
            0.11391875636243037,
            1.45054901770512,
            0.3668840914974183,
            -0.5435629751153931,
            0.49361990876521106,
            -1.2773331272770811,
            -0.5737199894148015,
            -0.8603557315912341
        ],
        [
            -0.078301967523485,
            1.3279110647840584,
            1.6697070051239022,
            -0.6444668251945816,
            1.2568345153580558,
            -0.2791313026146588,
            -1.3665735038197901,
            -0.6570417668632268,
            -0.5993813647991102,
            0.2856917568368124,
            -0.7943237180383254,
            0.45584930494110265,
            -1.3521554633046204,
            1.0243505820029373,
            -0.39298086411166805,
            0.08580173447462705,
            0.3830430657150949,
            0.5567115225784489,
            0.0,
            -0.28587598375091744,
            0.052778409257007365,
            -2.8485117888750864,
            -0.15421383984678913,
            -0.16586060340570663,
            -0.19755886824773483,
            2.1891508737701746,
            0.23829122589292,
            0.3625959093951652,
            1.3976114769655952,
            0.9029589046915204,
            -0.44826830427952213,
            0.9210012485774769
        ],
        [
            1.8147299688471215,
            0.5032099331072023,
            -2.1336489425431284,
            0.09316291028289513,
            0.1075465826423277,
            0.5363936920793729,
            2.1690641228690426,
            -0.5622835524933072,
            -0.9342032809108454,
            -0.04845191773556863,
            0.6502408444704124,
            -0.47874933826337207,
            -1.115104072478653,
            1.4730803032374484,
            -0.7269704715771124,
            -0.7748291763132859,
            -2.2676851874959754,
            0.4045554628772524,
            -0.28587598375091744,
            0.0,
            0.6336256851559597,
            1.697888425295179,
            -0.6575899404069342,
            -1.2322276320909986,
            -0.23224342482299673,
            0.8923208208668526,
            -0.15412246734637705,
            0.5639518757652846,
            -1.3869791298375098,
            -0.36378034947815185,
            -0.03956372157553254,
            -0.6991351474976214
        ],
        [
            0.19223790766923693,
            0.5144992151889415,
            0.10279530997395533,
            -0.3305074955214459,
            0.07980610234906838,
            -1.067285161972714,
            1.8249397196224548,
            -0.08023004703289817,
            -2.4226641557794832,
            -1.127865476182603,
            0.968258825114456,
            -0.12854237961721643,
            -0.21967847735363616,
            -1.2012749355014758,
            -1.3691820869359346,
            2.0522329238889148,
            -0.6403461740048673,
            -1.0622032466480509,
            0.052778409257007365,
            0.6336256851559597,
            0.0,
            0.7654032896309004,
            -1.4911559461808392,
            0.15288995789006585,
            1.547338129108128,
            -1.7165745882862466,
            0.488085620527097,
            -0.9919529946629504,
            -0.7332051768537229,
            -1.2907285693885293,
            0.3583548348177111,
            0.8332169146979423
        ],
        [
            -0.5982258318784544,
            1.086420030768324,
            2.002906760179171,
            0.32488679523903136,
            -0.5669913197910876,
            0.6329314285623753,
            -0.8381411734168434,
            0.8886271427330882,
            0.23663681873697165,
            2.014110230956073,
            -1.9691568594163593,
            -0.050914008436574704,
            -0.1328924795521398,
            -0.02533112026868176,
            0.5792744261804433,
            1.7246769040348167,
            -1.424357498949706,
            0.4334856248671913,
            -2.8485117888750864,
            1.697888425295179,
            0.7654032896309004,
            0.0,
            0.48151224991246616,
            -0.20428279977675068,
            -1.0198102725467437,
            -0.4336417443513459,
            0.49931437396173933,
            1.5244041140430657,
            -1.1380845069615066,
            -1.7550464143846038,
            -0.2623189627746064,
            -0.8067671617478784
        ],
        [
            -1.087940020371745,
            0.1378953139489749,
            0.7287630374925931,
            -1.0895164532157,
            -1.3906560844105236,
            -0.9032757863005669,
            0.9499219380352399,
            -0.9450315580727773,
            0.41671708156862314,
            -0.17381771495298667,
            1.7041344754938963,
            1.1279363844522117,
            -0.5883985529170979,
            -0.11080528026843883,
            0.17220302743419016,
            -0.5841793468277304,
            0.7393414029164996,
            -0.6141387386223076,
            -0.15421383984678913,
            -0.6575899404069342,
            -1.4911559461808392,
            0.48151224991246616,
            0.0,
            0.09545854318592803,
            0.893864439147341,
            0.31073727694886055,
            0.10690646322413282,
            0.5425491817490402,
            -0.43575046558999686,
            -1.970524741324469,
            1.8175893887224557,
            0.8162952266652175
        ],
        [
            -0.7125965330889344,
            -0.33641989889174695,
            -0.85657487707894,
            -0.6975952377003865,
            1.2363331215425948,
            0.4852720053943046,
            -0.10824549503622814,
            1.610592217494625,
            -1.170994856958595,
            -2.553466823061841,
            1.0461112302965003,
            -0.31039725991971573,
            0.3316672390217076,
            2.9460636542744085,
            0.3140675173111286,
            0.7858764359157191,
            0.7963084220003828,
            -1.0377206233873186,
            -0.16586060340570663,
            -1.2322276320909986,
            0.15288995789006585,
            -0.20428279977675068,
            0.09545854318592803,
            0.0,
            0.8597676071973814,
            -0.08533899780467943,
            -1.291910320364937,
            0.6027956307058027,
            0.2539414824061861,
            1.2026602187692688,
            0.07746714110338557,
            -1.5211124512503338
        ],
        [
            0.07081261500125538,
            0.8654732889686213,
            -1.570419959381306,
            -0.22511384464625908,
            -0.40619275779503555,
            -0.8234181889415262,
            -0.9039960370974629,
            -0.39518745238636316,
            1.9281018033466488,
            0.1560440913933094,
            0.7820441290977221,
            -0.6794056462381991,
            0.0008357355619682377,
            -0.5682555667495064,
            0.6699499450392702,
            1.3481999108211986,
            0.974143333267461,
            0.11391875636243037,
            -0.19755886824773483,
            -0.23224342482299673,
            1.547338129108128,
            -1.0198102725467437,
            0.893864439147341,
            0.8597676071973814,
            0.0,
            -0.3714791766479001,
            1.569583262732692,
            0.10938133194505882,
            -0.6574193035346526,
            1.0500179916812595,
            -0.9427523335662311,
            -1.7446510500537245
        ],
        [
            -1.0789659208110656,
            -0.30619424789638544,
            1.0738124843062782,
            0.5123438545485963,
            0.37671630989767807,
            -0.6394499227676904,
            0.7907469968616054,
            -0.6516613766328121,
            0.9578822809951634,
            1.562855646596457,
            -0.47518325665463446,
            -0.05036388417642029,
            0.13562750994370001,
            -1.3898619153709044,
            -0.14162834552372308,
            1.5234186225832855,
            -0.13905063462772754,
            1.45054901770512,
            2.1891508737701746,
            0.8923208208668526,
            -1.7165745882862466,
            -0.4336417443513459,
            0.31073727694886055,
            -0.08533899780467943,
            -0.3714791766479001,
            0.0,
            -0.5501911622723712,
            1.5376134562002857,
            -0.3356284677469179,
            -0.8734627499666983,
            -0.9980566766195055,
            -0.5059597140096018
        ],
        [
            0.15928983569619617,
            -1.4853100313381584,
            1.4310711749330376,
            1.5127663400314633,
            -0.4431734501323218,
            -0.8333812926110475,
            -2.2642195991473617,
            -0.4719993880544669,
            0.43887810674552685,
            -0.025787465773768725,
            0.5069157976834295,
            0.4552908821651685,
            1.121791649120547,
            0.23585087693701054,
            -0.7997474215260295,
            0.8763056839622527,
            -0.44872162635956453,
            0.3668840914974183,
            0.23829122589292,
            -0.15412246734637705,
            0.488085620527097,
            0.49931437396173933,
            0.10690646322413282,
            -1.291910320364937,
            1.569583262732692,
            -0.5501911622723712,
            0.0,
            -0.6368251481398693,
            1.9846149811936182,
            1.262890425769442,
            -0.825547361087696,
            1.528542544596695
        ],
        [
            -0.5658930166768501,
            -0.4069573307563277,
            0.30346461715563594,
            1.200346509244362,
            -0.5494523758653209,
            -0.4782686715588823,
            1.8348074590479952,
            -0.8346449736657757,
            -0.23196139734395887,
            -0.8419893918228138,
            -0.2995809918401755,
            -1.189610209195068,
            0.15540906178527628,
            0.17276673561290146,
            2.0904589231538817,
            0.7633097797084046,
            0.1642599719274756,
            -0.5435629751153931,
            0.3625959093951652,
            0.5639518757652846,
            -0.9919529946629504,
            1.5244041140430657,
            0.5425491817490402,
            0.6027956307058027,
            0.10938133194505882,
            1.5376134562002857,
            -0.6368251481398693,
            0.0,
            -0.8298228797388627,
            -1.0787994859127066,
            1.0742126718814258,
            -0.6480495901354829
        ],
        [
            1.6456309609928481,
            2.360601400122733,
            -0.44380240631752216,
            -1.0351642521426956,
            -0.8979006511981571,
            0.33839379889433174,
            -0.1468230841862827,
            0.48172782050711516,
            -0.0761617379650293,
            1.2619688721866467,
            -1.2765592404791324,
            -0.1435290898776789,
            -1.1054403873050564,
            0.28946739871193494,
            -1.0388879029454754,
            -0.5230064667126887,
            -1.168184963579229,
            0.49361990876521106,
            1.3976114769655952,
            -1.3869791298375098,
            -0.7332051768537229,
            -1.1380845069615066,
            -0.43575046558999686,
            0.2539414824061861,
            -0.6574193035346526,
            -0.3356284677469179,
            1.9846149811936182,
            -0.8298228797388627,
            0.0,
            -1.7618661638943178,
            -1.8854240504648196,
            0.033653495195224724
        ],
        [
            -0.11476368978353418,
            0.4564463172693543,
            0.2506788381300802,
            -0.8437199965261898,
            0.46698138504383063,
            0.6795996141169022,
            -1.1371904571142633,
            -2.616094943777457,
            0.8634609255327136,
            -0.5217993127432957,
            0.7137446409258336,
            -0.9401581299770854,
            0.7351566969064903,
            -0.18122793884582195,
            -0.8432039361364385,
            -1.7091358779664296,
            -1.252775900144537,
            -1.2773331272770811,
            0.9029589046915204,
            -0.36378034947815185,
            -1.2907285693885293,
            -1.7550464143846038,
            -1.970524741324469,
            1.2026602187692688,
            1.0500179916812595,
            -0.8734627499666983,
            1.262890425769442,
            -1.0787994859127066,
            -1.7618661638943178,
            0.0,
            0.6625840934250748,
            -0.5724054173005332
        ],
        [
            -0.4332984330791234,
            2.323154528501508,
            0.08905192846455211,
            0.9820059384361316,
            -1.1463414396152656,
            -0.17586311556906542,
            -1.9645496042508006,
            -1.7637074688598693,
            0.6493313210002991,
            -0.2631558752636647,
            0.763934718837517,
            -0.6872477602780618,
            -1.4079274535196,
            -0.37296113929551733,
            -0.4242095299311157,
            -1.1143809127196211,
            1.1377505847929716,
            -0.5737199894148015,
            -0.44826830427952213,
            -0.03956372157553254,
            0.3583548348177111,
            -0.2623189627746064,
            1.8175893887224557,
            0.07746714110338557,
            -0.9427523335662311,
            -0.9980566766195055,
            -0.825547361087696,
            1.0742126718814258,
            -1.8854240504648196,
            0.6625840934250748,
            0.0,
            0.8694437083426089
        ],
        [
            -0.11608966563278388,
            2.4219748740318545,
            1.6650552236379803,
            0.22687908208431157,
            -0.13010309130203113,
            0.3871806258773516,
            0.7238906625246737,
            0.36043168776358425,
            -0.9348178173661837,
            0.21943021453769682,
            -0.3269812685865649,
            0.1734024103643072,
            -0.21594693249461844,
            1.4375969568347056,
            -0.8619126094169729,
            -0.8774036893358969,
            -0.7575728929890524,
            -0.8603557315912341,
            0.9210012485774769,
            -0.6991351474976214,
            0.8332169146979423,
            -0.8067671617478784,
            0.8162952266652175,
            -1.5211124512503338,
            -1.7446510500537245,
            -0.5059597140096018,
            1.528542544596695,
            -0.6480495901354829,
            0.033653495195224724,
            -0.5724054173005332,
            0.8694437083426089,
            0.0
        ]
    ],
    "best_energy": -116.17456939941208,
    "best_spins": [
        1,
        1,
        -1,
        1,
        -1,
        -1,
        1,
        -1,
        1,
        -1,
        1,
        1,
        -1,
        -1,
        1,
        1,
        1,
        1,
        -1,
        1,
        1,
        1,
        1,
        -1,
        1,
        1,
        -1,
        1,
        -1,
        -1,
        1,
        -1
    ],
    "time_to_solve": 1.7862961292266846
}