{
    "N": 64,
    "id": "25cf02b8-6c46-48f8-a3e3-1b10f26709a2",
    "problem_type": "SK Spin-Glass",
    "distribution": "gaussian",
    "spins": [
        -1,
        -1,
        1,
        1,
        -1,
        -1,
        1,
        1,
        1,
        1,
        1,
        1,
        -1,
        1,
        1,
        -1,
        -1,
        -1,
        -1,
        1,
        1,
        1,
        1,
        1,
        -1,
        -1,
        -1,
        -1,
        1,
        -1,
        -1,
        1,
        1,
        1,
        1,
        1,
        1,
        1,
        -1,
        -1,
        -1,
        -1,
        1,
        1,
        1,
        1,
        -1,
        1,
        -1,
        -1,
        -1,
        -1,
        -1,
        1,
        -1,
        -1,
        -1,
        1,
        -1,
        -1,
        -1,
        -1,
        -1,
        -1
    ],
    "couplings": [
        [
            0.0,
            1.1274364503317458,
            -1.1300651738201153,
            -1.6700355317861442,
            0.7152460461029406,
            -2.043352811075292,
            0.5103852286935292,
            -0.3010113695919278,
            1.2158008362543984,
            1.2600661391992303,
            -1.22550041921866,
            0.645588479416827,
            0.5254132523395327,
            -0.18593639094447637,
            -0.13150943857079284,
            0.2899019159870624,
            -1.1248016529277756,
            -0.12153902056296108,
            -1.2935317500974122,
            0.24168248064171782,
            0.3967507921811662,
            -0.866594905641695,
            -0.4097458319389872,
            0.28815085429496395,
            -0.5510668824083637,
            1.1191116282188378,
            -1.4635664723544588,
            0.6751018469707204,
            0.976743781984594,
            -0.8827854149656428,
            1.493585015747897,
            -0.5356132009209763,
            0.9684014293796863,
            1.2285404028588578,
            -0.8431199397234466,
            -0.23087544888350495,
            0.6059915624866807,
            0.3745963148180817,
            0.042038118825971964,
            -0.651644452062626,
            -0.7180677257572216,
            0.9949207707941901,
            0.23147299971437948,
            0.9992031996394809,
            1.5065161808337102,
            -0.76001892161987,
            0.7875702613941064,
            -0.8961477696937049,
            -0.7314835091149162,
            -0.29739757210282475,
            0.8913294616831612,
            -0.7789117040990745,
            -0.8382197420558032,
            0.31374487705421256,
            1.5316715958832052,
            -3.5359008571203145,
            0.15062206128749503,
            -0.8724267452775506,
            -0.13687036260845092,
            0.28703697706236586,
            -0.7856874522256393,
            -0.014140882373182562,
            0.9346129625640391,
            -0.874637435825247
        ],
        [
            1.1274364503317458,
            0.0,
            0.9830597641522832,
            -1.6354220109635067,
            -0.18384861436384156,
            0.18478224361847737,
            -0.18420268272451795,
            0.8449693787089375,
            1.0022085318947351,
            -0.5504983581769537,
            0.15901081899383085,
            0.7068818234060487,
            -0.07049119790348991,
            0.9614920944715022,
            -0.6372424174153183,
            1.1863878423783099,
            1.1026191139772128,
            0.645608975598712,
            -0.9835046126780264,
            -0.5609475881902986,
            1.1997568813433117,
            0.13888024888500491,
            -0.4820779337549129,
            -0.6322441952476218,
            -0.4341334785265997,
            -0.8676978619486613,
            1.149911401772641,
            -0.08037657557747875,
            1.160297154021763,
            -0.2537006911607513,
            -0.33760132054310366,
            -2.197827012253212,
            0.1314639020905174,
            1.037565310584157,
            -0.8969756027796495,
            0.2734884645611857,
            -0.7980881572917612,
            0.18601880482279015,
            -0.1689799735650092,
            0.9728321001055983,
            -1.8099213431453,
            -0.6388944937673353,
            -0.11704100297654514,
            1.6205810786739037,
            -2.637974631459325,
            -0.31730386971398006,
            -0.16093249021381123,
            0.2709057158768152,
            0.10989627444771544,
            1.7535727049809386,
            -0.5791002688066974,
            -0.341762279172781,
            0.36232715594393494,
            1.3493524461349626,
            1.620079677640184,
            1.0233337212992644,
            -0.257879783775014,
            1.3655024722725966,
            0.4586395374961265,
            1.1323604341763496,
            -1.3123465326469537,
            -1.6356328459013267,
            -0.6518445832022783,
            -0.034787980454786344
        ],
        [
            -1.1300651738201153,
            0.9830597641522832,
            0.0,
            0.4928573445383532,
            -0.5019234671450369,
            0.9996210674629332,
            -2.2920113995759883,
            0.305597634280496,
            0.953800251014582,
            1.3912844313723791,
            -0.6760364898674139,
            -0.8625949674086568,
            -0.9395546038567242,
            -1.0453394713865314,
            0.23974878011971257,
            1.778994195884734,
            -2.234798638358677,
            -0.5697062299024428,
            0.2173705482091362,
            0.8394120298108243,
            0.9358161095864977,
            -0.415248404938543,
            0.06837461480646723,
            0.21612089661252015,
            -1.6821041807006578,
            0.8487909380780245,
            0.030723017037996427,
            -0.25060626881479464,
            -1.3185118886922227,
            -0.32374881597812505,
            1.5100561721530286,
            -0.5111270268919704,
            0.07772885274215362,
            1.3452904011388411,
            2.430694837571891,
            0.08121811771769413,
            -0.5468489199111867,
            -0.6983438759910333,
            -0.05054744206114037,
            -1.0671488521468453,
            0.11793190009720277,
            -1.18653690723432,
            0.2505848148240903,
            0.3317075205234205,
            -0.41124897987122316,
            -0.5692613016135584,
            -0.7567206947222694,
            -2.24237205743256,
            1.5685081830409886,
            -0.4478822173671599,
            1.8094997281917786,
            0.1538524757137884,
            -2.030838260741223,
            0.8266058497121024,
            -1.5463815848930729,
            0.6260625185595384,
            1.037657446512987,
            1.4378155590671906,
            -0.48598247439820197,
            -0.05672728665563992,
            0.06909326277095747,
            0.14327884040138414,
            0.3695536535447038,
            0.48257004375525653
        ],
        [
            -1.6700355317861442,
            -1.6354220109635067,
            0.4928573445383532,
            0.0,
            -0.6094379780485425,
            1.4826943814165283,
            -0.12147932104075888,
            0.9644607185396231,
            -0.13896378688039437,
            0.39283683296710203,
            -1.4078141878971369,
            0.16889362154727955,
            -0.5054931662603852,
            -0.6500069211353383,
            -0.657811638109193,
            1.0738033401962983,
            -1.187312169916599,
            -1.2262769541390328,
            -0.7381991796200176,
            -0.0525016898511069,
            0.6828283135588473,
            -0.20249195982576887,
            -0.5467029294164821,
            0.060803347430101934,
            -2.074629017769046,
            1.1153280778095607,
            -0.3876287963094871,
            -1.0909168707239043,
            -1.0923168921681319,
            0.5141853102693408,
            -0.30927893697057485,
            1.5796137272016089,
            -1.0848723411910783,
            0.012280573402306294,
            0.4493688029991943,
            -0.2961053491687736,
            -0.7503084278958592,
            0.3701709893734325,
            -1.445256014645134,
            -0.8591253166168281,
            0.6532660673802613,
            0.1821502511746485,
            1.2189167732955815,
            0.6515293801554911,
            1.1552467485595108,
            -1.356858354838513,
            -0.49023921408548865,
            1.0178521941715275,
            -0.09728411636627161,
            -1.2990186556769479,
            1.6526256379748252,
            -0.5489478104382061,
            -0.46281696983504195,
            -1.117288833555435,
            -0.88780388982465,
            0.3691046835100493,
            -0.4337022065184059,
            -0.8431491779741419,
            -0.6957818828737092,
            0.7606194630952527,
            1.5047371395684428,
            -0.652654237727397,
            -0.5599314484211182,
            0.6768473036122018
        ],
        [
            0.7152460461029406,
            -0.18384861436384156,
            -0.5019234671450369,
            -0.6094379780485425,
            0.0,
            -1.068372850971762,
            -0.0628494339826233,
            0.12036878768652419,
            -2.7240074659051112,
            1.1254148796535643,
            -0.28597725116755585,
            -0.3169098639463892,
            -0.09890837218151104,
            0.3389629693011592,
            -0.9145068601508116,
            0.983536804800674,
            -1.2210047926693708,
            -1.0779533095277312,
            -1.4247563059340038,
            -1.2568725172532869,
            -0.3689286768244707,
            1.5360981862088436,
            -0.5875374815479444,
            1.3285789135443302,
            0.4340918733789528,
            1.5120528152332768,
            0.4573642941525327,
            2.310855140582624,
            -1.2593175928632745,
            -0.027329968830744178,
            0.42691256074129386,
            0.145683335555213,
            0.36679950113301435,
            1.0765587291612533,
            -0.1351592036561046,
            -0.311031654990451,
            0.9962309846323308,
            -1.1657979707725867,
            -0.11815160013774187,
            0.3063642974701918,
            1.633405935545368,
            -0.5541345355404633,
            -1.0049033556535183,
            -0.23157306227379354,
            -0.798428550397276,
            -1.5006614093566504,
            0.2531380469633258,
            0.49349180914679597,
            -0.1978073730137731,
            1.216279175977186,
            0.6813824754699523,
            -0.5790717177791259,
            -0.768426642813769,
            -0.21476809514975229,
            1.7493355238361876,
            -1.2372162099899846,
            2.389665838175971,
            -0.2337046572361798,
            0.43390742620649325,
            1.129850534844471,
            -0.11436111021665053,
            1.7917251819575408,
            -1.5417831058396096,
            0.1016992157660211
        ],
        [
            -2.043352811075292,
            0.18478224361847737,
            0.9996210674629332,
            1.4826943814165283,
            -1.068372850971762,
            0.0,
            -1.2263209752563915,
            0.1795004728493637,
            -0.21104738788123567,
            0.1650825767281604,
            0.7862214385780982,
            0.3443876572764585,
            -0.33794065809148943,
            0.7237558550228027,
            -0.8671281321670397,
            -0.6588208430538265,
            -1.338175740586433,
            -0.42231168692553606,
            1.0583871735819455,
            -1.4849053580888913,
            -0.5471218173840362,
            0.4297146083986003,
            -1.8051386663489948,
            -2.7195720490321422,
            -0.7248759667754179,
            0.8614669086496451,
            -2.2993974114671305,
            0.8184578432363023,
            0.649219185468336,
            0.22417612165296175,
            -0.025827931445696173,
            -2.3292894140275795,
            0.7193052316362005,
            -1.2056622796564698,
            -0.5725849486733844,
            0.7001072407004779,
            1.6501152402460375,
            0.0006483127090687379,
            -1.09819702577759,
            0.18744377290216072,
            -0.706157503779054,
            0.27321116931723993,
            1.9795492765113698,
            0.8858795531399973,
            -0.20305394253977965,
            0.649015110288745,
            0.0004262592692686409,
            1.5891627148607048,
            -2.110404411066685,
            -0.7984222436467867,
            -0.6931612403190008,
            -0.9111372811958963,
            0.1492542176081061,
            1.5840178022907172,
            -1.9036265215965127,
            0.273477451860156,
            0.14934357699794581,
            0.2172197732796264,
            1.544354986491084,
            1.512982530843308,
            -0.10457068715667045,
            -1.9652608068794672,
            -0.12047536387894038,
            0.11389262710189671
        ],
        [
            0.5103852286935292,
            -0.18420268272451795,
            -2.2920113995759883,
            -0.12147932104075888,
            -0.0628494339826233,
            -1.2263209752563915,
            0.0,
            -0.6678031920670222,
            -0.41339874819895783,
            -0.01517193549641295,
            -0.6933181617388912,
            0.9550840164928669,
            -1.317087687191268,
            0.24239157180197984,
            0.6467549197719364,
            1.3059727255446125,
            -1.3873402113141537,
            -0.17731645558643297,
            -0.19550283439959995,
            2.4680683956083502,
            0.10867503923564753,
            -0.855749441707604,
            1.6023612365423616,
            0.31138053451014414,
            -0.46600211723991564,
            -0.42205772390415947,
            -1.1635057323351343,
            0.7966409766691428,
            0.11719125563363678,
            0.9785530884403395,
            1.1333114080146411,
            -0.7631340585304414,
            -0.7074582021085541,
            0.26133446097763385,
            0.07052087447597001,
            1.405864313821096,
            0.9995127357770258,
            0.0818542922131858,
            0.12653839303570444,
            -0.0031665692336862584,
            0.1586857837208381,
            0.5016256072458031,
            1.5750848547115714,
            -1.0118664413123908,
            -0.3205961264610693,
            0.48114758029504373,
            1.1592979682648108,
            0.36634763777188983,
            2.1968715025321677,
            0.6692974754029527,
            0.651004117933698,
            -1.0124201105248296,
            -0.23170930538730578,
            -1.044759873019559,
            -1.65919801116931,
            1.1892883808681054,
            -0.08288767324730027,
            0.457346808107504,
            0.15399973874662282,
            -0.002132834327429048,
            1.173212128563789,
            -1.6361214922501104,
            -0.17656842209132942,
            -0.26331172826665344
        ],
        [
            -0.3010113695919278,
            0.8449693787089375,
            0.305597634280496,
            0.9644607185396231,
            0.12036878768652419,
            0.1795004728493637,
            -0.6678031920670222,
            0.0,
            -0.39501076005693303,
            -1.4667374259352624,
            1.3618719687407785,
            -1.147701519749058,
            -0.8127804542747215,
            -0.711296161675396,
            0.4653615725332537,
            0.49010937130879717,
            -0.015601605157398142,
            0.19920528252309008,
            0.24778014658074635,
            -1.0449167909231472,
            0.4569793976310989,
            -0.032619284039443565,
            0.4906843008213637,
            -0.45002437695844977,
            -1.1794450283045173,
            0.2922182108770074,
            0.4848685428976757,
            -1.0066148130894867,
            -0.7681943341077042,
            -1.3326898942956376,
            0.37521389083025325,
            0.23919442845018116,
            -1.648274038397917,
            -2.5722187244416883,
            0.05063922886056172,
            -0.27507587563396685,
            0.5051313905603955,
            1.0385996678504559,
            -0.2114811610408514,
            -0.829179454414197,
            -0.8448005429193262,
            -0.49827382719201074,
            -1.502383180129615,
            -0.5424423289716057,
            -2.271003411163624,
            -0.5490693527317535,
            1.6031507589825964,
            -0.750684004118683,
            -0.16304649100510482,
            -0.04430606624062216,
            1.2137450620735364,
            -2.209838101381257,
            0.5381278562146063,
            0.9376291426590712,
            -0.4036558335809072,
            0.13568520318674648,
            -0.45248059568021504,
            0.24647931720420468,
            0.7124723694412788,
            -2.7203641528476825,
            -0.1876349174367232,
            -0.6869891686961511,
            -0.7930817621462117,
            0.37209823594153735
        ],
        [
            1.2158008362543984,
            1.0022085318947351,
            0.953800251014582,
            -0.13896378688039437,
            -2.7240074659051112,
            -0.21104738788123567,
            -0.41339874819895783,
            -0.39501076005693303,
            0.0,
            -0.16530987323778706,
            1.3485477774676211,
            -0.7177740811515111,
            0.33232585723379365,
            -0.03168641363640646,
            0.6194048094654109,
            0.0040303742077348725,
            0.9452754694508825,
            -2.2092821844211037,
            -0.7342288185682432,
            -1.126417942882438,
            1.2616024842118878,
            1.5760538762997152,
            -1.093068441693318,
            1.0729307451896974,
            0.13428632259994655,
            2.064215180473687,
            -0.5306926279735812,
            -0.5347849865467157,
            -0.34834080013352114,
            0.4034098604794712,
            0.43240791590168526,
            4.643926217491238,
            0.22269940175055672,
            0.4797172789604082,
            -0.31483979981239785,
            0.166180815380596,
            -0.6105092846876274,
            0.9451739515661343,
            -1.2343987066388689,
            -0.47857368488774615,
            -0.42025367171888334,
            0.8108069435067441,
            -0.010171977295092467,
            -0.2835009525704092,
            -1.624384039828795,
            0.060741742966551326,
            -0.10565339930330375,
            -0.020300681083268376,
            0.6317429378388085,
            -1.6270306673250534,
            -0.7490481421139762,
            -1.076451622152118,
            1.0572855686104885,
            -0.30027235124862134,
            -1.0788485653396966,
            -0.36406293192304034,
            0.3694497698997479,
            -0.3798495379436604,
            0.09573934960208658,
            0.3069818552286687,
            -0.7889856435373355,
            -0.5015160288292034,
            -0.9547416535815777,
            -0.8533625502832364
        ],
        [
            1.2600661391992303,
            -0.5504983581769537,
            1.3912844313723791,
            0.39283683296710203,
            1.1254148796535643,
            0.1650825767281604,
            -0.01517193549641295,
            -1.4667374259352624,
            -0.16530987323778706,
            0.0,
            -1.1231403253653711,
            1.496393277282853,
            2.00666610545004,
            0.4081763957160221,
            -1.2420845763079214,
            -0.4737114918409838,
            -1.188350655428066,
            0.05423505358205957,
            0.1790445467143297,
            -1.3292202517850107,
            0.02875098492367804,
            0.27606869780251064,
            -1.0868261498937068,
            1.100334732676224,
            0.8469532447824742,
            -0.39013458929593525,
            -0.6740186900199147,
            -0.039266042475863065,
            0.7127813869725833,
            -1.4288484224591083,
            -0.8101722907163209,
            -1.6021501969774692,
            1.2287789800600268,
            -0.9375619856646586,
            0.801615002230797,
            0.17537916854722246,
            -0.39795216658506544,
            -0.94217831081857,
            0.1117498291538102,
            1.3278072233122178,
            0.2835056117451676,
            0.08525446803316729,
            1.5709717195996113,
            0.6654100479628616,
            -2.9845201106432455,
            1.6193099204173436,
            -0.2566087754108088,
            0.4616075297350833,
            0.31544822832865244,
            -2.0797720085767,
            -0.2834139226373096,
            1.1314725681056783,
            -0.24267971887947684,
            -1.269145119660631,
            -0.4115057572830323,
            0.765082353904025,
            -1.1639866874811966,
            0.4621329603902192,
            0.14762025571528334,
            0.05673164105147114,
            1.8455392261070571,
            0.6648751472727171,
            0.8356565982108658,
            -0.08620717054035205
        ],
        [
            -1.22550041921866,
            0.15901081899383085,
            -0.6760364898674139,
            -1.4078141878971369,
            -0.28597725116755585,
            0.7862214385780982,
            -0.6933181617388912,
            1.3618719687407785,
            1.3485477774676211,
            -1.1231403253653711,
            0.0,
            0.4229566378464689,
            0.25653399994916004,
            -1.3772170718804855,
            0.11318704233143319,
            -0.1194257287117987,
            -0.5228200893544535,
            1.0140601932356867,
            -2.7284905175856453,
            0.9175650226836783,
            -0.24388075620248756,
            0.7307151986301662,
            -0.3006543091903311,
            0.5062190643080312,
            -1.2629329102171083,
            0.29214884902225613,
            -1.061879087202187,
            0.6044239582465641,
            2.8345141186688947,
            -0.8506019293863405,
            -0.47689852226880625,
            -0.5418502915748511,
            0.44641648497949193,
            1.476985734809609,
            1.6832499434208095,
            2.1195948901275243,
            1.5659528397943931,
            0.8665487217637924,
            0.759615809088606,
            0.6318647033603287,
            1.0956283721847933,
            1.6037795629331633,
            0.700307060284531,
            0.4365714912022404,
            -0.845741688328026,
            1.051199804646236,
            -0.7549747440287884,
            1.2343373267471758,
            1.978090468026636,
            -2.125550944439003,
            -0.2630223239336576,
            -0.9547410537921631,
            1.2231280474482265,
            0.5405662212530932,
            -0.11487926421327296,
            1.8227367896841484,
            -0.39022503097291705,
            0.35220673766598387,
            -0.5447085178450142,
            -0.24226313805311986,
            -0.7041041003054019,
            -0.8821214480783655,
            -0.035662126732824324,
            -0.5575691637222214
        ],
        [
            0.645588479416827,
            0.7068818234060487,
            -0.8625949674086568,
            0.16889362154727955,
            -0.3169098639463892,
            0.3443876572764585,
            0.9550840164928669,
            -1.147701519749058,
            -0.7177740811515111,
            1.496393277282853,
            0.4229566378464689,
            0.0,
            1.501845963455526,
            -0.4010198458419538,
            -0.9923558048563228,
            0.45165381973934643,
            0.8589408335100726,
            1.1313963999188752,
            0.07297890239155316,
            2.0680569163143296,
            -0.39190489907117676,
            1.7847644582669218,
            -0.7742860684594006,
            0.793352074083494,
            -0.6709736515653048,
            -1.2763855926458825,
            -1.5570556563882532,
            -0.563248856925665,
            -0.1870088836575151,
            -0.09143047320066158,
            1.2611591764495775,
            -0.3119643774057673,
            -1.2415650282627437,
            -0.5161612708230882,
            -0.9023386509168546,
            -2.0244041446270433,
            0.9473096728060841,
            0.84158228894439,
            0.6461320283358516,
            -0.25919772695039,
            -1.6358521616907182,
            -0.44494666255904886,
            -0.8739426640929694,
            0.5843054398877964,
            0.5287612111702283,
            -1.0988461424155893,
            0.19730804472426397,
            -0.4283007107577352,
            -0.5156384017502273,
            -0.46485580879473626,
            1.9502647684790024,
            0.6639895222939936,
            0.8928399055720014,
            0.5598743139727516,
            0.11261042413623003,
            -0.5142051207245545,
            -0.7784006760908081,
            -0.8095759934978993,
            -0.15822883911222302,
            -0.055204965142464646,
            -1.1122568186413844,
            1.7517295899234746,
            -1.9656631079441844,
            -2.0513143567359675
        ],
        [
            0.5254132523395327,
            -0.07049119790348991,
            -0.9395546038567242,
            -0.5054931662603852,
            -0.09890837218151104,
            -0.33794065809148943,
            -1.317087687191268,
            -0.8127804542747215,
            0.33232585723379365,
            2.00666610545004,
            0.25653399994916004,
            1.501845963455526,
            0.0,
            0.5864899914570544,
            -1.0093524443501192,
            2.8273120948818793,
            0.12026068787752281,
            0.417853547554362,
            -0.4869770493717097,
            -0.9165523814257969,
            0.2364149612998647,
            -0.11945756883591714,
            -0.8151733878873063,
            1.2599642267898665,
            -1.0728424802442982,
            -0.4494195162284705,
            -0.3991847735357904,
            -0.702349766858687,
            -0.10570712519501453,
            0.9171225707049186,
            -0.10720124164780878,
            -0.5409388834520917,
            -0.9285293017662597,
            -0.8802921544614435,
            1.2387565253946518,
            1.4046185832921885,
            0.7849916583983475,
            -0.08802905921438736,
            0.13347706376161517,
            -0.6989278383130353,
            0.2289164393895799,
            1.1177697292234974,
            0.10166604301109662,
            -0.5234273664369273,
            1.0381984433003761,
            -2.007801441809675,
            -0.873445717917367,
            0.15579814682640983,
            -1.4116384793391183,
            -0.12061106942694924,
            0.9812996572074788,
            -0.3012612592090319,
            -2.300813229660285,
            0.5382052504272997,
            -0.16694661054354457,
            0.15771385824604872,
            1.1060429959558484,
            2.534050024150961,
            -1.3395249176141462,
            -0.24317448052227855,
            -2.315276407634183,
            0.1076451377905762,
            -2.469456953450344,
            0.7005303427520102
        ],
        [
            -0.18593639094447637,
            0.9614920944715022,
            -1.0453394713865314,
            -0.6500069211353383,
            0.3389629693011592,
            0.7237558550228027,
            0.24239157180197984,
            -0.711296161675396,
            -0.03168641363640646,
            0.4081763957160221,
            -1.3772170718804855,
            -0.4010198458419538,
            0.5864899914570544,
            0.0,
            0.9323873837185437,
            0.8513193133996925,
            1.390322686836469,
            0.6095995118981367,
            1.3863955884517318,
            1.0600044935666244,
            0.3204530472850331,
            -0.6525836345595326,
            0.2988586784297612,
            0.5146707756510648,
            -1.5606083092142817,
            0.2620703516549805,
            -1.2393162278354812,
            1.4437130308224795,
            -0.907686855721565,
            -0.16445342556454848,
            0.9819276975896205,
            -0.14768145533203672,
            1.467655125032774,
            0.6858031762247542,
            -0.4821955233780988,
            0.49745870298114486,
            1.3104184702926944,
            -1.1288861927321634,
            0.3943971093841148,
            -0.5163085580916864,
            -0.2168029781451843,
            1.898063511636431,
            -0.6187039360038126,
            2.0822273304514427,
            0.1779269959393036,
            0.09908179600368906,
            -0.2560044862664843,
            -0.12711663343017457,
            -0.04191641740960252,
            0.8595472419956729,
            0.18196829908943993,
            0.8516322343158614,
            -0.22007765510904942,
            0.12080522163374896,
            -1.5253473561470499,
            2.4332265489294107,
            0.8805959714871359,
            0.13511168767452933,
            -0.3312203041047246,
            0.19022718594377253,
            -0.331304549642643,
            -0.09801269320578368,
            0.80414833108358,
            -2.1243868911306376
        ],
        [
            -0.13150943857079284,
            -0.6372424174153183,
            0.23974878011971257,
            -0.657811638109193,
            -0.9145068601508116,
            -0.8671281321670397,
            0.6467549197719364,
            0.4653615725332537,
            0.6194048094654109,
            -1.2420845763079214,
            0.11318704233143319,
            -0.9923558048563228,
            -1.0093524443501192,
            0.9323873837185437,
            0.0,
            -1.4885267350179785,
            0.365896648063121,
            -0.2623585629872943,
            1.5127396748771789,
            1.244401484003112,
            -2.558892439308256,
            0.34465632756162773,
            1.1666801088905954,
            -0.18835124214332533,
            0.8616158102687896,
            0.14504310426676326,
            -0.8327170534158118,
            1.3803083825809581,
            -0.2644512389716669,
            0.04575776516348185,
            0.9352341438070372,
            -1.196061344985471,
            -0.6976238482641869,
            -0.6804322073630596,
            -0.39603648297131716,
            0.7857554064876717,
            -0.5752590487959166,
            -0.5756455226841768,
            -1.6083264044337235,
            0.21270090593635213,
            0.8958542354149015,
            -1.434263898520011,
            1.961989273052218,
            -0.7294625556157606,
            0.2700263780413347,
            0.0738805354046747,
            -0.2833544974916976,
            -0.5639678123041323,
            -0.3610480208109183,
            -1.4437727268525697,
            0.52887443657601,
            -0.1386049068108472,
            -0.12148572960929806,
            2.1371935079544704,
            -0.928498723455373,
            -1.494349029123634,
            -0.42720448002316674,
            -0.980585321850701,
            0.09154856876188515,
            -0.18867882006863915,
            -0.8442898682208169,
            0.4320408495976385,
            -2.6356296077948693,
            0.5284791833541462
        ],
        [
            0.2899019159870624,
            1.1863878423783099,
            1.778994195884734,
            1.0738033401962983,
            0.983536804800674,
            -0.6588208430538265,
            1.3059727255446125,
            0.49010937130879717,
            0.0040303742077348725,
            -0.4737114918409838,
            -0.1194257287117987,
            0.45165381973934643,
            2.8273120948818793,
            0.8513193133996925,
            -1.4885267350179785,
            0.0,
            -1.7692161285555228,
            1.4726058108866755,
            1.0039030739614094,
            1.7399003881249568,
            1.5135391482561058,
            0.6556358958443522,
            -0.03409330504551805,
            0.07296480420323385,
            0.042931530554199945,
            -0.4684840440123446,
            -0.00302759146360408,
            0.4773576209041485,
            -0.4936246889771752,
            1.5050428393635298,
            0.45331362904648626,
            0.2509497811664727,
            -1.500775583079576,
            0.1040030611780754,
            0.889943372046053,
            1.8413640227485497,
            0.7770277789009267,
            -0.07257336982750197,
            0.07618502901187368,
            -0.8969901096178188,
            -0.5613384852972716,
            -0.10615011407165303,
            0.8086314207065622,
            -0.874370380496335,
            0.3415664274635245,
            -0.9976951026291035,
            1.49271027750752,
            -0.506662873959368,
            1.3112486561156074,
            -1.1009727956781437,
            -1.9989879771819385,
            -0.856823513274643,
            1.5431998455608003,
            -0.2874353554512188,
            0.16328132948647675,
            -0.9615971004772444,
            0.44968591277788483,
            0.5178354002669551,
            0.29394334057398996,
            0.013222096241165247,
            -0.8967745616755649,
            0.36368912719439644,
            -0.7291335721343569,
            -0.13722729876462475
        ],
        [
            -1.1248016529277756,
            1.1026191139772128,
            -2.234798638358677,
            -1.187312169916599,
            -1.2210047926693708,
            -1.338175740586433,
            -1.3873402113141537,
            -0.015601605157398142,
            0.9452754694508825,
            -1.188350655428066,
            -0.5228200893544535,
            0.8589408335100726,
            0.12026068787752281,
            1.390322686836469,
            0.365896648063121,
            -1.7692161285555228,
            0.0,
            -0.702214975022585,
            -0.14568254762904562,
            -0.573519356019146,
            0.8281793789431944,
            1.3516766740102946,
            0.12566079188123652,
            0.8423652810055844,
            0.45911488724113303,
            1.3707969270049962,
            -1.4025730977788222,
            1.2042475914203161,
            0.26165580852772596,
            -1.658303307968067,
            -0.10580710671822557,
            -3.753838752946643,
            -1.8189412352173155,
            1.3598187404425242,
            -0.14509592403350444,
            0.04109032593699971,
            0.4316300341683935,
            0.009612992411231038,
            0.43244404614123083,
            0.6298368008408742,
            -0.4683828363492553,
            -0.2637353653546488,
            1.4280277202966642,
            1.1011978806489904,
            0.5511862334227461,
            0.6257366358770485,
            0.8492806468453556,
            0.2956390029094424,
            0.009075448785206173,
            -0.3786747960794101,
            -0.16724641588510133,
            1.4192196072799792,
            -0.6633577418053863,
            0.12498871911713452,
            -1.0934604745070846,
            0.6952086885465009,
            1.0482720459151997,
            -1.1255074302470702,
            0.5267593085810643,
            0.7002228988397622,
            0.49435716321543755,
            -1.020784696581667,
            0.23814498633094872,
            -1.1855802997953777
        ],
        [
            -0.12153902056296108,
            0.645608975598712,
            -0.5697062299024428,
            -1.2262769541390328,
            -1.0779533095277312,
            -0.42231168692553606,
            -0.17731645558643297,
            0.19920528252309008,
            -2.2092821844211037,
            0.05423505358205957,
            1.0140601932356867,
            1.1313963999188752,
            0.417853547554362,
            0.6095995118981367,
            -0.2623585629872943,
            1.4726058108866755,
            -0.702214975022585,
            0.0,
            -2.186038541652902,
            1.0837335949899145,
            -0.7488168308018535,
            -2.148007732356124,
            0.6756689901255823,
            -0.12651011971332757,
            1.7849553862143879,
            -1.2705358278410446,
            0.25078048386861646,
            -0.8917519333393703,
            0.9522933117164744,
            1.441991382200786,
            -1.8928184847034213,
            0.887846499650829,
            -0.8073414277258446,
            0.5925546964188867,
            -0.7448706380444192,
            0.8460149179844794,
            -0.6626084640688817,
            0.9302817686417464,
            1.2180163131787822,
            -0.5291525298013835,
            -1.8244557583701997,
            0.454811874815002,
            -0.2678664859578324,
            -1.0036640592355732,
            2.8928439232385763,
            2.470693167611617,
            1.5751548191972957,
            -1.2987400195183385,
            0.7808186645405439,
            0.7187537958376464,
            0.24193016311802013,
            0.4041438932506077,
            -1.0429934156632217,
            2.0566646786257503,
            -1.3553676942691404,
            -1.608793788937249,
            -0.7007585478169277,
            -1.2290180251346656,
            1.478510125465797,
            0.6318166512174854,
            1.6626082235745272,
            -1.0817131035796255,
            0.8527379874968608,
            1.3989666793366715
        ],
        [
            -1.2935317500974122,
            -0.9835046126780264,
            0.2173705482091362,
            -0.7381991796200176,
            -1.4247563059340038,
