{
    "N": 64,
    "id": "1debeb1e-3831-4560-a731-2fdd0d70ab3a",
    "problem_type": "SK Spin-Glass",
    "distribution": "gaussian",
    "spins": [
        1,
        1,
        1,
        1,
        1,
        1,
        -1,
        1,
        1,
        1,
        1,
        1,
        1,
        -1,
        1,
        -1,
        -1,
        1,
        1,
        1,
        1,
        1,
        1,
        1,
        -1,
        1,
        1,
        1,
        1,
        -1,
        -1,
        1,
        1,
        1,
        1,
        1,
        -1,
        -1,
        -1,
        -1,
        1,
        1,
        -1,
        -1,
        1,
        1,
        -1,
        1,
        1,
        1,
        -1,
        -1,
        -1,
        1,
        1,
        -1,
        -1,
        1,
        1,
        -1,
        -1,
        1,
        -1,
        1
    ],
    "couplings": [
        [
            0.0,
            -0.4190416810421139,
            -0.9142244136160049,
            0.4459262510763081,
            0.8269634726544334,
            1.1410398878799322,
            0.6987060411695366,
            -1.2416088189995016,
            0.09744714792904344,
            -1.121971710145698,
            0.7379441351747721,
            1.6884482855930423,
            -0.3210874918734073,
            -0.31246997060561227,
            -0.6423455924367155,
            1.4537997727201952,
            0.35117192116133344,
            -1.296262111649757,
            -0.8850891967835981,
            0.5951325416609907,
            0.9360853550096121,
            0.8380979237311339,
            0.21410715850041032,
            -0.21233887221090392,
            -0.48128721517787965,
            1.1628763034679213,
            1.217809621441357,
            1.291818108530405,
            -0.33756875241243467,
            1.6831862610801773,
            2.17380164727511,
            -2.590269649902763,
            -0.18899861265962759,
            0.23111482871187744,
            -0.5324504101655511,
            0.11109933631321114,
            -1.7823083466238507,
            1.6280566905411404,
            -0.9366605704307707,
            0.2459703673654166,
            -1.8164872806532557,
            -0.08504104268182619,
            -0.8319869625146578,
            0.1530564781961351,
            0.44393642988666293,
            -0.5647744108693925,
            -0.4155754512905678,
            0.01755862011224883,
            -0.05115656815632534,
            -0.6378719223402419,
            -0.7076599227669144,
            0.5680630341212848,
            -0.2580442822483607,
            0.3438088683901267,
            -0.17548242279871662,
            -0.8481385911128565,
            -0.25948456237841916,
            -0.44077484548546575,
            -1.6249543419305754,
            -0.7154029943358271,
            1.0959671335698367,
            -0.5074157662397628,
            -0.16781737282176806,
            -0.17919992653765635
        ],
        [
            -0.4190416810421139,
            0.0,
            -0.04864423191806412,
            -0.7940196044265537,
            0.633142476604715,
            -0.26626242248991916,
            0.1916925187410164,
            -0.08458530645043026,
            -1.49129630955832,
            0.3272689906665791,
            -0.6444456684381205,
            -1.9338292940573103,
            1.2810971442485097,
            -1.9067558630327204,
            -0.5807912419615384,
            -1.0238122298201178,
            1.575490253291892,
            0.4262883704926917,
            0.25052783791929883,
            -2.309043852492961,
            -0.03442516326153578,
            -0.4039598570044853,
            -0.7430485695598007,
            1.422677803126501,
            0.420023296321863,
            -0.11225058856856894,
            -0.7691881348151527,
            0.4577054425842744,
            0.7671909781317453,
            -0.35818746325730316,
            0.6709512742569858,
            0.6220253377649835,
            0.330703668954642,
            0.6470753800431188,
            -0.7894028312574132,
            -0.2576059359453365,
            1.1057789390570618,
            2.7894015533983887,
            -1.8243380558192472,
            -0.3084524343248905,
            -1.2528905080833612,
            0.7384998514932447,
            -1.0490845409057699,
            -0.5574245971464754,
            -1.384323375826316,
            0.8252564682681943,
            -0.7943205768366975,
            0.5809383106041144,
            -0.42832900314656946,
            -0.143786636372781,
            1.4033792745937264,
            0.7376777544155358,
            -0.08123447964633237,
            -1.5531340627992174,
            0.23399181979503275,
            -0.8058939868092435,
            0.7504572559860437,
            -1.8679040312749766,
            0.5221924038352405,
            -0.09729902579130385,
            -0.8619843529839742,
            1.684188288085212,
            0.9991090375589181,
            0.0019019142837627412
        ],
        [
            -0.9142244136160049,
            -0.04864423191806412,
            0.0,
            -1.0985973697180818,
            0.6649696083339424,
            -0.9502552035709326,
            -0.4063223241324133,
            -0.7509622614738641,
            -2.0760621211771824,
            -0.6239877735662323,
            0.19111938102024226,
            -2.5006638361400295,
            -0.27052192126201036,
            -0.5666903418943751,
            -1.5871060782729172,
            -0.39349750362269736,
            -0.11796641243038256,
            -0.3008410561743666,
            0.3637032434902208,
            1.0010470494652537,
            -0.5314066558255732,
            1.7045002141314625,
            0.7306659229357806,
            0.3574947960132814,
            -0.2656657007044894,
            -1.4671859520930846,
            -0.7683981676413243,
            -1.3023624924103607,
            -0.8888312648442751,
            -1.237110859595681,
            -1.1902843829744485,
            -0.20581099718517448,
            -0.5731734374215124,
            -0.39997757429954195,
            0.8201342248120882,
            0.689993572306735,
            -0.4569324117037881,
            0.7994730692012969,
            0.5994378719162532,
            0.14108450211864795,
            0.5281320470221845,
            1.2889606879411857,
            -0.17581126306168343,
            -0.2482152914236454,
            -1.460911045226326,
            -0.19107024351983373,
            -3.8265710609680634,
            -0.022161434057352648,
            0.05397977917449919,
            -1.1902819240864493,
            0.16757762424940642,
            -0.25814032707674367,
            0.9774240314377517,
            0.19853709691801893,
            1.6999360277652587,
            -0.7830818378397572,
            -0.6431267182618624,
            0.28207093384088117,
            2.156049230150517,
            -0.9555073466466976,
            2.882521762248675,
            0.3540862355960881,
            -1.027123682546578,
            -2.3254716535995916
        ],
        [
            0.4459262510763081,
            -0.7940196044265537,
            -1.0985973697180818,
            0.0,
            -0.4229624706997371,
            -0.14392931609206155,
            2.918707432725924,
            -0.6111659985850488,
            0.14564492207330174,
            -0.6101911653021334,
            -0.10169091002929762,
            1.5494036489432075,
            0.3927319757000737,
            -0.23090094673351777,
            -0.6151299385090577,
            -1.2324414430938329,
            0.6229523223914031,
            -1.680043035551034,
            1.362441447378631,
            -0.47055566956643885,
            -1.0099390092368754,
            0.5997618510220686,
            1.478503141886615,
            0.13059062612566416,
            -1.264598410550577,
            0.47484165788832094,
            0.3795650842202272,
            0.1712826188884069,
            -0.43486488949502305,
            -0.049221435698944264,
            -0.8504647641097695,
            0.6791615854652573,
            -1.727077872548791,
            -0.583678596136619,
            -0.6615881624198642,
            -0.23376303401360238,
            0.1455797212509118,
            -1.1193698313426332,
            -0.892594004285939,
            1.6442558045270268,
            -0.3107390736303083,
            0.21638083808147907,
            0.2138794109502476,
            -1.2769559235801946,
            1.1220907206985025,
            -1.0762040620452709,
            0.012322835621969832,
            -0.635828043206889,
            -0.31262479696863915,
            0.6557991970729466,
            0.3226945493739215,
            3.5558267593192463,
            0.5798901626217036,
            -2.4363080803128834,
            -0.7161061988776289,
            0.33974668701080524,
            -0.045984089584763965,
            0.2532102632405839,
            0.06074387353701997,
            0.8505336248643472,
            -0.19910627173924939,
            1.6099323813109034,
            -0.16315060263141534,
            0.6390992369595666
        ],
        [
            0.8269634726544334,
            0.633142476604715,
            0.6649696083339424,
            -0.4229624706997371,
            0.0,
            1.1956392837146161,
            0.19138927200364877,
            1.6540394284897573,
            -0.4738543865106494,
            0.6372137254222908,
            -1.5548396654728114,
            -1.1260549002152969,
            0.16500469079724836,
            1.6157210825088184,
            -1.9003353341340818,
            -0.2648875304022814,
            0.6777221152713565,
            1.3728604136497373,
            -0.15130887869836498,
            0.5047000003453725,
            -1.7144068155861072,
            -0.676726111600605,
            0.6866118075301696,
            -1.6282022213010674,
            -0.280455973032994,
            2.121401202359521,
            0.27450308227684617,
            -0.6350217320430087,
            -1.8012679946526486,
            1.403899521163257,
            -0.492022919786865,
            0.4589363508814282,
            1.2982994106664973,
            -0.05766983600169569,
            -0.5563413207365534,
            -0.12144599703613773,
            0.48970702643196146,
            1.5076639201479283,
            1.898201126773903,
            -0.608098627356418,
            0.5466423205071694,
            0.285420441136869,
            2.406798533490085,
            0.6566367110599289,
            0.6165114089099387,
            0.41938489225677117,
            -0.5463066810059163,
            0.5047378675322112,
            -1.451354528900111,
            0.4669299540168602,
            -0.15264482341026003,
            -0.3559063581203349,
            0.6093651437642107,
            -1.5782110572848793,
            -0.29295114062617217,
            -1.1770950401686104,
            0.6212897661594007,
            0.013218601762646215,
            1.0044982686471724,
            0.300945571087686,
            -1.057608464979381,
            0.5115393561403304,
            -1.3526693956978468,
            -0.7106782094807741
        ],
        [
            1.1410398878799322,
            -0.26626242248991916,
            -0.9502552035709326,
            -0.14392931609206155,
            1.1956392837146161,
            0.0,
            -1.8635030356334168,
            -0.05237523414936582,
            -1.25905083497749,
            0.9788370916585388,
            -0.25677839230383526,
            0.7664412034872173,
            0.7270338396482093,
            -0.8934814897976922,
            -0.7521607137719766,
            -1.3811847410390456,
            -0.25886367672003485,
            -1.360819131594829,
            -0.1295884978753241,
            0.20352813791970578,
            -0.18606653521126726,
            -1.2654412075534218,
            -0.49296912760590894,
            0.006615360288127619,
            -0.6162534707340465,
            -0.15363132904024362,
            -0.06350222660518084,
            2.8856005932619446,
            -0.11860174307806315,
            0.7201073835978385,
            0.35604365642122265,
            -0.6484712156402,
            1.9928254831883867,
            -0.1504207989708552,
            -1.728987363120362,
            -0.3623684598891113,
            0.19275703308160821,
            -0.9378541230388019,
            -0.4854824313347726,
            1.8192051924655546,
            -0.41398819219763333,
            -1.2266878491884539,
            1.5710429289321313,
            0.29475109286502454,
            -2.2040043691191373,
            0.6975921519603151,
            0.9946130436520181,
            -2.287352877529026,
            0.26680158833432094,
            0.352590416841748,
            -0.40474493319418803,
            -1.1525698082790372,
            -1.0563978163686485,
            -0.2663543765240799,
            -0.2939354918802852,
            0.4125286514353737,
            -1.0348732410062502,
            0.5439581583528834,
            0.3545634600033761,
            0.6218931538438209,
            -0.2350597499115515,
            -0.24275533638946223,
            -0.7049511647867059,
            0.6244414628684809
        ],
        [
            0.6987060411695366,
            0.1916925187410164,
            -0.4063223241324133,
            2.918707432725924,
            0.19138927200364877,
            -1.8635030356334168,
            0.0,
            -2.6992252632629508,
            1.555708508437462,
            0.5973692994849353,
            -0.08544410897202705,
            2.414897354404564,
            -0.12368475201170415,
            -0.3107046842857264,
            1.3462023516634056,
            -0.240369611815544,
            1.1146575510875576,
            0.0024780398262087633,
            -0.9969555641433658,
            0.9565422414544983,
            -0.2314929505887572,
            1.2566401673725307,
            1.553457899913183,
            -0.9208219915071792,
            -0.763040296956935,
            -0.4698926246708445,
            1.2564104452551565,
            1.690406388328683,
            -0.6711570717279675,
            0.8913299880037475,
            1.0262555784283407,
            0.5512439141524131,
            0.5010040484327937,
            2.130931816210931,
            1.102936975420675,
            0.09947073601491299,
            -0.27969496108539377,
            0.06247101733228212,
            1.2254807428071441,
            0.8100721805036731,
            1.2961898155098515,
            0.2005704542875813,
            -0.18422550444897492,
            -0.7764142699330021,
            1.6754124466389813,
            0.7730760196672046,
            1.692977288505916,
            0.3947030217104767,
            -0.18376690368067372,
            -0.8479422795371712,
            -0.4957963819651818,
            -1.118658105481119,
            -0.5360686413308857,
            -0.758499321044573,
            0.02229899814342514,
            -0.00366868940033183,
            0.8054354443268971,
            0.09888701776988337,
            2.403398058168078,
            0.6213282586373912,
            1.044724491780921,
            -0.24242027240884007,
            -0.0595797019191937,
            -0.04322263997005721
        ],
        [
            -1.2416088189995016,
            -0.08458530645043026,
            -0.7509622614738641,
            -0.6111659985850488,
            1.6540394284897573,
            -0.05237523414936582,
            -2.6992252632629508,
            0.0,
            -1.3558773786311895,
            1.4961560977310397,
            -0.15879037022721806,
            0.5904917908905629,
            -0.8064424812031605,
            -0.35739682541949364,
            -0.777446506267675,
            0.09715578740750914,
            0.31547668763987613,
            -1.4686750345434483,
            1.3228979429755814,
            0.20811118361777242,
            1.5441913117585906,
            -0.2216168025650975,
            1.0021145981793096,
            1.3555153311543962,
            -0.48537456092933995,
            0.7324331447642679,
            -0.05280436001003792,
            -1.2933060026323315,
            -0.5483545462233559,
            0.8331293346058323,
            -0.14285196926983385,
            0.6049944709827927,
            -1.3697374300264502,
            0.9118214826299255,
            1.9677789780822892,
            -0.1334836756812782,
            -0.0012108444452708616,
            0.9078812996395307,
            0.5886978963457971,
            -0.7035476074665722,
            -0.47649423565900373,
            -0.2809382508453538,
            -1.7517357599655428,
            0.2547329347321446,
            0.34934610598913873,
            -1.3569492535706091,
            -0.46300128673469837,
            0.16057293361913988,
            0.13503597944166618,
            -0.10989209182948081,
            -0.10112916284533682,
            -0.40854306555944153,
            -2.0761134997306376,
            -0.5509001721787471,
            2.4125727955757603,
            -1.4551204257250683,
            -0.5528153254689999,
            0.22730696802505126,
            -0.8714982340219305,
            0.769483636453894,
            0.7858136397955275,
            0.1311226828875411,
            -1.5704161488049753,
            2.2807628414409873
        ],
        [
            0.09744714792904344,
            -1.49129630955832,
            -2.0760621211771824,
            0.14564492207330174,
            -0.4738543865106494,
            -1.25905083497749,
            1.555708508437462,
            -1.3558773786311895,
            0.0,
            1.0913465651047312,
            0.7118389251063387,
            0.3574876629493652,
            0.3800327564286116,
            1.0185017853028544,
            1.0911703467804974,
            0.23434099575629377,
            -0.19980219263432403,
            -1.1534256863226662,
            -1.2358337476932435,
            0.2690017404565624,
            -1.5728377779697207,
            0.3260350269183898,
            -0.6108459634733944,
            -0.7324988974316924,
            -0.44274208748564686,
            1.068337690774288,
            0.9385096550351346,
            0.08078043144533607,
            0.461779017973482,
            1.077580469200261,
            -0.13161642766334788,
            0.7241728781502689,
            -1.6422034401618613,
            0.9067966253457874,
            0.1966671788259858,
            -1.2883584596150812,
            -0.17906876112544856,
            0.6540261731356156,
            -0.6331763186977944,
            -2.277715644229326,
            0.1644462756685397,
            -1.2681919337818812,
            1.4279426917914648,
            -0.6200112075348373,
            -0.5999864981409738,
            0.2546625358932289,
            0.15038456917405502,
            -0.9201480811753213,
            -0.9179091317990993,
            1.3577957869505546,
            -0.2028342396015118,
            0.1934847719182424,
            -0.07401885181677542,
            0.07062023151090326,
            0.7685466442347788,
            -0.34557704209240303,
            -0.4597918157500479,
            -0.7653316921130667,
            1.4713421742724242,
            0.06176975581907386,
            -0.11316095027661568,
            1.161904311965947,
            0.32763838608191526,
            1.697185987564715
        ],
        [
            -1.121971710145698,
            0.3272689906665791,
            -0.6239877735662323,
            -0.6101911653021334,
            0.6372137254222908,
            0.9788370916585388,
            0.5973692994849353,
            1.4961560977310397,
            1.0913465651047312,
            0.0,
            0.9460762934185682,
            -0.3967016452788569,
            1.9344690640847202,
            0.5099911170935363,
            -0.7528125890021706,
            -0.8666904046685308,
            0.4985012971539817,
            -0.12887560878011525,
            -1.1168764829071298,
            0.9521431446881912,
            -0.5463439224781492,
            0.9770992286868442,
            -0.2975267598450881,
            0.6539390623941461,
            -0.675521564415877,
            2.0252332119892906,
            -0.4314215838600934,
            0.4227193379036458,
            0.9141619572396219,
            -0.9796660683571531,
            -0.821894483987611,
            -0.1150084657690011,
            -0.8878047524946245,
            -0.21494219750372714,
            -0.30215544845726494,
            -0.28276095538922785,
            2.548959104561341,
            0.8160549210721956,
            -0.07412043404385295,
            -0.454040121615619,
            0.19048713973206774,
            -0.06288326569894843,
            -0.7218297953039535,
            1.1350768072244461,
            -1.7059745556091797,
            0.7354390110730809,
            0.21221516812733346,
            0.627514085763298,
            -0.5846105877080697,
            -0.4961932977257602,
            1.5800270770612417,
            -1.0256445790589497,
            0.7297265562024785,
            -0.65646892245324,
            2.000133523885818,
            0.4813739869147038,
            -0.9428936851114831,
            0.3200105177702657,
            0.7035748321693389,
            -0.27960499773496394,
            -2.2029799742473126,
            -1.7715305302957158,
            -1.148741754110075,
            -1.0266203167999852
        ],
        [
            0.7379441351747721,
            -0.6444456684381205,
            0.19111938102024226,
            -0.10169091002929762,
            -1.5548396654728114,
            -0.25677839230383526,
            -0.08544410897202705,
            -0.15879037022721806,
            0.7118389251063387,
            0.9460762934185682,
            0.0,
            -0.7127798285482424,
            0.1195265110726733,
            1.062715821948236,
            0.6485854438512908,
            -2.8405761780993894,
            0.893966698541301,
            -0.04287665178536773,
            3.1603443106863605,
            -2.3177545526983607,
            -1.4895217599370965,
            -0.3640823668513686,
            -0.28508293797643824,
            -0.9050297984741609,
            -0.25149863281353596,
            0.3962373653972419,
            2.3715337729790353,
            -0.5636282775567627,
            -0.4819981045484066,
            -0.6651431857764385,
            0.20858011699760887,
            -0.4903609644602622,
            0.7179646968224408,
            -0.15370394885920038,
            -1.1937633424139786,
            -1.3523605284099247,
            1.0335706314217696,
            -0.09650766396837021,
            0.19203761305080919,
            -1.3230175338796282,
            -0.28703704066564906,
            0.6749195706085791,
            1.5710960652113544,
            0.4565867132311137,
            -0.10539942930955114,
            0.640747396915773,
            0.6282804807560266,
            -1.0752010973796238,
            -0.19312744090691528,
            -1.2776768062992732,
            -0.37461577155415493,
            -2.5285829895363334,
            -1.286950789509247,
            -1.1680047463902732,
            -0.9905431679039929,
            -0.6060102484096247,
            -0.8878160893938969,
            1.491281059228044,
            -1.0371897935284915,
            1.1593523972217732,
            0.47966420561370976,
            2.3047072506756754,
            -0.38761608839076644,
            -0.30802197312256846
        ],
        [
            1.6884482855930423,
            -1.9338292940573103,
            -2.5006638361400295,
            1.5494036489432075,
            -1.1260549002152969,
            0.7664412034872173,
            2.414897354404564,
            0.5904917908905629,
            0.3574876629493652,
            -0.3967016452788569,
            -0.7127798285482424,
            0.0,
            0.3525480964691332,
            0.6148704557581708,
            0.6733583408417622,
            1.643767013947775,
            1.5521628918141899,
            1.8506425801973099,
            -0.4539112286414308,
            -0.41310608434793206,
            0.7258243571814265,
            2.640148965064407,
            -0.9024275699420634,
            0.24122003085994081,
            0.020569781577085333,
            -0.566615262716811,
            -0.6339453130931822,
            2.3502120842857326,
            -1.0452264196493606,
            -0.8308791409449469,
            0.08368583471443737,
            0.799045998176283,
            -0.9676867014055642,
            -1.441019756706064,
            0.1276012217062453,
            -0.049506414630570046,
            -0.08592857509935319,
            0.013047225269425033,
            2.0274360213383087,
            1.256671354099465,
            -1.9383083328418762,
            0.43960755096248433,
            -0.7603574434052522,
            2.0456415013957985,
            -0.8797523350545828,
            0.8715523557446847,
            -1.3142696222740289,
            0.5885659863981222,
            -1.2651205073585035,
            0.3958817513355083,
            0.7362386517969263,
            -1.3408520940114548,
            1.5198161951790454,
            1.702155175285944,
            -0.12431087254704891,
            -0.52482803379769,
            1.2893792788681695,
            1.0692319361666545,
            0.9801689148017395,
            -0.3486372337799444,
            -1.3388097012304159,
            -0.523202918334976,
            -0.42536662044563595,
            0.1200998737598015
        ],
        [
            -0.3210874918734073,
            1.2810971442485097,
            -0.27052192126201036,
            0.3927319757000737,
            0.16500469079724836,
            0.7270338396482093,
            -0.12368475201170415,
            -0.8064424812031605,
            0.3800327564286116,
            1.9344690640847202,
            0.1195265110726733,
            0.3525480964691332,
            0.0,
            -1.1333780837561183,
            -1.0392101543613346,
            -0.030849953235644892,
            1.8752259910501092,
            -1.3083876434889543,
            -1.8794361910137058,
            -0.6612514459110498,
            -0.8353899474039105,
            0.1145010474864168,
            -0.48027839585854565,
            -1.1631046866107972,
            -2.0379004455958167,
            0.6204321950350117,
            -1.3017538098016057,
            -0.5891638523002971,
            -1.575825673337828,
            0.8260327065150805,
            1.672192027935261,
            0.7002025680041811,
            0.957604262640369,
            0.1687564209209296,
            0.8331487280048877,
            1.1940681829174118,
            -1.3276595704535883,
            -1.0668410134824629,
            0.004413474923467354,
            0.4800642459006415,
            0.9257038763875061,
            -1.5413815442055248,
            -0.9214181198729195,
            -0.7821241073025273,
            -0.5496627339080119,
            0.6500984134156736,
            -0.004141363732123511,
            1.1567417423850839,
            0.8961874267907213,
            -0.37869508489832576,
            -1.1092568641008729,
            -0.7108446669951666,
            -1.714303550425283,
            1.3712595921003123,
            -0.11632955894797585,
            0.039890954466019535,
            -0.4843836561395431,
            0.10728463708698432,
            -1.9567898231035712,
            -0.16730955784792212,
            -1.1335244465896581,
            -1.087357487984871,
            0.5167123813400777,
            1.1324055444601002
        ],
        [
            -0.31246997060561227,
            -1.9067558630327204,
            -0.5666903418943751,
            -0.23090094673351777,
            1.6157210825088184,
            -0.8934814897976922,
            -0.3107046842857264,
            -0.35739682541949364,
            1.0185017853028544,
            0.5099911170935363,
            1.062715821948236,
            0.6148704557581708,
            -1.1333780837561183,
            0.0,
            -0.6242729918298822,
            -1.4306760396017209,
            -0.17346232909870976,
            -2.5694922164455423,
            1.028500384704113,
            0.8709538451191398,
            -0.729529206836263,
            1.5829900966587518,
            -0.03561715922407813,
            -1.1005307171657135,
            -0.18683770203904143,
            -0.07704843104487877,
            0.9144665965164926,
            -0.7696547464765079,
            2.376150072572485,
            -0.7143315471774413,
            1.4230145865198063,
            0.33387256061110804,
            -0.7722803999415667,
            0.44366060911163435,
            -0.13730800102280466,
            -0.739187247612946,
            0.8386717238943169,
            -0.8386102253673877,
            2.239047651956243,
            -2.354972683753905,
            2.2803005715228197,
            -0.20398744328169513,
            0.7358815777221008,
            0.5782811080280231,
            0.43504835174900663,
            -1.341174398785389,
            1.1635197141290556,
            -0.12242465172696299,
            -0.1914507931263692,
            -0.018439746276888783,
            -0.3318915574137383,
            0.72223050807421,
            0.30839203228347073,
            -1.150580718237238,
            -0.8751690479606614,
            -1.9584597633345513,
            1.8999731251098235,
            -0.3413641489192622,
            0.26052173626452824,
            -1.348434324660073,
            0.9558045800417004,
            -0.16320106372580453,
            0.08176840912992259,
            1.413528924106758
        ],
        [
            -0.6423455924367155,
            -0.5807912419615384,
            -1.5871060782729172,
            -0.6151299385090577,
            -1.9003353341340818,
            -0.7521607137719766,
            1.3462023516634056,
            -0.777446506267675,
            1.0911703467804974,
            -0.7528125890021706,
            0.6485854438512908,
            0.6733583408417622,
            -1.0392101543613346,
            -0.6242729918298822,
            0.0,
            0.7327473576606525,
            -1.202515633664604,
            -0.7655939251921781,
            1.7934357390536053,
            -0.7590145076243853,
            0.7708165278214757,
            0.6007415940533025,
            -1.3165768334135948,
            -1.697999304315276,
            -0.7575432613156808,
            -0.022847055540193836,
            -0.3128242702964784,
            0.10121027575608668,
            1.0619276957794535,
            -0.8496624173287407,
            2.2394232965931082,
            0.6659261921894282,
            0.3031605636810726,
            0.31221849999196316,
            -0.824958946752083,
            0.9026214429125434,
            -1.404637959757997,
            -0.24985124625868074,
            -1.3676517316199397,
            -1.4024477461305291,
            -0.1612434312299933,
            1.7534046126246927,
            0.44080624623597964,
            1.361117383344182,
            0.485715132568125,
            0.6579363356567696,
            1.0952648446304047,
            1.1387919253728542,
            -0.14694678252400983,
            1.5030590753568749,
            0.3172107686599127,
            -0.7132072667602699,
            0.517109613939116,
            1.0273913332785167,
            -0.35463040505736676,
            0.5027619793450481,
            -0.24578569326912292,
            0.3491454311027058,
            0.5947623544864319,
            -0.7585816262313085,
            1.2189154026535634,
            0.27724088338268515,
            0.4133543006463232,
            -0.7624504327651019
        ],
        [
            1.4537997727201952,
            -1.0238122298201178,
            -0.39349750362269736,
            -1.2324414430938329,
            -0.2648875304022814,
            -1.3811847410390456,
            -0.240369611815544,
            0.09715578740750914,
            0.23434099575629377,
            -0.8666904046685308,
            -2.8405761780993894,
            1.643767013947775,
            -0.030849953235644892,
            -1.4306760396017209,
            0.7327473576606525,
            0.0,
            -0.5040706515627572,
            -0.700638544814453,
            -0.0052750373537030805,
            0.14853460060126097,
            1.0269069496617544,
            -0.2509826410464187,
            0.9434137606332477,
            -0.9400320304607003,
            -0.5810121619153378,
            -0.598914568791957,
            1.2624409185044139,
            0.0563797525773625,
            -1.6444653719053284,
            -0.7398943926130853,
            -0.14397321924240294,
            -1.6641460188939239,
            0.5913829419120427,
            -0.3165301780771687,
            -0.9853925643687338,
            0.28017913575565384,
            1.13161855712007,
            -3.1524366493519898,
            -0.05971943294131649,
            0.6809701996182974,
            0.006467085962600538,
            -0.9118147263086167,
            -0.16700636816602354,
            0.4181722377758829,
            -1.5486874235715555,
            0.5249018907647978,
            -1.1171022522677483,
            0.18993054163847753,
            0.25338740196388526,
            -0.8858863927660481,
            -1.5180969829848177,
            -0.2812389079421889,
            1.2384080263094357,
            -0.006273274185242971,
            0.4941352233006851,
            0.05305076603101607,
            -2.5872176673867107,
            0.42529245628285933,
            1.131199734393352,
            -1.1975265710647118,
            0.07862511503073215,
            1.0200266088626428,
            -0.4046939682127263,
            -0.6536540694399235
        ],
        [
            0.35117192116133344,
            1.575490253291892,
            -0.11796641243038256,
            0.6229523223914031,
            0.6777221152713565,
            -0.25886367672003485,
            1.1146575510875576,
            0.31547668763987613,
            -0.19980219263432403,
            0.4985012971539817,
            0.893966698541301,
            1.5521628918141899,
            1.8752259910501092,
            -0.17346232909870976,
            -1.202515633664604,
            -0.5040706515627572,
            0.0,
            -0.7223630240992192,
            0.6206930823117166,
            1.2814518360915164,
            0.5779051965933587,
            -0.3801397030673142,
            0.1278138792945117,
            0.6067585535232749,
            1.7054673775420373,
            -1.4784548872695855,
            -0.0017585247976244554,
            0.4466075497485094,
            -1.6419620596758875,
            0.23156675079148567,
            1.2295678339686336,
            1.1612117440076186,
            0.3456514330537079,
            -0.3891558510336553,
            0.18504964037593483,
            -0.2629029253880773,
            1.0347371368448466,
            0.748314957030796,
            -0.45801624423816084,
            0.3224995387929688,
            1.848660721905788,
            -0.798506125028864,
            0.5202117935381817,
            1.2465120214217937,
            0.6881693901410831,
            -0.7313183279722324,
            0.8315876990506774,
            -1.2978229167584427,
            -1.480843450282574,
            0.8531959567013523,
            -0.25615943012887016,
            -0.3407245948962058,
            0.5429685804723668,
            0.39417519342301977,
            -0.22956212375460108,
            0.36180409924657864,
            -0.7979166544813775,
            -0.24786719814252953,
            -0.42958065287498853,
            0.8121385286528316,
            0.6688684234204041,
            0.08532030201698583,
            1.2747875147500463,
            -0.6603660526588474
        ],
        [
            -1.296262111649757,
            0.4262883704926917,
            -0.3008410561743666,
            -1.680043035551034,
            1.3728604136497373,
            -1.360819131594829,
            0.0024780398262087633,
            -1.4686750345434483,
            -1.1534256863226662,
            -0.12887560878011525,
            -0.04287665178536773,
            1.8506425801973099,
            -1.3083876434889543,
            -2.5694922164455423,
            -0.7655939251921781,
            -0.700638544814453,
            -0.7223630240992192,
            0.0,
            0.013098101019507393,
            -1.2135071851371313,
            -1.8406149109766483,
            -1.3277301064034006,
            -0.08059890137315878,
            -0.5179020810774422,
            -0.599458412940591,
            2.0438625003834265,
            -0.0016530412293219554,
            -1.2354060272384413,
            -1.2907026594116215,
            1.6906554346800964,
            0.9093332285201698,
            -0.3837653965695951,
            -0.6933530784535552,
            -0.3257011222710372,
            1.586788879087737,
            -0.6625152398780276,
            1.8731857495141793,
            -0.015111896020292762,
            -0.41543914699016143,
            1.1055078269285767,
            1.410595336971414,
            -0.3051887408378315,
            0.5554720297085143,
            0.7023226720877032,
            0.05881244928997014,
            -0.6812167864543996,
            -2.2793097476185036,
            -0.7675457322475234,
            1.1883369368689534,
            0.2707786157147498,
            -0.8407870604607164,
            0.5528987633781061,
            -2.084202522823036,
            -0.0994028754438263,
            -1.2922185925502434,
            -0.7121043836647506,
            -0.25797098957693654,
            -3.0782383512300435,
            -1.7751470902755362,
            -0.8650133216530719,
            -0.25632173448978274,
            -0.6080807642282453,
            0.2809877747933535,
            0.04613998619504748
        ],
        [
            -0.8850891967835981,
            0.25052783791929883,
            0.3637032434902208,
