{
    "N": 64,
    "id": "576bcb35-afeb-4972-b8d4-623492455eec",
    "problem_type": "SK Spin-Glass",
    "distribution": "gaussian",
    "spins": [
        1,
        -1,
        1,
        -1,
        -1,
        -1,
        -1,
        -1,
        -1,
        -1,
        -1,
        1,
        1,
        -1,
        1,
        1,
        -1,
        1,
        1,
        1,
        -1,
        -1,
        -1,
        1,
        -1,
        -1,
        1,
        1,
        1,
        -1,
        -1,
        1,
        -1,
        1,
        -1,
        1,
        1,
        1,
        -1,
        1,
        -1,
        -1,
        1,
        1,
        1,
        1,
        -1,
        1,
        1,
        1,
        -1,
        -1,
        -1,
        1,
        1,
        -1,
        -1,
        -1,
        1,
        -1,
        1,
        -1,
        1,
        1
    ],
    "couplings": [
        [
            0.0,
            -0.2766179296475649,
            -2.00577942004074,
            -1.1185212402357847,
            -0.3144734050507447,
            -0.5368915625076642,
            -0.6751754481669849,
            1.37534680745061,
            -0.15414511167213152,
            -0.7663060737779746,
            1.2477295524814591,
            -0.0996148766429927,
            1.2549663097803834,
            0.7009146778498795,
            -0.2581384699798241,
            0.9388274520818519,
            0.16547915824337336,
            0.7427622213715547,
            0.34737673001671626,
            1.0702815947024418,
            0.7978377658087868,
            -0.14024793063082452,
            -0.9175835951539265,
            -0.9115073005447599,
            0.07593749476889128,
            1.4234936011773434,
            0.08915509963771068,
            1.4185250113818724,
            -0.3441212292162442,
            1.0165208959797405,
            1.6790048942680484,
            1.7848037793093086,
            -1.1958004812863396,
            -0.6248242543250518,
            0.8526959513441686,
            -0.7300866277650276,
            -0.8823972638835283,
            0.015302196605712257,
            -1.1644645613835582,
            -0.46681736722001205,
            -1.45880206632724,
            -1.2821394336876266,
            -2.028854070003824,
            -0.9519616090538191,
            -0.30069524926181845,
            1.0578050045656027,
            0.20202461147996928,
            -0.25289258510832907,
            -0.26457662273064575,
            -0.47158060737575497,
            -0.07642011726860641,
            -0.8151296911269701,
            0.7145922642247751,
            1.1290131351588182,
            2.126535788315121,
            0.6387715064517785,
            -0.41615332340580413,
            -1.2060172901252129,
            0.48681761090390885,
            0.4590131443153089,
            0.5032934134613187,
            -0.13056537075594318,
            1.9511739233679886,
            1.183875306778587
        ],
        [
            -0.2766179296475649,
            0.0,
            -1.1130414917883418,
            -0.17210528281070994,
            1.4446071418699933,
            0.9142483612541509,
            -1.256324480960099,
            1.4865014652616122,
            -1.414955711046732,
            -0.7331810111105486,
            0.9201011662374214,
            -0.4117984573021009,
            1.0898618049434636,
            -0.6199695553390442,
            -0.07265979436314966,
            -0.5731450478944742,
            -0.24894802437500235,
            1.5499261878065829,
            -0.19593448811401046,
            0.7153351182333749,
            -0.5284544567170892,
            1.6771817136616678,
            0.7992031516977494,
            -0.4239459389528681,
            0.47301302268814127,
            -1.0910035207526305,
            0.159861360918513,
            -0.8169366139464468,
            1.345273412867397,
            1.7202134576529264,
            0.5643748488819835,
            -1.793680261410304,
            -0.6476246184457772,
            -1.0850499695492588,
            0.634086009475175,
            1.44258899771825,
            -0.8665261184951873,
            0.6561988048297375,
            -1.0938339832705257,
            1.1234274422552313,
            1.7999522143529998,
            0.8139166979152553,
            0.6393892778154843,
            -0.05689025404204327,
            0.0018764636429960417,
            1.2362291750127146,
            -0.5413558746167075,
            1.5606476804088971,
            1.175957035363358,
            -0.6264404752166505,
            0.3064288284574185,
            0.38398422421575995,
            1.0500907268798751,
            1.7574554156976678,
            -0.6129197725640364,
            0.01945794411115796,
            -1.8766892304212677,
            -0.48325113302517586,
            1.5272979195722654,
            0.500374013962617,
            -1.52229597052404,
            0.7098112704809024,
            0.21836242706506037,
            0.7217853170383782
        ],
        [
            -2.00577942004074,
            -1.1130414917883418,
            0.0,
            -1.595354891742226,
            -0.27056603781883154,
            -1.2486559270215247,
            -0.8897196292509398,
            1.5083216580022014,
            -1.0326315403170025,
            0.17062630980276022,
            0.8015445408290667,
            0.2936833515237165,
            1.1649357715819753,
            0.8448016208941942,
            0.36566009853419157,
            1.223322072967842,
            -0.30029732123250763,
            -0.24233212626213738,
            -0.720173912660448,
            -0.9462680440461765,
            0.4230440290914482,
            1.123446038713962,
            -0.7523897501780885,
            -1.1096731602849284,
            1.2106522050737338,
            1.4435060816071383,
            -0.7876010041163758,
            0.6372253392584782,
            1.5561797442471104,
            1.7073600840983272,
            -1.3381578517678643,
            -0.08735497867932202,
            0.7917659423824536,
            -0.500180766810195,
            0.20370239482414773,
            -0.4410450096150113,
            1.3457410245467551,
            -1.8228948786416972,
            -1.9840441981144774,
            2.260661713846583,
            1.1568992647225187,
            0.2851782548356425,
            0.16025618563195268,
            0.20822654370767285,
            0.6574942039282524,
            -0.22460742112058002,
            -0.8867986982125807,
            -1.549463849629057,
            0.12769817885165466,
            -0.1345425049797642,
            0.7673219849925244,
            -0.7422792507100573,
            0.1995672653971886,
            -0.9135672956493776,
            -0.006029970517981545,
            -0.036609779651248994,
            0.40705421313732526,
            0.258265175424132,
            1.4234681149606339,
            -1.3373639918354014,
            1.2318111938505205,
            0.618783550939405,
            -1.1209068741045203,
            -0.8742280570418272
        ],
        [
            -1.1185212402357847,
            -0.17210528281070994,
            -1.595354891742226,
            0.0,
            -1.1224055259743964,
            -3.049856567263894,
            0.7878622836949132,
            0.4279517676296619,
            0.5331547225263442,
            -0.3157785286433354,
            -0.6633619224125303,
            0.3549811232112773,
            -0.5060190558507801,
            -1.8005466912376322,
            0.3943893285660534,
            0.6302804362796015,
            0.3148891569153437,
            0.4093654186818011,
            -0.6850325490558181,
            -0.6868017271155522,
            0.753982986990062,
            -0.5405595140202999,
            0.6968457090346283,
            0.83801868385215,
            2.2687869830977334,
            -1.7242842335678599,
            -0.9786101699882788,
            0.9528042588801541,
            -0.1446796704384845,
            0.7886290545713555,
            1.1579640147185901,
            1.0038142983027902,
            0.034437990529611336,
            0.858751191518361,
            -0.5425729297510644,
            1.4448135927834196,
            0.35134123724352,
            -0.27471728000525975,
            -0.6858151922784608,
            -0.3536573418704185,
            -0.3359299152202148,
            0.18347201856280276,
            -0.5705252291152125,
            1.8735439651294465,
            -1.5670751611311438,
            0.41089439271978795,
            0.7690971583028424,
            -0.6436928913780342,
            -1.5276128812285732,
            0.6197626760361944,
            2.113194911688218,
            0.7687119027355667,
            -0.5625127725975512,
            -0.2352187553677613,
            -0.6871640597605063,
            -0.10142540678858993,
            -1.6068766741578795,
            1.513191729091276,
            -0.38971024149228584,
            1.1476236664094916,
            0.38100456313906766,
            0.1286145506371699,
            0.9351354367583334,
            -1.5495717002020033
        ],
        [
            -0.3144734050507447,
            1.4446071418699933,
            -0.27056603781883154,
            -1.1224055259743964,
            0.0,
            -0.437934344088414,
            -0.6835610723029291,
            -1.4218101011450637,
            -0.21750563532337694,
            -0.6791787471453162,
            -2.282120645783676,
            0.13144335647494082,
            -0.10148369568209002,
            -0.785122304768717,
            1.4592281344711089,
            0.6386428268028628,
            -1.1419432544058377,
            -0.4308140848684958,
            0.6231312434177856,
            0.6893628460213649,
            -0.3701496988663864,
            -0.24051557831249842,
            -0.2076385276412359,
            -0.8251319188047744,
            0.3992581409471135,
            0.8524788867266475,
            1.1086201510185711,
            1.9316301590153462,
            1.3725093630226997,
            -1.666569172145935,
            1.669361619607197,
            -0.3431675423499983,
            -1.4372966004414773,
            -0.8178294064587811,
            1.9704471388373834,
            -1.1210636370314702,
            -0.2592062507591346,
            -1.4025887892468212,
            -1.2424462412046944,
            0.946916893028094,
            0.5525985659851171,
            -0.09210312937530778,
            -1.4155176472367164,
            1.5802175609638296,
            0.1963955496694411,
            -0.059043247110802,
            -0.49661115463670963,
            -0.09203667549987893,
            -0.8810619897192835,
            0.37495909373565,
            0.9788365465785298,
            0.8365345636843511,
            -0.3694501570260222,
            -1.132693110821955,
            0.9252112118247164,
            0.38175812814976506,
            -1.333711028220285,
            2.004862218074849,
            0.7243168948007028,
            1.2921982840871513,
            0.6898021538932974,
            1.5447347701934868,
            0.9255471787988951,
            -1.5948027303268366
        ],
        [
            -0.5368915625076642,
            0.9142483612541509,
            -1.2486559270215247,
            -3.049856567263894,
            -0.437934344088414,
            0.0,
            -0.5988484215352843,
            -0.17992989237411788,
            0.6475637138247063,
            -0.6517815456231284,
            -1.8185106744110426,
            -1.0449172920529741,
            -0.20460936980538316,
            -0.8094923374167017,
            0.9847972305278123,
            0.8699765936860835,
            0.9951632873982851,
            -0.21791131314690826,
            0.4164116665834607,
            0.14141449699335099,
            -1.1368286188041554,
            2.3117218141913236,
            0.27283175457109926,
            -0.2257463122243444,
            0.532488166556004,
            0.0372926433945626,
            1.0541072905830866,
            -1.1871789222973224,
            -0.03450448356767803,
            -0.14706154619753606,
            0.8807873908520574,
            1.0394311675846042,
            -0.04245250619316297,
            -0.012690626659300725,
            0.9240483241300435,
            0.07594185793634278,
            0.6267157296386205,
            -1.7081569011126245,
            -1.523598292896515,
            0.0791635154862589,
            -1.5922741232940643,
            0.500613318698383,
            -0.7537299292534494,
            0.6083385231906485,
            -1.450131206871985,
            0.018792928645599793,
            -0.8444389786214532,
            0.9046302497911237,
            -0.07309981449536068,
            1.3842370285074983,
            1.0647853038548296,
            0.9165414585089962,
            -0.681986242063918,
            1.805062486863809,
            0.33854741228720103,
            -0.29721448006717965,
            -0.15723178410808308,
            -0.23261310795364804,
            -1.5843453851029716,
            0.3661659027029032,
            0.855954610548122,
            -1.2442622845689084,
            0.5845632846379851,
            0.027676129428548878
        ],
        [
            -0.6751754481669849,
            -1.256324480960099,
            -0.8897196292509398,
            0.7878622836949132,
            -0.6835610723029291,
            -0.5988484215352843,
            0.0,
            0.915098088247329,
            0.3060823239024648,
            -0.3717306925318517,
            0.7056465315153545,
            1.665401327831392,
            1.2884148541072238,
            -1.5297224784180026,
            0.33183232598106016,
            0.6037847328585079,
            -0.02549770902728192,
            -0.10080101074615062,
            1.114224495077018,
            -0.31983143539086184,
            -1.306659013623251,
            -0.45594137462151285,
            -1.9957698924116158,
            -0.9145118357653746,
            -1.6525203375369988,
            -0.6741510353560917,
            -0.11827720930612753,
            0.49323018074284264,
            0.96845645875203,
            -0.3793122450110502,
            0.6526870469505792,
            -0.6585577160581347,
            -0.9575772138739979,
            -0.7485627033735403,
            0.369880277254734,
            -1.8455823085561156,
            -0.5328539000179564,
            -1.9925784958907853,
            -0.13192843225314366,
            -0.15668078999526416,
            -0.6318962129591533,
            1.5585355177793365,
            -1.38670125721825,
            -0.15307923363030904,
            -0.33222195342130134,
            1.0216901128865212,
            -0.5085362922198262,
            1.4693118227122637,
            -0.01637169778675652,
            -0.3616229314152955,
            -2.039009143208735,
            0.5528973664524646,
            1.3082913467239936,
            0.2093941187356606,
            0.7369683965559144,
            -1.6024331041634725,
            -0.253919847765299,
            0.8513475621890596,
            -0.5331247619051505,
            -0.19858923437343393,
            0.026589185073681184,
            -0.168220460726826,
            -0.3807054737938474,
            -0.3480456017327998
        ],
        [
            1.37534680745061,
            1.4865014652616122,
            1.5083216580022014,
            0.4279517676296619,
            -1.4218101011450637,
            -0.17992989237411788,
            0.915098088247329,
            0.0,
            -0.43135368798721463,
            -0.37197854407115344,
            0.49855832062605604,
            1.3101631000329448,
            0.23609513456212144,
            -0.8292345596140265,
            -2.7255771339660715,
            -0.6903030070936291,
            0.6970778612951567,
            0.8059810826800801,
            1.5762996520920853,
            -1.636783795822431,
            1.3592184146063828,
            -1.3184751161540047,
            -0.13175125610833996,
            0.0015710155756867754,
            1.1157918318107183,
            -1.027505200626798,
            -0.33970383013444355,
            1.5282953306993134,
            1.6870440672376148,
            -1.216369387970951,
            0.5241030833762691,
            -0.5545882444268266,
            0.4605448994528285,
            1.3283979910059491,
            -0.3903152567638399,
            -0.8699357172647623,
            0.09340425359571211,
            0.1796450652973692,
            0.11351503465073023,
            -0.09162326512961581,
            -0.4976952819467088,
            0.9378836946582498,
            0.2136326005436017,
            -0.7438036597355184,
            0.732100228340096,
            0.8264036595788667,
            -0.6395006793378928,
            -1.4707167548371651,
            -0.13731533554554035,
            0.1417319365002006,
            -0.14943762488840445,
            1.1659027408005112,
            -1.4259184336638713,
            0.4048479570522524,
            0.004832853208312813,
            -0.013952293556802284,
            -0.4249763791542954,
            -0.6398866144482547,
            -1.0075906530892704,
            -0.5661160369370632,
            -0.7394241670724706,
            -0.6948403541562602,
            -0.4321759342029887,
            0.416392303406456
        ],
        [
            -0.15414511167213152,
            -1.414955711046732,
            -1.0326315403170025,
            0.5331547225263442,
            -0.21750563532337694,
            0.6475637138247063,
            0.3060823239024648,
            -0.43135368798721463,
            0.0,
            0.9111873686845704,
            -0.6141557236944007,
            0.906401818340561,
            0.4660255663009003,
            0.9265489977618803,
            0.7479246503554251,
            1.7808998225239152,
            -0.6189782122669625,
            -0.0956766357894731,
            -0.08025786060047926,
            0.8329652495398403,
            1.3570794933635923,
            0.21055986512732944,
            -0.6341911278438099,
            -0.8489899882230831,
            1.719088080328259,
            -0.8847789269654088,
            -0.557992328579724,
            0.24540759052346284,
            -2.389823036486293,
            0.6318898808634428,
            -1.396614215640042,
            -0.17723048867114244,
            -0.6922210322504332,
            -0.39174061826610423,
            -1.0108871168610931,
            -1.0616574451762937,
            -0.15652358339854647,
            -1.3073203196533643,
            1.6601899668377775,
            -0.9263144235350812,
            0.9466533923967052,
            0.2582036532039123,
            -0.7065076319905198,
            -0.44846727803404124,
            -0.013073989134992046,
            -0.6345142709308204,
            -0.5294143671152078,
            0.3029297598681951,
            -0.5475623352589497,
            1.1815546608573493,
            -0.9991367729357877,
            -0.9409856763779749,
            -0.37819602446068884,
            0.713900094452148,
            -0.12433577777822148,
            -0.014279543576430595,
            -0.08112040385983246,
            -0.9279055305439458,
            0.8119314397368226,
            1.3793761677917116,
            2.1193200056358386,
            -0.7276598433833583,
            1.2177931095914412,
            0.4269157183738855
        ],
        [
            -0.7663060737779746,
            -0.7331810111105486,
            0.17062630980276022,
            -0.3157785286433354,
            -0.6791787471453162,
            -0.6517815456231284,
            -0.3717306925318517,
            -0.37197854407115344,
            0.9111873686845704,
            0.0,
            1.5937312486807784,
            -0.19220270832174555,
            1.3079364705800172,
            0.5401703311770925,
            0.41192280308642876,
            -0.9318777463710305,
            -0.7599849349682469,
            1.5570494056167044,
            -0.34023448970187053,
            0.8627735089942158,
            -0.6028497177421399,
            0.8444578018064401,
            0.7444018177521741,
            -0.5018867046900417,
            0.6371501524078834,
            -0.6440165314298272,
            0.9210287045817571,
            0.3768174730581653,
            0.04742899888497258,
            -0.5318022054671331,
            0.21830699043730692,
            0.5178805335451034,
            2.736457960631766,
            -0.24815262250275275,
            1.7802376550382308,
            -1.0468720252965644,
            -0.1769253831701578,
            0.7710286520347933,
            -0.7102842176955991,
            1.5550688141197744,
            0.4255938438928889,
            0.6049173397054174,
            0.19754887870321566,
            -0.3526621871758826,
            -0.026373201685947093,
            0.37959166540110917,
            -1.3696108228342987,
            0.1552351988527959,
            -0.044052279745170626,
            0.27852898604037785,
            1.1772503959973883,
            0.4137207120251509,
            -2.8439108496526466,
            0.423661648838036,
            0.7678338747555588,
            0.4025610492381285,
            2.837905426851104,
            -0.028201102307517274,
            1.6627499767796217,
            -0.9416463749663807,
            0.48210003312045013,
            -2.516952522422268,
            0.01627201933341939,
            0.7876242161816907
        ],
        [
            1.2477295524814591,
            0.9201011662374214,
            0.8015445408290667,
            -0.6633619224125303,
            -2.282120645783676,
            -1.8185106744110426,
            0.7056465315153545,
            0.49855832062605604,
            -0.6141557236944007,
            1.5937312486807784,
            0.0,
            0.9305645225646935,
            2.0943539892957377,
            -0.8257896160671021,
            0.41679575726937396,
            1.0712654173933305,
            0.4554353336672871,
            0.7617291291467965,
            -0.7068639209400794,
            0.04969739814854259,
            -1.434607849230431,
            2.0694444449616234,
            1.182692216366717,
            0.9427043622055497,
            0.6376408431937673,
            0.17477155176127476,
            -0.2589728448263131,
            0.16300795998281004,
            -0.5788568504890624,
            -1.335739672013227,
            1.0309547397632033,
            -0.2676808570560275,
            0.6638397030655053,
            -1.9063976947675092,
            0.39324529435096134,
            0.3763079267086048,
            1.0820303401271456,
            0.5192065978857847,
            1.246775968162861,
            1.1935883856357932,
            1.5849939065221148,
            0.9909438902080299,
            0.14685297209725495,
            0.1274309315306532,
            -0.04008140328482627,
            -0.9538677856251773,
            0.6125118346103589,
            0.37680564316504195,
            0.053630335845256324,
            -1.1410042032607677,
            -0.3678341016801965,
            -0.8952395626867987,
            -0.07114389636117878,
            0.5622513012746605,
            0.23525013827933952,
            -1.2078289678527876,
            -0.011279599964332577,
            -0.5613993231235009,
            0.08765772633183118,
            1.6710740779370634,
            0.5886229430435717,
            -0.7528353299392889,
            -0.595896044205221,
            -0.9805596578851161
        ],
        [
            -0.0996148766429927,
            -0.4117984573021009,
            0.2936833515237165,
            0.3549811232112773,
            0.13144335647494082,
            -1.0449172920529741,
            1.665401327831392,
            1.3101631000329448,
            0.906401818340561,
            -0.19220270832174555,
            0.9305645225646935,
            0.0,
            0.651885146792278,
            -0.24993535836466435,
            -0.508358771936261,
            0.8281301564151442,
            -0.10064672008942017,
            -0.13712922560339544,
            1.5061450200129725,
            1.233951813242187,
            2.174841987432791,
            1.1580960614508737,
            -1.2979755083626212,
            -1.4578484330902812,
            -0.20173844287158893,
            -0.8733379971236981,
            0.40888046984269677,
            -0.5248567762704222,
            -1.6639543555722092,
            0.3750435475707326,
            -0.07804677333202668,
            -0.2853661413251988,
            0.24734633717390572,
            0.19828895119080278,
            0.3309427829624971,
            0.9642842115848601,
            1.5964711406191303,
            -1.1128910761628799,
            1.8418846685779553,
            0.6293998957672642,
            0.8077438576677197,
            -0.350464423868259,
            -0.2559118034183402,
            0.504375037248539,
            -1.045412934089291,
            -1.7761784283930062,
            1.1687710879051305,
            -0.697531332837745,
            -0.09251042039641066,
            0.917216867903895,
            -1.449586716152782,
            -1.1891036548774823,
            -0.3001671568232679,
            -1.1838538519503075,
            0.12482555521507745,
            0.2059509014334677,
            -0.2615596913516372,
            0.14791764194525248,
            1.3481724132672959,
            -0.9567303300690729,
            0.6276313465250385,
            1.4655104879481171,
            1.3760548113168987,
            -0.39526809524178375
        ],
        [
            1.2549663097803834,
            1.0898618049434636,
            1.1649357715819753,
            -0.5060190558507801,
            -0.10148369568209002,
            -0.20460936980538316,
            1.2884148541072238,
            0.23609513456212144,
            0.4660255663009003,
            1.3079364705800172,
            2.0943539892957377,
            0.651885146792278,
            0.0,
            -2.4499660857546672,
            2.940822760777796,
            -0.6557928196087943,
            -1.6420973018298843,
            1.434370538010178,
            0.6760453047958651,
            1.02161099543111,
            0.4317716032010503,
            -0.2944470632211786,
            0.5577505801728825,
            -1.4760604096356176,
            0.3823684892695316,
            1.0714556238404214,
            1.6721825209986605,
            -0.2987635927052772,
            0.024543032050792356,
            0.77211280335209,
            0.01726859332281988,
            -0.1472109432446092,
            0.9413753984158603,
            -1.6849187138862023,
            0.5011970818893977,
            0.3443824018042802,
            1.0150098785783936,
            -0.667484470507731,
            -0.1486707796408809,
            -0.9084526624286611,
            -0.17197511076656502,
            2.1249189809900093,
            -0.1983399365602127,
            0.5906630798137463,
            0.7668818705871381,
            0.2618483276585103,
            0.4312702943760857,
            -0.5970586476469865,
            1.371588466822161,
            0.8325412511026183,
            0.23225285529197318,
            -0.9536216343406516,
            0.4422830345776334,
            -0.6055801179975254,
            0.6654667094793493,
            -0.5042119866853119,
            -0.6638889480115479,
            0.515407430170816,
            0.11512958723297723,
            0.0326255647857377,
            0.17289164399169252,
            -0.5270806421245694,
            -0.10180558777815778,
            -0.32553014749329007
        ],
        [
            0.7009146778498795,
            -0.6199695553390442,
            0.8448016208941942,
            -1.8005466912376322,
            -0.785122304768717,
            -0.8094923374167017,
            -1.5297224784180026,
            -0.8292345596140265,
            0.9265489977618803,
            0.5401703311770925,
            -0.8257896160671021,
            -0.24993535836466435,
            -2.4499660857546672,
            0.0,
            -2.2937813079091747,
            0.23182152623577304,
            -0.07869854652371103,
            -1.5398344850492902,
            -0.9888162955031249,
            -1.2337488387698168,
            -0.9650777584195819,
            -1.3547718245493716,
            -1.5898882462136845,
            -0.32405477106818353,
            -2.5967966452511986,
            -0.15020750423005472,
            0.7063844838443746,
            -1.1980652192166106,
            1.6301612587743126,
            -1.4602495701096876,
            0.20751629948959815,
            0.06929486791549958,
            -0.13858468934442053,
            -0.004247779307274833,
            -0.8311212394660267,
            -0.271657715039544,
            -0.03997331221916391,
            1.2307317617940634,
            -1.6125029403093443,
            -0.8251585755380126,
            -1.264887033392248,
            0.5108429131194926,
            0.7372849475406812,
            1.4822327846109216,
            0.3097348414615522,
            1.8399828000007237,
            -0.1945251706378872,
            0.39365317756110624,
            1.5876423453212138,
            -0.9333997287078816,
            0.12563208429143474,
            1.160601709971239,
            -0.09489336726609808,
            0.7792125379020218,
            0.1588772325989785,
            0.9414332638694571,
            -1.5074506284371203,
            -0.9557166229903652,
            -1.561810465443109,
            0.6524847881991903,
            -0.633172500639341,
            0.8380386309248885,
            -1.9919110876815866,
            1.1867678757347984
        ],
        [
            -0.2581384699798241,
            -0.07265979436314966,
            0.36566009853419157,
            0.3943893285660534,
            1.4592281344711089,
            0.9847972305278123,
            0.33183232598106016,
            -2.7255771339660715,
            0.7479246503554251,
            0.41192280308642876,
            0.41679575726937396,
            -0.508358771936261,
            2.940822760777796,
            -2.2937813079091747,
            0.0,
            -0.1314916496290524,
            -2.6334524040757463,
            0.07241309261515354,
            1.28495684467649,
            -0.5757525294793265,
            -0.3342335151881663,
            0.8670718483711958,
            -0.5118610062146123,
            -0.848477223062064,
            0.14892306543827388,
            0.395394187879122,
            0.8692341674015633,
            1.2060387158004087,
            1.2393587847478262,
            1.1801856942083202,
            -1.3884090425042213,
            -0.6894903650573306,
            -1.0183359546123862,
            -1.5058859416764914,
            0.017382982049196968,
            -0.7414585566623703,
            0.5772128408287219,
            -1.1043139353862714,
            0.5499340278471201,
            2.2131908947511465,
            0.5378863685742473,
            0.09310153305108022,
            -0.5123101474175075,
            1.7037672109683282,
            -0.8215087100512971,
            -1.056177232298122,
            -1.1432032245180013,
            -0.1469576365191853,
            0.8392903983647051,
            -0.4861675412142028,
            0.35413259738701686,
            -0.8088928805242568,
            -0.5542529039710229,
            0.4492568340930584,
            -2.295013913536379,
            -1.367609374813863,
            -0.38075339988837237,
            0.5810480895761869,
            1.4184824604924295,
            -0.39703712877366776,
            0.3178973249160721,
            -0.4136205205122824,
            0.01900383049622269,
            3.023440522836414
        ],
        [
            0.9388274520818519,
            -0.5731450478944742,
            1.223322072967842,
            0.6302804362796015,
            0.6386428268028628,
            0.8699765936860835,
            0.6037847328585079,
            -0.6903030070936291,
            1.7808998225239152,
            -0.9318777463710305,
            1.0712654173933305,
            0.8281301564151442,
            -0.6557928196087943,
            0.23182152623577304,
            -0.1314916496290524,
            0.0,
            -0.41462559219069495,
            2.0043048635865044,
            -2.4551555145926254,
            -0.7997908749947826,
            -0.37553116575507156,
            -1.1465821080921959,
            -1.1974518063793582,
            -0.05211403903732968,
            -0.18462825741431968,
            0.6259788788403094,
            0.5993425660029831,
            1.4470832967364058,
            -0.43767254521663906,
            0.364422176012239,
            0.5794545874910462,
            -2.2209331401519883,
            -2.530958949563607,
            0.3774338223843668,
            -1.0984967267004784,
            0.27886389698302855,
            -1.6001774951264445,
            0.27581508892340556,
            0.07693605184364125,
            1.1823967865035778,
            -0.7955118705486431,
            0.1259704126666774,
            -2.1156106095647305,
            -1.0070669738530726,
            1.0150178947041713,
            -0.12306578529107844,
            2.3341571945209583,
            -0.10073582179706388,
            -1.3372341789551232,
            0.8156390201605508,
            -0.7444195865050449,
            -1.024213663065228,
            -0.9941087027027411,
            0.9251064692806874,
            0.158389693478901,
            -0.3929879388778313,
            1.8670051384843112,
            -0.902808178737667,
            -1.0851635294666033,
            -0.08230714808701088,
            -0.8884312036792237,
            -1.0518679487546205,
            1.1138392504894823,
            0.2805280729321951
        ],
        [
            0.16547915824337336,
            -0.24894802437500235,
            -0.30029732123250763,
            0.3148891569153437,
            -1.1419432544058377,
            0.9951632873982851,
            -0.02549770902728192,
            0.6970778612951567,
            -0.6189782122669625,
            -0.7599849349682469,
            0.4554353336672871,
            -0.10064672008942017,
            -1.6420973018298843,
            -0.07869854652371103,
            -2.6334524040757463,
            -0.41462559219069495,
            0.0,
            -1.0659113849882682,
            -0.4943011483922983,
            -0.7979393375957777,
            -0.9504107165521954,
            2.405155215999785,
            -0.6283559328226506,
            0.2282434876654755,
            -0.7314594384538058,
            0.35524407868835123,
            -0.1615318221759409,
            0.9997640365240825,
            -1.3891341167434161,
            -0.04959081173748548,
            0.3805689769490522,
            -0.12612328191791494,
            -0.07029427026046083,
            -0.9327897924727684,
            1.2872285390456306,
            -0.15947273241394766,
            -0.7936068043929148,
            -0.9462975466360025,
            -1.4558940221634902,
            0.6598168038375674,
            0.9923576801744591,
            -1.2480429296298028,
            1.1739661494930282,
            0.18705605930665956,
            -0.614758910375898,
            0.3337688594359981,
            0.6175705564562283,
            0.18258234974197057,
            -0.6664419176093935,
            -0.41988870013976337,
            -0.6494593040836847,
            -0.07450542206633773,
            0.1500259220670338,
            1.3632264655685304,
            1.171814209600858,
            -0.2039660258663813,
            -0.16164774976368834,
            0.0769847559732623,
            -1.756090762129285,
            0.8216498035223945,
            0.24426052486955316,
            -0.2911670214869112,
            -1.130504406700973,
            0.32185182627955605
        ],
        [
            0.7427622213715547,
            1.5499261878065829,
            -0.24233212626213738,
            0.4093654186818011,
            -0.4308140848684958,
            -0.21791131314690826,
            -0.10080101074615062,
            0.8059810826800801,
            -0.0956766357894731,
            1.5570494056167044,
            0.7617291291467965,
            -0.13712922560339544,
            1.434370538010178,
            -1.5398344850492902,
            0.07241309261515354,
            2.0043048635865044,
            -1.0659113849882682,
            0.0,
            -0.2783880835517913,
            0.6587574349619426,
            0.3071752169478194,
            -0.08051859428114828,
            0.3215699335118893,
            -2.141215134705018,
            1.6449559502443702,
            -0.13421927382881849,
            -0.9186984479512122,
            0.12138666843484734,
            1.2658465422014442,
            -0.016467216603368928,
            0.4859307019440312,
            0.5409565292119779,
            0.4292715284775714,
            0.4883406181997095,
            -2.0092604461904062,
            -1.700986394202226,
            0.413554831207174,
            -0.5353878305887382,
            1.5140228063441874,
            0.26988175289204297,
            -0.6240824792242339,
            1.9714228262773963,
            -0.8371773913285017,
            1.7463042841808376,
            0.18741966537301116,
            -0.5201669386642664,
            1.3211779521360592,
            -0.03028484726062328,
            1.5510890476813952,
            -1.814880652157512,
            0.3901255873956364,
            1.070858396911491,
            1.1868302053770783,
            -1.8428179244221548,
            -1.0109014410861954,
            -0.2925795521255776,
            -0.05222323787051214,
            0.1800279929507634,
            -0.4022250834345689,
            -1.9776832565572302,
            -0.07265041709067195,
            0.22106383555487868,
            1.1533549575308661,
            0.927809959353926
        ],
        [
            0.34737673001671626,
            -0.19593448811401046,
            -0.720173912660448,
            -0.6850325490558181,
            0.6231312434177856,
