{
    "N": 32,
    "id": "d8485eea-96a3-4239-86b9-f723a030f196",
    "problem_type": "SK Spin-Glass",
    "distribution": "gaussian",
    "spins": [
        1,
        1,
        1,
        1,
        1,
        1,
        1,
        1,
        -1,
        1,
        -1,
        1,
        -1,
        -1,
        -1,
        1,
        -1,
        -1,
        1,
        1,
        1,
        -1,
        1,
        1,
        1,
        -1,
        1,
        -1,
        -1,
        -1,
        1,
        1
    ],
    "couplings": [
        [
            0.0,
            -1.3829285699424427,
            -0.4959793425902454,
            0.9865875351032909,
            -1.1795132472531886,
            -1.2162262432041193,
            0.8551347453268154,
            -0.8488469469568349,
            0.21151977569715935,
            0.8351008183996029,
            -0.1534328052434963,
            0.24133855444621619,
            -0.26176965906249317,
            -1.0985518438873956,
            1.1428115044751799,
            -0.7844269048454497,
            0.7531849288780073,
            0.009213528962079538,
            0.6190112993436636,
            0.11741147913627369,
            0.1316315472258837,
            0.390280710038809,
            -0.8114233770502424,
            -0.05486006502017767,
            -0.7458973555173366,
            -1.8398339939744885,
            -1.0797015486561374,
            0.6849070128356083,
            -1.0484392948986136,
            -1.002920200315144,
            0.5129007878560077,
            -0.24628842990300095
        ],
        [
            -1.3829285699424427,
            0.0,
            0.5675649884807324,
            0.15036743325790958,
            0.21365813667587327,
            0.17072926674212965,
            0.32133553079150373,
            0.21052243642536173,
            0.30762065317532367,
            -0.14032250453900014,
            -0.2045984417590292,
            -0.6118176661905921,
            -0.3941186903500278,
            -0.8328500291374037,
            -0.8321722040814152,
            -1.5214715882866152,
            -0.03963336565359993,
            0.04489498522798158,
            -1.438224376224516,
            -0.07192426753263649,
            -1.6058040869283163,
            -0.7263145426931161,
            -1.4088638430885718,
            1.350099091514127,
            -0.880833235736722,
            -0.2528587421371726,
            0.38704446722148206,
            1.3660014219652554,
            -0.6764391555561613,
            0.9937380402260837,
            0.8614455944333869,
            -0.3089659645851638
        ],
        [
            -0.4959793425902454,
            0.5675649884807324,
            0.0,
            0.002007188330118755,
            0.3313317841995372,
            -0.024567493883056884,
            -0.6849322396922402,
            0.623664399938983,
            1.028295744700445,
            0.14501674377031676,
            0.2436622637515347,
            -1.4767776469231666,
            -0.519627958566028,
            -0.5219904567053999,
            0.3438628692936918,
            0.2072520827272042,
            0.3634605285175892,
            0.02143901689367421,
            -0.38792935089601494,
            -0.4433926300761982,
            -0.7575700996412406,
            -1.2431912055015797,
            -1.3801998697431546,
            -0.2103795420807943,
            0.7062077122286481,
            -0.1154141534499961,
            -0.3176613134916565,
            -1.074070666813044,
            -1.1982132463850157,
            -0.9469374800169341,
            0.8398114619001491,
            0.6809997090851206
        ],
        [
            0.9865875351032909,
            0.15036743325790958,
            0.002007188330118755,
            0.0,
            2.0144915384224746,
            0.1681898191424364,
            -1.2297212387892598,
            1.3715729925142346,
            0.8643439453247445,
            -0.15493064750850094,
            0.5833540753761927,
            1.6453476444175064,
            0.7638459085488699,
            0.7924471774760197,
            0.4390088643338396,
            -1.4055558617893398,
            0.025957230917330588,
            -0.7419015342559714,
            -0.00697337096521276,
            -0.5611033341617546,
            -0.6338774944235611,
            1.5763275193202146,
            -0.21838928494046864,
            0.14604583593724352,
            0.9091671868197578,
            -0.18909922232645554,
            -0.7756092887548683,
            1.510918728027004,
            -1.8959340634411954,
            -0.1497600118479928,
            0.4216009883251933,
            -1.7853392071073595
        ],
        [
            -1.1795132472531886,
            0.21365813667587327,
            0.3313317841995372,
            2.0144915384224746,
            0.0,
            -0.5815942485767583,
            0.7498484092423884,
            -1.4467943566304375,
            0.7026874366736517,
            -2.416731247985452,
            0.4979124657034963,
            1.2359562044398167,
            -0.7694390565182676,
            0.5582378723993813,
            1.2249532190850854,
            0.2851847303891853,
            -1.2406034713592207,
            -1.0138469374963512,
            1.649526718321382,
            0.12301118276608833,
            -0.9710959242576995,
            0.07788984799855153,
            0.21890375808063667,
            0.3466955697862664,
            -1.297827423212181,
            -0.36649310905790977,
            -0.8982643635396869,
            0.4342599556969279,
            -2.0392321408245957,
            1.7120223153268757,
            -0.31601757668886904,
            -0.602094725979672
        ],
        [
            -1.2162262432041193,
            0.17072926674212965,
            -0.024567493883056884,
            0.1681898191424364,
            -0.5815942485767583,
            0.0,
            -0.5189743477326728,
            -1.4393951686318878,
            -0.1989988916619398,
            -1.7043377654134515,
            0.24823976763005756,
            1.4737239084309126,
            1.2215994310125171,
            -0.0019536334360440283,
            -0.1345176226370416,
            0.706209867598638,
            0.009139028043081586,
            -0.8505654926648938,
            0.15455875008137157,
            -1.016470204243974,
            -1.1270040776441848,
            -1.2850833561509523,
            0.6366238493917475,
            -2.01191624804118,
            -0.009722816887379217,
            1.731590586518396,
            1.389854156885297,
            0.616395938980903,
            2.791030624596974,
            0.741033823526945,
            1.3968531325649822,
            -0.6407627444470029
        ],
        [
            0.8551347453268154,
            0.32133553079150373,
            -0.6849322396922402,
            -1.2297212387892598,
            0.7498484092423884,
            -0.5189743477326728,
            0.0,
            1.216011427605737,
            0.015264481606015063,
            -0.872965301320037,
            -0.4186504171756473,
            0.10264750086803141,
            0.6115980496175027,
            -0.2636994576892293,
            0.1811829207467325,
            1.1515511021836136,
            -0.8553625202552081,
            0.6294095926447052,
            -0.6822966863853377,
            0.5656873526753023,
            -0.8102180868731877,
            -1.5123052488564066,
            -1.5569009525736408,
            -0.6037495873008002,
            0.4165806857294311,
            -0.6125850553984348,
            2.4671731179507206,
            1.4106232323604182,
            0.9899448911510507,
            0.381342656374301,
            -1.1938791765141383,
            0.8847986013280625
        ],
        [
            -0.8488469469568349,
            0.21052243642536173,
            0.623664399938983,
            1.3715729925142346,
            -1.4467943566304375,
            -1.4393951686318878,
            1.216011427605737,
            0.0,
            -0.036052976754574084,
            0.8690048256938323,
            -0.5344806059335678,
            1.9539913217230616,
            0.9551161013279292,
            -1.028344373885927,
            1.420718964168279,
            -0.7756723826625684,
            -0.30631559550698134,
            0.6706095205398352,
            -0.6869123881895165,
            0.42757100391731756,
            -0.18164830139137833,
            -0.26571059900136795,
            0.9230715935742657,
            1.0988318042043326,
            2.196404761513142,
            0.7398059096467053,
            0.6465863839317583,
            1.7746141022721895,
            -0.0010725244043337944,
            -0.8386739136128719,
            -0.08206245069196504,
            -1.297088596574898
        ],
        [
            0.21151977569715935,
            0.30762065317532367,
            1.028295744700445,
            0.8643439453247445,
            0.7026874366736517,
            -0.1989988916619398,
            0.015264481606015063,
            -0.036052976754574084,
            0.0,
            0.20627120172367974,
            -0.9975760488728341,
            -0.09664311855862726,
            0.10137265653062749,
            0.638461829230244,
            1.0751863790291758,
            -0.2133491512681363,
            1.4542682800391395,
            -1.919981535625367,
            -1.067508125275241,
            1.1178152671522101,
            0.6498084520964672,
            -0.7648251745824862,
            0.1374352450399132,
            1.9917140514966514,
            -0.07120816125359572,
            -1.2836496637799641,
            -1.2945888746307839,
            0.3552214923584701,
            -1.2728402126806817,
            -0.6555662671305251,
            1.3412216168161324,
            0.7429803746554501
        ],
        [
            0.8351008183996029,
            -0.14032250453900014,
            0.14501674377031676,
            -0.15493064750850094,
            -2.416731247985452,
            -1.7043377654134515,
            -0.872965301320037,
            0.8690048256938323,
            0.20627120172367974,
            0.0,
            0.9991380155417938,
            0.17495819715009978,
            0.08363441208279365,
            -0.1541172922178794,
            0.5935556243943617,
            0.09967506870954582,
            0.06506809079124751,
            1.3316405066855426,
            1.0599168488160202,
            1.3139392073198792,
            0.5357462948412284,
            -1.250191533052046,
            -0.647857382028802,
            -0.5899511492765689,
            0.8494528182564546,
            -2.9927418140364055,
            1.267030327371365,
            0.7723617443427239,
            0.42529261981975636,
            -2.579107547683374,
            -0.34098709780729236,
            -1.730599874261627
        ],
        [
            -0.1534328052434963,
            -0.2045984417590292,
            0.2436622637515347,
            0.5833540753761927,
            0.4979124657034963,
            0.24823976763005756,
            -0.4186504171756473,
            -0.5344806059335678,
            -0.9975760488728341,
            0.9991380155417938,
            0.0,
            -0.5218244288018649,
            -2.125121971217439,
            -0.6642609543490996,
            0.514249024946101,
            0.642338977792812,
            0.9628377901809962,
            1.4548005488013236,
            1.2473315741331468,
            -0.979352771830372,
            0.4807890973422377,
            0.9284218204920122,
            1.8229335395249286,
            -0.5947328813050696,
            1.7458613549439281,
            0.4024966815835049,
            -1.517519721754393,
            0.4984736335784268,
            1.1132064452369879,
            -1.327201624621453,
            -0.14812126791405275,
            1.1128140315021837
        ],
        [
            0.24133855444621619,
            -0.6118176661905921,
            -1.4767776469231666,
            1.6453476444175064,
            1.2359562044398167,
            1.4737239084309126,
            0.10264750086803141,
            1.9539913217230616,
            -0.09664311855862726,
            0.17495819715009978,
            -0.5218244288018649,
            0.0,
            0.06990618808367614,
            0.7354991342929155,
            -0.16829543454602577,
            -0.3980259445632762,
            -0.4018042885819914,
            1.517114487894353,
            1.0711733764787283,
            -1.4291019604905228,
            -0.3462773993755393,
            0.9984099294546794,
            1.6062149516287656,
            -0.5852505499958777,
            -0.2417255713799247,
            0.06788184009078478,
            0.04288669630618974,
            -0.012824734493902916,
            1.001301082181183,
            -0.5196572642435641,
            -0.4969256393027896,
            0.38563920968559007
        ],
        [
            -0.26176965906249317,
            -0.3941186903500278,
            -0.519627958566028,
            0.7638459085488699,
            -0.7694390565182676,
            1.2215994310125171,
            0.6115980496175027,
            0.9551161013279292,
            0.10137265653062749,
            0.08363441208279365,
            -2.125121971217439,
            0.06990618808367614,
            0.0,
            1.2509523119977304,
            -0.4929376361175993,
            -1.133121445604801,
            1.7885422464615692,
            -0.061716194203911036,
            -0.34989419236119057,
            -1.9367735804958635,
            -0.6526221385882067,
            -0.9517257765458982,
            0.5816152158101492,
            -1.3099756586018088,
            -1.2454989561172336,
            0.578796247009624,
            0.2566641352364312,
            -0.49195253430524216,
            -0.44675645122605934,
            1.335971747095024,
            -1.0689800806527958,
            -0.37149133529806233
        ],
        [
            -1.0985518438873956,
            -0.8328500291374037,
            -0.5219904567053999,
            0.7924471774760197,
            0.5582378723993813,
            -0.0019536334360440283,
            -0.2636994576892293,
            -1.028344373885927,
            0.638461829230244,
            -0.1541172922178794,
            -0.6642609543490996,
            0.7354991342929155,
            1.2509523119977304,
            0.0,
            0.7188103700496107,
            0.13664426389269976,
            1.5769390819266704,
            -0.7591778925102254,
            -0.4930114000287494,
            -0.14444457933117055,
            -1.990444377040687,
            0.12990861330716133,
            -0.22221686999150236,
            0.17560142931540398,
            -1.4937366808404653,
            1.9617593828498059,
            -0.5493772256938346,
            0.13963648403663778,
            1.0607938404495347,
            -0.45492476787429625,
            1.0391063908074565,
            0.08550983300612863
        ],
        [
            1.1428115044751799,
            -0.8321722040814152,
            0.3438628692936918,
            0.4390088643338396,
            1.2249532190850854,
            -0.1345176226370416,
            0.1811829207467325,
            1.420718964168279,
            1.0751863790291758,
            0.5935556243943617,
            0.514249024946101,
            -0.16829543454602577,
            -0.4929376361175993,
            0.7188103700496107,
            0.0,
            -0.34882591428584503,
            -1.1788130049397167,
            -1.9118549225274128,
            -0.3843463440814994,
            -1.644040615094225,
            -0.043911491587384034,
            -0.2995603582302867,
            1.543564667218889,
            -0.9515837211223152,
            -1.1710191307180262,
            0.7596044090478606,
            -0.6680125080673874,
            -1.3097239670014018,
            1.8330376357869254,
            0.418206353262379,
            0.011501539584453125,
            0.15091998144911092
        ],
        [
            -0.7844269048454497,
            -1.5214715882866152,
            0.2072520827272042,
            -1.4055558617893398,
            0.2851847303891853,
            0.706209867598638,
            1.1515511021836136,
            -0.7756723826625684,
            -0.2133491512681363,
            0.09967506870954582,
            0.642338977792812,
            -0.3980259445632762,
            -1.133121445604801,
            0.13664426389269976,
            -0.34882591428584503,
            0.0,
            -0.8911613524454333,
            0.4700628196984312,
            0.26988614732960897,
            0.2967684419243899,
            -0.050591696569069165,
            1.0166688139104176,
            -0.4293542469705654,
            -1.40025678502658,
            -0.8063056843260767,
            -0.003880404289125544,
            0.864762914079012,
            -0.7930990517094646,
            -0.002111766509920008,
            1.2927762170513897,
            -0.7621870005832455,
            2.8046402962820594
        ],
        [
            0.7531849288780073,
            -0.03963336565359993,
            0.3634605285175892,
            0.025957230917330588,
            -1.2406034713592207,
            0.009139028043081586,
            -0.8553625202552081,
            -0.30631559550698134,
            1.4542682800391395,
            0.06506809079124751,
            0.9628377901809962,
            -0.4018042885819914,
            1.7885422464615692,
            1.5769390819266704,
            -1.1788130049397167,
            -0.8911613524454333,
            0.0,
            0.7160234956477302,
            1.458659039055579,
            1.4411373809402286,
            0.48044965429635017,
            -1.1706007798123739,
            -0.904707403207479,
            -0.518265866979788,
            0.24449618317187446,
            -0.4820375670519206,
            1.0241165894548072,
            -0.7316909939858759,
            0.32167718373132487,
            0.12575614968129606,
            1.5280990487360986,
            -0.19014275976424522
        ],
        [
            0.009213528962079538,
            0.04489498522798158,
            0.02143901689367421,
            -0.7419015342559714,
            -1.0138469374963512,
            -0.8505654926648938,
            0.6294095926447052,
            0.6706095205398352,
            -1.919981535625367,
            1.3316405066855426,
            1.4548005488013236,
            1.517114487894353,
            -0.061716194203911036,
            -0.7591778925102254,
            -1.9118549225274128,
            0.4700628196984312,
            0.7160234956477302,
            0.0,
            -1.1203652303908622,
            -0.33057642483389305,
            -1.4965201497880476,
            -1.1485655374174482,
            -0.04107689435814191,
            0.5157165297941398,
            -2.7943007293065345,
            0.38487259193660456,
            -0.5917112688582343,
            -0.06678339042222231,
            -0.39076405856736585,
            0.48883065810843856,
            -0.2769881022530903,
            -2.448394435677983
        ],
        [
            0.6190112993436636,
            -1.438224376224516,
            -0.38792935089601494,
            -0.00697337096521276,
            1.649526718321382,
            0.15455875008137157,
            -0.6822966863853377,
            -0.6869123881895165,
            -1.067508125275241,
            1.0599168488160202,
            1.2473315741331468,
            1.0711733764787283,
            -0.34989419236119057,
            -0.4930114000287494,
            -0.3843463440814994,
            0.26988614732960897,
            1.458659039055579,
            -1.1203652303908622,
            0.0,
            -0.614666559771279,
            2.737894288500826,
            0.1730603588287571,
            -0.46188832274501146,
            -0.2584429423197997,
            -0.21449369626281692,
            0.997027506629541,
            0.12566581720857062,
            -0.527284223287976,
            0.7113991125901624,
            0.656847655345849,
            0.2745633764939302,
            -0.14686579832727942
        ],
        [
            0.11741147913627369,
            -0.07192426753263649,
            -0.4433926300761982,
            -0.5611033341617546,
            0.12301118276608833,
            -1.016470204243974,
            0.5656873526753023,
            0.42757100391731756,
            1.1178152671522101,
            1.3139392073198792,
            -0.979352771830372,
            -1.4291019604905228,
            -1.9367735804958635,
            -0.14444457933117055,
            -1.644040615094225,
            0.2967684419243899,
            1.4411373809402286,
            -0.33057642483389305,
            -0.614666559771279,
            0.0,
            1.9317216695138537,
            0.3935928814411563,
            1.8590639557159738,
            -1.346993472654939,
            -0.05368143960294465,
            -0.7257874381355411,
            0.9681036285508017,
            -0.1644461337345892,
            0.744196694401745,
            0.6601758037071863,
            -1.2309937136139917,
            -0.3310012848572847
        ],
        [
            0.1316315472258837,
            -1.6058040869283163,
            -0.7575700996412406,
            -0.6338774944235611,
            -0.9710959242576995,
            -1.1270040776441848,
            -0.8102180868731877,
            -0.18164830139137833,
            0.6498084520964672,
            0.5357462948412284,
            0.4807890973422377,
            -0.3462773993755393,
            -0.6526221385882067,
            -1.990444377040687,
            -0.043911491587384034,
            -0.050591696569069165,
            0.48044965429635017,
            -1.4965201497880476,
            2.737894288500826,
            1.9317216695138537,
            0.0,
            -0.0688268109095769,
            -1.566124424758478,
            0.8582038980706539,
            -2.0153536168166957,
            -3.206923089132333,
            0.9072689723785374,
            -1.0809359102967633,
            -0.8988381898022232,
            -1.2832136292351952,
            0.02189191679451984,
            1.5125619165573252
        ],
        [
            0.390280710038809,
            -0.7263145426931161,
            -1.2431912055015797,
            1.5763275193202146,
            0.07788984799855153,
            -1.2850833561509523,
            -1.5123052488564066,
            -0.26571059900136795,
            -0.7648251745824862,
            -1.250191533052046,
            0.9284218204920122,
            0.9984099294546794,
            -0.9517257765458982,
            0.12990861330716133,
            -0.2995603582302867,
            1.0166688139104176,
            -1.1706007798123739,
            -1.1485655374174482,
            0.1730603588287571,
            0.3935928814411563,
            -0.0688268109095769,
            0.0,
            -0.5143401007974899,
            0.6100972184983635,
            -0.28751300244295036,
            0.7562203275558703,
            -1.0217791496958686,
            -0.9223713543468072,
            -0.6101194785716155,
            -1.1829223221662197,
            1.4013175004482767,
            1.6062387177206008
        ],
        [
            -0.8114233770502424,
            -1.4088638430885718,
            -1.3801998697431546,
            -0.21838928494046864,
            0.21890375808063667,
            0.6366238493917475,
            -1.5569009525736408,
            0.9230715935742657,
            0.1374352450399132,
            -0.647857382028802,
            1.8229335395249286,
            1.6062149516287656,
            0.5816152158101492,
            -0.22221686999150236,
            1.543564667218889,
            -0.4293542469705654,
            -0.904707403207479,
            -0.04107689435814191,
            -0.46188832274501146,
            1.8590639557159738,
            -1.566124424758478,
            -0.5143401007974899,
            0.0,
            1.0839123042520897,
            1.3866903410804,
            -1.3183852718205613,
            1.1944586999339917,
            -1.2748366090077883,
            -0.4833829319403578,
            3.143346039128067,
            -0.09897800624791782,
            1.3261124126993256
        ],
        [
            -0.05486006502017767,
            1.350099091514127,
            -0.2103795420807943,
            0.14604583593724352,
            0.3466955697862664,
            -2.01191624804118,
            -0.6037495873008002,
            1.0988318042043326,
            1.9917140514966514,
            -0.5899511492765689,
            -0.5947328813050696,
            -0.5852505499958777,
            -1.3099756586018088,
            0.17560142931540398,
            -0.9515837211223152,
            -1.40025678502658,
            -0.518265866979788,
            0.5157165297941398,
            -0.2584429423197997,
            -1.346993472654939,
            0.8582038980706539,
            0.6100972184983635,
            1.0839123042520897,
            0.0,
            -0.02379330803083529,
            -0.6499845497781411,
            -0.8784301931006768,
            -0.8041946042106046,
            0.9230708935464405,
            -1.48696807750451,
            -1.1644862441734831,
            -1.1723768551715104
        ],
        [
            -0.7458973555173366,
            -0.880833235736722,
            0.7062077122286481,
            0.9091671868197578,
            -1.297827423212181,
            -0.009722816887379217,
            0.4165806857294311,
            2.196404761513142,
            -0.07120816125359572,
            0.8494528182564546,
            1.7458613549439281,
            -0.2417255713799247,
            -1.2454989561172336,
            -1.4937366808404653,
            -1.1710191307180262,
            -0.8063056843260767,
            0.24449618317187446,
            -2.7943007293065345,
            -0.21449369626281692,
            -0.05368143960294465,
            -2.0153536168166957,
            -0.28751300244295036,
            1.3866903410804,
            -0.02379330803083529,
            0.0,
            0.45357998998637705,
            1.033359164281237,
            -1.3701680573758743,
            1.2417966762966384,
            -0.5066011894585193,
            -1.4185048488363055,
            1.295600803390219
        ],
        [
            -1.8398339939744885,
            -0.2528587421371726,
            -0.1154141534499961,
            -0.18909922232645554,
            -0.36649310905790977,
            1.731590586518396,
            -0.6125850553984348,
            0.7398059096467053,
            -1.2836496637799641,
            -2.9927418140364055,
            0.4024966815835049,
            0.06788184009078478,
            0.578796247009624,
            1.9617593828498059,
            0.7596044090478606,
            -0.003880404289125544,
            -0.4820375670519206,
            0.38487259193660456,
            0.997027506629541,
            -0.7257874381355411,
            -3.206923089132333,
            0.7562203275558703,
            -1.3183852718205613,
            -0.6499845497781411,
            0.45357998998637705,
            0.0,
            -1.708385750061061,
            0.019519923369810822,
            1.2046250695230893,
            -1.6523200598820595,
            0.4095318682195452,
            -0.3721711301485807
        ],
        [
            -1.0797015486561374,
            0.38704446722148206,
            -0.3176613134916565,
            -0.7756092887548683,
            -0.8982643635396869,
            1.389854156885297,
            2.4671731179507206,
            0.6465863839317583,
            -1.2945888746307839,
            1.267030327371365,
            -1.517519721754393,
            0.04288669630618974,
            0.2566641352364312,
            -0.5493772256938346,
            -0.6680125080673874,
            0.864762914079012,
            1.0241165894548072,
            -0.5917112688582343,
            0.12566581720857062,
            0.9681036285508017,
            0.9072689723785374,
            -1.0217791496958686,
            1.1944586999339917,
            -0.8784301931006768,
            1.033359164281237,
            -1.708385750061061,
            0.0,
            0.6687576560763969,
            -1.031882638380405,
            0.6235710239403985,
            -0.34996530375670765,
            -0.30107850326711605
        ],
        [
            0.6849070128356083,
            1.3660014219652554,
            -1.074070666813044,
            1.510918728027004,
            0.4342599556969279,
            0.616395938980903,
            1.4106232323604182,
            1.7746141022721895,
            0.3552214923584701,
            0.7723617443427239,
            0.4984736335784268,
            -0.012824734493902916,
            -0.49195253430524216,
            0.13963648403663778,
            -1.3097239670014018,
            -0.7930990517094646,
            -0.7316909939858759,
            -0.06678339042222231,
            -0.527284223287976,
            -0.1644461337345892,
            -1.0809359102967633,
            -0.9223713543468072,
            -1.2748366090077883,
            -0.8041946042106046,
            -1.3701680573758743,
            0.019519923369810822,
            0.6687576560763969,
            0.0,
            -0.7992397682435991,
            -0.37196199531410773,
            0.26086926301189217,
            -0.15858177291467612
        ],
        [
            -1.0484392948986136,
            -0.6764391555561613,
            -1.1982132463850157,
            -1.8959340634411954,
            -2.0392321408245957,
            2.791030624596974,
            0.9899448911510507,
            -0.0010725244043337944,
            -1.2728402126806817,
            0.42529261981975636,
            1.1132064452369879,
            1.001301082181183,
            -0.44675645122605934,
            1.0607938404495347,
            1.8330376357869254,
            -0.002111766509920008,
            0.32167718373132487,
            -0.39076405856736585,
            0.7113991125901624,
            0.744196694401745,
            -0.8988381898022232,
            -0.6101194785716155,
            -0.4833829319403578,
            0.9230708935464405,
            1.2417966762966384,
            1.2046250695230893,
            -1.031882638380405,
            -0.7992397682435991,
            0.0,
            1.2961804695457122,
            0.47057051904049835,
            0.3695191030497278
        ],
        [
            -1.002920200315144,
            0.9937380402260837,
            -0.9469374800169341,
            -0.1497600118479928,
            1.7120223153268757,
            0.741033823526945,
            0.381342656374301,
            -0.8386739136128719,
            -0.6555662671305251,
            -2.579107547683374,
            -1.327201624621453,
            -0.5196572642435641,
            1.335971747095024,
            -0.45492476787429625,
            0.418206353262379,
            1.2927762170513897,
            0.12575614968129606,
            0.48883065810843856,
            0.656847655345849,
            0.6601758037071863,
            -1.2832136292351952,
            -1.1829223221662197,
            3.143346039128067,
            -1.48696807750451,
            -0.5066011894585193,
            -1.6523200598820595,
            0.6235710239403985,
            -0.37196199531410773,
            1.2961804695457122,
            0.0,
            0.5563836304680521,
            0.4833297741572552
        ],
        [
            0.5129007878560077,
            0.8614455944333869,
            0.8398114619001491,
            0.4216009883251933,
            -0.31601757668886904,
            1.3968531325649822,
            -1.1938791765141383,
            -0.08206245069196504,
            1.3412216168161324,
            -0.34098709780729236,
            -0.14812126791405275,
            -0.4969256393027896,
            -1.0689800806527958,
            1.0391063908074565,
            0.011501539584453125,
            -0.7621870005832455,
            1.5280990487360986,
            -0.2769881022530903,
            0.2745633764939302,
            -1.2309937136139917,
            0.02189191679451984,
            1.4013175004482767,
            -0.09897800624791782,
            -1.1644862441734831,
            -1.4185048488363055,
            0.4095318682195452,
            -0.34996530375670765,
            0.26086926301189217,
            0.47057051904049835,
            0.5563836304680521,
            0.0,
            0.018242145541299177
        ],
        [
            -0.24628842990300095,
            -0.3089659645851638,
            0.6809997090851206,
            -1.7853392071073595,
            -0.602094725979672,
            -0.6407627444470029,
            0.8847986013280625,
            -1.297088596574898,
            0.7429803746554501,
            -1.730599874261627,
            1.1128140315021837,
            0.38563920968559007,
            -0.37149133529806233,
            0.08550983300612863,
            0.15091998144911092,
            2.8046402962820594,
            -0.19014275976424522,
            -2.448394435677983,
            -0.14686579832727942,
            -0.3310012848572847,
            1.5125619165573252,
            1.6062387177206008,
            1.3261124126993256,
            -1.1723768551715104,
            1.295600803390219,
            -0.3721711301485807,
            -0.30107850326711605,
            -0.15858177291467612,
            0.3695191030497278,
            0.4833297741572552,
            0.018242145541299177,
            0.0
        ]
    ],
    "best_energy": -131.93353477532827,
    "best_spins": [
        -1,
        -1,
        -1,
        1,
        1,
        1,
        -1,
        -1,
        -1,
        -1,
        1,
        1,
        -1,
        1,
        1,
        1,
        -1,
        -1,
        1,
        -1,
        -1,
        1,
        1,
        -1,
        1,
        1,
        -1,
        -1,
        1,
        1,
        1,
        1
    ],
    "time_to_solve": 1.0107848644256592
}