{
    "N": 64,
    "id": "46ba5a93-0e3f-4582-a951-aa68927df134",
    "problem_type": "SK Spin-Glass",
    "distribution": "gaussian",
    "spins": [
        1,
        1,
        1,
        -1,
        -1,
        1,
        1,
        -1,
        1,
        1,
        1,
        -1,
        -1,
        -1,
        -1,
        1,
        -1,
        1,
        1,
        -1,
        1,
        1,
        1,
        -1,
        1,
        1,
        -1,
        1,
        -1,
        -1,
        1,
        -1,
        -1,
        1,
        1,
        1,
        -1,
        1,
        -1,
        -1,
        1,
        -1,
        1,
        1,
        1,
        -1,
        -1,
        -1,
        1,
        1,
        -1,
        1,
        1,
        -1,
        -1,
        1,
        -1,
        1,
        -1,
        1,
        1,
        -1,
        1,
        -1
    ],
    "couplings": [
        [
            0.0,
            -0.6894051123905578,
            0.4036267940866089,
            0.5810663559633124,
            -0.591362251128865,
            0.2729582385509847,
            0.6560937687583316,
            -0.030374973012313372,
            1.005088020426284,
            0.7440594379470559,
            -1.502209308360428,
            -0.8400436249916544,
            0.658787536959924,
            -0.9088790347219959,
            -0.45372136657994566,
            -0.5105890110583317,
            -0.43523683995670226,
            -0.189376551671889,
            1.0615367447746684,
            -0.053198519797542476,
            -0.08147298314774712,
            -1.5306768435106914,
            0.34742024356546913,
            1.5117227246184635,
            -0.4904224284055104,
            0.39361556786418767,
            1.14728147127158,
            -1.0001498091385603,
            -1.9574481175616962,
            -1.287047340331446,
            0.009746097184370417,
            -0.7551005300552942,
            1.0784315479121476,
            -0.4382113580057731,
            1.0000347904084659,
            2.6108758676137884,
            -0.06847017653891907,
            -0.8805859863173863,
            -0.14186614303033288,
            1.3962135999062701,
            -0.41116320964624237,
            0.4748308561768323,
            -0.3854266254458319,
            0.7346643247934614,
            -0.21824341707359665,
            0.37981608584968973,
            1.4393601421532156,
            -0.6867357631699619,
            1.3646481644485478,
            -0.9479724755498347,
            -0.7921192934225243,
            -0.01980177342526374,
            -0.023935741747368004,
            -0.4378716628240973,
            -1.5107048669740455,
            0.21256499602699197,
            -0.07006718736069441,
            0.35657104081499374,
            1.0935783052693697,
            0.6991014772960785,
            -1.4544428889726873,
            -0.6879582795661858,
            0.7287116789681348,
            0.6977125667583977
        ],
        [
            -0.6894051123905578,
            0.0,
            0.7216329040726461,
            -0.8056533948282851,
            -1.7205196097803233,
            0.39608777870572237,
            0.6047991724273645,
            -0.05291517807741828,
            0.2442888256881756,
            -1.6692777365866642,
            0.013703724262165552,
            -1.2871859977537052,
            -0.389017447482992,
            -0.189726973241189,
            -1.0165195101518198,
            -0.06444736401241191,
            0.12069270055407369,
            1.4245239653938366,
            -0.5405331338340601,
            1.6645660275049112,
            -1.0688048099768774,
            -1.5281429888691052,
            -0.015193710596381598,
            -0.6269155308771559,
            0.9516418068604803,
            -0.21858342255612545,
            1.1491321764501015,
            0.4565201309850491,
            -0.05935961391586921,
            -1.047082113897046,
            0.626399687876498,
            -0.5879753062394023,
            -0.15203600662184544,
            1.046481292970356,
            0.07760614046391008,
            1.064763365516006,
            0.5241232563482353,
            1.9954394616772366,
            1.7206865911884248,
            -0.7100459813175076,
            -0.02329881985281867,
            -0.9406527988963543,
            -0.34183051826938,
            0.4804001233828201,
            -0.5662063716265712,
            0.2893329727898736,
            -1.493839995877777,
            0.7419162551360072,
            2.076939457479988,
            0.8308052129755419,
            -0.29025857834810476,
            0.584616897834882,
            -1.2572542675107898,
            0.30596531592975623,
            -0.17637107233743218,
            -1.4737666713137483,
            -0.15586841985305733,
            1.16286649905411,
            -1.558427959698552,
            -0.3220352964883611,
            -0.39568466066601926,
            0.0586653547864762,
            0.625450217759508,
            1.4966612683691094
        ],
        [
            0.4036267940866089,
            0.7216329040726461,
            0.0,
            -0.9536295355263279,
            0.03544749634391681,
            -1.1143370814352105,
            0.2925215034605498,
            -0.30021884522783054,
            0.15283437603826255,
            -0.04395694964422858,
            -0.21641507695162854,
            -0.17032738004751233,
            0.9569846918592041,
            -0.8043710830018056,
            0.7622483621527669,
            0.7472047369047936,
            0.5207815002946551,
            0.7172153159151409,
            0.22165565960842726,
            -0.07760912169100763,
            0.6652974213258948,
            0.9957745473841135,
            -0.13125384007316893,
            0.1201122978647559,
            -1.5362972934319061,
            0.6816818571864974,
            1.2974264186581712,
            0.780599746904231,
            -0.18368810849078146,
            0.7666591488635972,
            0.044311754598811294,
            0.05498777274492047,
            0.03911714907008008,
            0.6174368869470868,
            -0.9972250062051271,
            1.6317092983092616,
            -0.8446895541939373,
            0.1764958594062451,
            -0.21039194043994677,
            0.9358325181048608,
            0.24409119432864532,
            1.1170692547953354,
            -1.692440818157781,
            -0.851202293347708,
            0.31009870511367926,
            0.8802630683148694,
            0.3475875273794744,
            1.4651571374710342,
            1.1398827446264488,
            -0.7765924248958591,
            -1.4466876566018176,
            -0.2303195658362524,
            -0.7686529865649477,
            0.9823069720522668,
            -0.5190164364035241,
            1.1041710780421141,
            0.15863021069351435,
            1.3372505508591015,
            0.6760639567731966,
            -1.3010632585025592,
            -0.8857127637281075,
            -0.3868139951138501,
            0.2834247374564691,
            0.38271654843479885
        ],
        [
            0.5810663559633124,
            -0.8056533948282851,
            -0.9536295355263279,
            0.0,
            -0.22184750332559733,
            -0.48096662128585216,
            -1.0015125621801577,
            -0.2776776650792401,
            0.4495557066446443,
            0.6549447279886932,
            -0.1451629551257116,
            0.8286310525322504,
            -0.7945410819337991,
            -0.18018331408345994,
            0.19843594495639602,
            -0.75453141499483,
            -0.5948699693679004,
            -0.9825142776508202,
            0.08408029202412423,
            -0.11766863482342034,
            0.19537025755075305,
            -1.096108825087175,
            0.5325944089255954,
            0.0968301478264407,
            -1.0770294561918616,
            1.9247252915559796,
            1.2235138554544016,
            1.5342189997339535,
            -0.06580680430295417,
            0.7449003624561644,
            0.29305577121197157,
            -0.38227591954083584,
            0.715597723649507,
            0.42075503633081274,
            -0.6991089944693784,
            0.4603541181768371,
            1.0352056555598954,
            0.22298111219343342,
            -0.12887272194485838,
            0.43723734796931757,
            -0.10676681511394813,
            -0.9373798902811968,
            0.7809313051583855,
            1.5373900879806504,
            1.0188700459057953,
            0.8201400809993309,
            1.0430931744588186,
            2.154751988799198,
            0.7139957997419402,
            2.1021265848306707,
            -1.2101740939913996,
            -0.47589591740817955,
            0.1053881230888197,
            -1.5778491819209097,
            0.009561430382870714,
            -1.0939275465973481,
            -0.7071144941117781,
            -1.3024761189454348,
            1.896119715467766,
            0.22367426332523987,
            0.41246038821012937,
            0.561897180732466,
            -0.7325460397878968,
            -1.0820844874044742
        ],
        [
            -0.591362251128865,
            -1.7205196097803233,
            0.03544749634391681,
            -0.22184750332559733,
            0.0,
            -1.7668127457855625,
            -0.05273180086814299,
            1.2737187561066143,
            -0.5586614923761897,
            -1.9032899987401002,
            0.21639526640843743,
            1.1781536286537568,
            0.826632825948244,
            0.5166002487327441,
            0.11800784732138044,
            -1.0467759561964187,
            -1.4461781505767188,
            0.07957602730835629,
            -0.9617787285429061,
            0.6397930552221579,
            0.10604757018407092,
            -0.9649110040014228,
            -0.25328179276340657,
            -1.0402619682047798,
            -1.0405798205314174,
            0.6172582912479178,
            -0.2723837237540635,
            -0.7609623431853547,
            0.17449231234075738,
            -0.7734417176099624,
            0.037688621755122456,
            0.9543744079796284,
            -1.5132587343477466,
            0.23491924677348383,
            -0.05554474177206047,
            0.9767246666510152,
            0.12498551945360313,
            0.5637886519008894,
            1.1787667741686931,
            -0.6572624144197386,
            0.41168498491694805,
            -0.71600329183397,
            1.8629829418714081,
            -1.5403578338695791,
            -1.114906699562896,
            0.1969995350941448,
            -2.9160097459455625,
            -0.6313250243838427,
            2.722559926197551,
            1.1393463363433254,
            -0.38210670247505,
            -0.7072906161915774,
            2.29758507596436,
            0.6946244980296585,
            0.43299921884038134,
            -0.7539651118735369,
            -0.7421722331183236,
            -0.144109229204843,
            -0.14361449870913592,
            -0.32331815624507837,
            -0.006243090944538093,
            1.7435588275501248,
            0.3596868482193404,
            -0.6730073099026661
        ],
        [
            0.2729582385509847,
            0.39608777870572237,
            -1.1143370814352105,
            -0.48096662128585216,
            -1.7668127457855625,
            0.0,
            1.1763559536418469,
            0.13260150228536605,
            1.1141630043653423,
            -0.42140197071612595,
            -0.4377205049417043,
            1.335586731782299,
            -0.8684062099386008,
            -0.9371739760141308,
            0.6148067774038154,
            0.5991939724357392,
            0.5784542343036825,
            -1.3068125491252771,
            -0.2503458416349212,
            -0.2166801612262187,
            -0.6967074479006162,
            0.8553862352640293,
            -0.32305213126943716,
            -0.5959612522100423,
            -0.7931390460676847,
            0.06626365229576286,
            -0.15695759352941938,
            -0.2423692870364111,
            -0.11371833732249133,
            -0.4074306710321186,
            -0.5099292357928163,
            -1.4984166975987943,
            -0.5416400346570813,
            -0.5685366763534754,
            -0.14285786710269233,
            1.408581504695457,
            -0.6806316689883403,
            -0.860599480306126,
            0.3842527942680565,
            -0.10288443457653626,
            1.011632371794808,
            -0.7147612656009882,
            0.7484229390969633,
            2.1418918828744244,
            -0.21512465522535384,
            -0.35358463427082204,
            0.4339394783797593,
            -0.5525763242526598,
            -0.7224735667412732,
            -2.1437596586690217,
            -0.2669477230407158,
            -0.7738264531415251,
            0.572983621945856,
            0.474221086409021,
            -0.7040005532635086,
            1.469925692491101,
            2.165374928728308,
            -0.16762238832495643,
            -1.7365977259507437,
            -2.9946423073103325,
            0.7369023573610438,
            0.01927818528305256,
            0.1656523188300373,
            1.0034564329049338
        ],
        [
            0.6560937687583316,
            0.6047991724273645,
            0.2925215034605498,
            -1.0015125621801577,
            -0.05273180086814299,
            1.1763559536418469,
            0.0,
            1.4434197716467168,
            0.30357496175024123,
            -2.0412530171245806,
            -0.6311732327053317,
            -0.7882291767431094,
            1.4889554247063286,
            0.7668837585378345,
            -0.3483900859864811,
            0.5758391739181506,
            -0.40740397645694343,
            -0.1894366338470008,
            -0.006778286907213097,
            -0.535373026916873,
            -0.11425533710772116,
            -0.8995543130501942,
            0.12081630263563756,
            0.6270505994052966,
            0.38901479217260587,
            -1.1076845245882905,
            0.5424892998970668,
            0.35422177634713703,
            0.7053739794276732,
            1.3433067130309668,
            1.4593417323334472,
            -0.8382415353090706,
            -0.19889919137269804,
            1.3914532654628955,
            1.0248839009410093,
            -0.3687380997670384,
            -0.40145452539477183,
            -0.19084868500040936,
            0.6216129383696594,
            2.548580101034981,
            0.09470617954460875,
            -2.5618913751686363,
            -0.692292659630468,
            1.367936007381274,
            0.9841119874728399,
            0.23946199242361077,
            1.3238649625449448,
            0.37897860168403136,
            -1.0013098309046977,
            0.6913204472856078,
            0.17965454363531566,
            -0.32061434929137667,
            -1.256586662446955,
            -0.10923471491020548,
            1.7127632735098486,
            1.0782561543625402,
            0.6758050129552841,
            0.5449454553045486,
            -0.16063827635405814,
            -0.7125584731557625,
            -0.6363051222064093,
            -0.34149235386243226,
            0.8459457334041406,
            1.4543956457793927
        ],
        [
            -0.030374973012313372,
            -0.05291517807741828,
            -0.30021884522783054,
            -0.2776776650792401,
            1.2737187561066143,
            0.13260150228536605,
            1.4434197716467168,
            0.0,
            1.8403192952426188,
            -1.0923842466384075,
            -0.12886739024871297,
            -2.341172197419316,
            0.6059293104059916,
            -0.9324856033714741,
            0.32604961811148064,
            0.713439948310413,
            -1.521492719903435,
            0.36176046666051753,
            1.2854188033470413,
            0.4955265138472394,
            -1.0623062239360173,
            -1.7706609156199316,
            0.3652309808248165,
            1.2318017706407736,
            -1.3393841438496354,
            -1.8071942989193437,
            -0.2784692148391935,
            -1.585574862122245,
            0.48217124668077693,
            0.8502258488903124,
            -0.9576114952745758,
            0.09964202980054078,
            1.4783055209848985,
            -1.22672442404516,
            0.041548492630810355,
            2.7623699428421533,
            -1.050100972525805,
            -0.1700359572708584,
            0.8128391717177724,
            -0.5298886480625566,
            -1.5341662838455958,
            -0.8908448873291925,
            0.5050557828032484,
            1.3904891884324106,
            0.1083352041066201,
            0.03692538106763046,
            -0.5793032996870434,
            -0.39318845988687395,
            0.2134886827458626,
            0.3615092221048542,
            -1.5825741684055985,
            1.3571543271432014,
            2.006617289159415,
            -1.7503172966783633,
            0.08720684864014118,
            0.43709972312955564,
            1.3341223061667993,
            0.4737415280574147,
            -1.269896077089018,
            -1.0398871356463837,
            -0.4838662040444494,
            -2.1562654917205233,
            0.05285282189284355,
            0.07173653509658566
        ],
        [
            1.005088020426284,
            0.2442888256881756,
            0.15283437603826255,
            0.4495557066446443,
            -0.5586614923761897,
            1.1141630043653423,
            0.30357496175024123,
            1.8403192952426188,
            0.0,
            1.2144943464073612,
            0.09698757640101893,
            -1.3727910588122303,
            -1.2392008028519907,
            1.7238735266096483,
            0.6635777771371889,
            1.964249195247311,
            -2.179793601082856,
            0.8120513313764282,
            0.35937462537844717,
            -1.2617280750701882,
            -0.5490104321076359,
            0.9615624717580507,
            0.5355090193700321,
            -0.7643718171342044,
            -0.3883871491376985,
            -0.36953078285914687,
            0.5852113778318967,
            0.08631241766610326,
            -1.0685219495498666,
            0.47922685660606096,
            -0.6546586197684919,
            0.3188415919347779,
            -1.3294735133839934,
            -1.8999095762248717,
            1.108600597608115,
            -0.24233559063700882,
            0.16893762946665772,
            -0.07681220240018333,
            -0.24472296372592883,
            -1.2610819537976252,
            0.5659489456328914,
            -1.3068077793271629,
            0.04063359320005545,
            0.6062070366508042,
            1.599302334635647,
            -2.139860065847302,
            -2.1176125637801015,
            0.3458355402904919,
            1.426834386028551,
            0.6213107271130451,
            0.45103478964771443,
            -0.2743196187359075,
            0.6177500619510895,
            0.5333778929350482,
            1.4807905472487475,
            0.6603979005404473,
            1.9747700572711757,
            1.2813910866430303,
            -0.9033479006463119,
            -1.0211518150083687,
            -0.6837185941023978,
            1.855225941272066,
            -1.6816085163307923,
            -1.180595012027796
        ],
        [
            0.7440594379470559,
            -1.6692777365866642,
            -0.04395694964422858,
            0.6549447279886932,
            -1.9032899987401002,
            -0.42140197071612595,
            -2.0412530171245806,
            -1.0923842466384075,
            1.2144943464073612,
            0.0,
            0.5944737802765369,
            -1.9345746293125903,
            1.037994053925576,
            0.6193905076902262,
            -0.11440627310603343,
            1.125911456557212,
            0.2344514717843233,
            1.6597985616792497,
            0.3562339922651956,
            -0.38173977010208504,
            -0.16645823098574228,
            -1.113513870092298,
            1.3305706973920448,
            -1.1458854573253485,
            -1.1656189426003833,
            0.2581614713305395,
            2.0732298128217623,
            0.22141848518199325,
            -0.17647506312963326,
            1.1204851100941142,
            -0.5828703382456932,
            1.1108703732853549,
            1.9704359170112582,
            -0.5741923938354861,
            0.3452756539662987,
            1.0498045887665213,
            1.1647955168177204,
            -0.6951872138892329,
            -1.2441260544676989,
            2.224368893970607,
            -1.1936552728761831,
            0.7688426707982947,
            0.8984133639508188,
            -0.44102008538358667,
            -1.2858252779849548,
            -0.5856744742826933,
            0.9307566605091596,
            1.2161751597793469,
            -0.3956383883852618,
            0.8480236045130208,
            1.1201299472347,
            0.6877951616635788,
            0.8520404058924156,
            -1.351050648270307,
            0.5734216831317803,
            1.05232779026131,
            -0.7310171750700865,
            -1.7864340526522395,
            -0.06411082370798295,
            0.6363326994676277,
            -1.1299688065139224,
            0.061648333270683586,
            -1.169954341861501,
            -0.2135367900003804
        ],
        [
            -1.502209308360428,
            0.013703724262165552,
            -0.21641507695162854,
            -0.1451629551257116,
            0.21639526640843743,
            -0.4377205049417043,
            -0.6311732327053317,
            -0.12886739024871297,
            0.09698757640101893,
            0.5944737802765369,
            0.0,
            0.2839952661450973,
            -0.2523463075313234,
            0.9281638650354062,
            0.24384358836434508,
            -1.2165687552849194,
            -0.7590143589832655,
            -0.6469828721268976,
            2.0865020568683024,
            -1.74407443855594,
            0.6861082809872958,
            -0.7424101769280429,
            1.0110913265722992,
            -0.8219775665534249,
            -1.502831345315334,
            -1.0862096098098761,
            -0.4146792649161813,
            0.7680122694739536,
            1.8349712464665788,
            -0.7324518065311174,
            0.6425596922882052,
            -1.4713588913953106,
            -0.2869953823152782,
            -0.21407935313425824,
            -1.3904327165530026,
            0.33664993127648035,
            0.5448406397447216,
            -0.5942512379521141,
            0.5412483877945328,
            -0.1718920641503672,
            -0.8075437176663128,
            1.2325285067964453,
            1.248894241397653,
            -0.12875571401716585,
            0.8999762468237801,
            0.3844948820164606,
            1.871876309074176,
            0.05090640620454278,
            -0.6346918435509803,
            0.585513029800711,
            -2.137887821648423,
            -1.48948089606634,
            0.609578186916329,
            -0.38866993023858,
            -0.8124376597970342,
            -0.6941603499226024,
            -1.9528424263686028,
            0.9420499703724218,
            0.5506350983837357,
            0.496807974220039,
            -1.1843893601506037,
            2.2169461323558277,
            0.7621543195809954,
            -0.785687446252714
        ],
        [
            -0.8400436249916544,
            -1.2871859977537052,
            -0.17032738004751233,
            0.8286310525322504,
            1.1781536286537568,
            1.335586731782299,
            -0.7882291767431094,
            -2.341172197419316,
            -1.3727910588122303,
            -1.9345746293125903,
            0.2839952661450973,
            0.0,
            0.059902738396139237,
            0.3975403372963618,
            -0.19348506006192467,
            0.18293920817519096,
            -1.1924281347253625,
            1.5921692674277803,
            -1.0529817727936785,
            0.22733905704651572,
            -1.5873584373965568,
            0.2979529385543729,
            1.1483556160161639,
            -0.6617779983250707,
            0.425083168146304,
            -0.6699777979332838,
            2.1747921671423125,
            1.498262367636137,
            2.6684956832418094,
            0.369465058647278,
            -1.134361486740933,
            -0.12446496863891757,
            0.07196207312315932,
            1.0410026757940618,
            -0.00668489882425627,
            1.0191281988234657,
            1.3074124560459979,
            0.28729935237612886,
            0.5906390780994384,
            -1.0527603142580975,
            -0.5580099834541872,
            0.3411840021602912,
            -0.0966237206187354,
            1.903313460348863,
            -0.07046503695662752,
            -0.6433520034842208,
            1.391836122242553,
            1.9089201418913107,
            -2.055987779444942,
            1.9462982078187052,
            -0.29300318275826176,
            -0.936298206410995,
            -1.499702790843015,
            -0.6560955516985673,
            0.8316339685172424,
            0.3857849862632822,
            0.17666714564213323,
            0.6739459064148361,
            -0.4271945205529699,
            0.6879743207431971,
            -0.8048359025892633,
            1.2626672334449103,
            1.2238600204286703,
            -0.6486931497187667
        ],
        [
            0.658787536959924,
            -0.389017447482992,
            0.9569846918592041,
            -0.7945410819337991,
            0.826632825948244,
            -0.8684062099386008,
            1.4889554247063286,
            0.6059293104059916,
            -1.2392008028519907,
            1.037994053925576,
            -0.2523463075313234,
            0.059902738396139237,
            0.0,
            -1.2427868504492499,
            0.07026622143499472,
            -0.3242874601550265,
            -0.9173730844908778,
            0.013133243992203194,
            -1.6188206301280585,
            1.2463683888696735,
            -0.0987477719429051,
            -1.1011992909997204,
            0.00098361476662134,
            0.9190742055928619,
            -0.7816613449257475,
            -0.1854060724570553,
            -0.07791315114255565,
            -1.1371057596950944,
            -0.8836222158342784,
            0.6654132956461927,
            0.6026362466584485,
            1.1408024163244155,
            -0.042681306358562064,
            0.8931868294596315,
            -0.4630915943133768,
            0.7723368756962674,
            0.6267874259375984,
            -0.6301207033389564,
            -1.0815822759864697,
            0.2930739414114848,
            -0.23174411636400905,
            1.4301067787766417,
            1.2189388010217854,
            -1.876026059314692,
            -0.12246315534551941,
            1.6580446830329005,
            1.4479372366374967,
            -1.3994360104268426,
            -0.3739220515993433,
            1.0443469961910234,
            0.7267063966602916,
            0.09035603916373829,
            -0.5723185034041584,
            0.08294762883660742,
            -0.964585135446693,
            -0.65085475794803,
            0.1993714778196334,
            -0.11353651422228048,
            1.3164281967675542,
            -0.9250886184997109,
            0.9402030306840526,
            0.9702335106046132,
            3.1190693389411432,
            -0.0881894997739532
        ],
        [
            -0.9088790347219959,
            -0.189726973241189,
            -0.8043710830018056,
            -0.18018331408345994,
            0.5166002487327441,
            -0.9371739760141308,
            0.7668837585378345,
            -0.9324856033714741,
            1.7238735266096483,
            0.6193905076902262,
            0.9281638650354062,
            0.3975403372963618,
            -1.2427868504492499,
            0.0,
            -0.6527608455075365,
            0.34780699726926967,
            -0.2528745635662259,
            -0.6342371086402565,
            0.1451056985635548,
            0.1888897939519168,
            0.2531723730166784,
            0.07178505792974524,
            0.34158280671557306,
            1.7722332333088773,
            0.06472288187690793,
            -1.0629902848947097,
            -0.741659017776081,
            -0.2715387636052875,
            -0.0934906078962611,
            -0.490820948875486,
            -0.7597856703989234,
            -0.20710608383329773,
            -0.6539553523786074,
            2.285068806781163,
            -2.093925821194807,
            0.3522799049572452,
            1.1877446905388644,
            -0.2692413238188411,
            0.6860268790118377,
            0.2157362898815389,
            -0.741645959990837,
            -0.7003741290323221,
            -1.5439106813065038,
            -1.150106377922622,
            0.75302573210726,
            -0.4422855913589902,
            -0.03850352430594087,
            1.0305312369442672,
            -0.31514589397676007,
            0.9514345028211171,
            0.7548632751872003,
            -0.901437369870797,
            0.23212192907597565,
            -0.032882715471685864,
            0.47563413329738524,
            1.325237116654242,
            0.10205088009297067,
            0.11571197551373466,
            -0.19022479180888607,
            -0.5310874177027897,
            -0.2772663255824966,
            0.8930035240429436,
            -1.7536856215621355,
            -0.7052296122272576
        ],
        [
            -0.45372136657994566,
            -1.0165195101518198,
            0.7622483621527669,
            0.19843594495639602,
            0.11800784732138044,
            0.6148067774038154,
            -0.3483900859864811,
            0.32604961811148064,
            0.6635777771371889,
            -0.11440627310603343,
            0.24384358836434508,
            -0.19348506006192467,
            0.07026622143499472,
            -0.6527608455075365,
            0.0,
            0.6272404831308945,
            0.22127322619311007,
            0.5071325240311861,
            -1.1113704806756728,
            -0.9385163750184483,
            1.7490058286152483,
            -1.1070365518032166,
            1.0715082465665469,
            0.9565315912063815,
            -1.269778778710445,
            0.9611468952693507,
            -0.14691787570583123,
            0.29157999614637675,
            1.0068492464262748,
            -0.3342924873482583,
            -0.1115250276199377,
            -0.8251423295199747,
            -0.9927395427006946,
            -1.5301851523051526,
            1.09876593479141,
            -1.0393001879646369,
            -0.8010162933992487,
            -0.05910748330147243,
            1.2465151789509188,
            -2.707484010264735,
            1.3432667345979858,
            0.008277832168020326,
            0.9294161169311792,
            0.06808357343295689,
            -1.4664073268836908,
            0.6299886061743968,
            -1.3885742484797035,
            2.056923424094493,
            2.339360487737476,
            0.612030003075204,
            0.9855769094253645,
            1.1122044902368584,
            -0.6458000186421161,
            2.167240653055322,
            -0.9095655192516503,
            1.2532764513884689,
            -0.3844905657483948,
            0.7066316191006932,
            1.1298877310803885,
            0.3449902682833554,
            0.8962041025444478,
            0.8626737755964925,
            0.7133872971869867,
            -1.1134404822164812
        ],
        [
            -0.5105890110583317,
            -0.06444736401241191,
            0.7472047369047936,
            -0.75453141499483,
            -1.0467759561964187,
            0.5991939724357392,
            0.5758391739181506,
            0.713439948310413,
            1.964249195247311,
            1.125911456557212,
            -1.2165687552849194,
            0.18293920817519096,
            -0.3242874601550265,
            0.34780699726926967,
            0.6272404831308945,
            0.0,
            -2.4649952035293476,
            -0.6721452581581842,
            0.01630739458699942,
            0.17841206471461712,
            -0.9280694033319113,
            -1.1623747576533827,
            0.30574050111912116,
            1.5471492028446143,
            1.8324333162868391,
            -0.8345635031894216,
            -0.9588386850009718,
            0.02361341551063309,
            0.07571700898805074,
            -0.3634497576129203,
            -1.0954273028552635,
            0.6796806635457666,
            0.31320811549801214,
            -1.017086354988381,
            2.1501892209034215,
            0.5610297098453647,
            -1.2367699422279566,
            -0.8283202494246669,
            1.263455382998371,
            0.369145457954086,
            -0.5926960625866354,
            0.7637181915351869,
            1.5287340574503314,
            1.569045962695441,
            0.13730844563734682,
            0.21663889122351906,
            0.4456322371824096,
            -0.10245965420047512,
            1.209291430790946,
            0.5227386227578849,
            -0.6168346931006661,
            -1.4826196393496731,
            2.5704982705697947,
            0.3317779758957368,
            -0.04232726081103217,
            -1.2269493767805546,
            -0.24906910337817514,
            0.9009172090739761,
            -1.3783527285648964,
            0.6988113119937419,
            -1.178327874542099,
            0.880353960248032,
            0.889107201280218,
            1.0817551781525776
        ],
        [
            -0.43523683995670226,
            0.12069270055407369,
            0.5207815002946551,
            -0.5948699693679004,
            -1.4461781505767188,
            0.5784542343036825,
            -0.40740397645694343,
            -1.521492719903435,
            -2.179793601082856,
            0.2344514717843233,
            -0.7590143589832655,
            -1.1924281347253625,
            -0.9173730844908778,
            -0.2528745635662259,
            0.22127322619311007,
            -2.4649952035293476,
            0.0,
            -0.2571005966699354,
            -0.013091407463750945,
            -0.42674191424013425,
            -1.116064198162781,
            -0.24211975773589262,
            0.3947521807336285,
            -0.1408808583251765,
            1.5908536102695299,
            -0.44132512061642293,
            -0.4240559508532533,
            -1.098311918683476,
            -2.164698501523442,
            -0.7469517638644543,
            -0.4301167090243072,
            -0.7939683982417216,
            -0.0275264001142567,
            0.8711147645585386,
            -1.1907381664891823,
            -0.025229730403645966,
            -0.8660411771893728,
            0.32854654609146366,
            0.6804266812663179,
            0.5152524800753754,
            -1.1280135742806132,
            0.03334874011560267,
            -1.3790406976144887,
            -0.26234631564574257,
            1.064554126455971,
            -1.8115764028740917,
            0.39933104418645154,
            -0.4150995453304676,
            -0.7185945236656937,
            -0.2033772461347488,
            0.4127291432052416,
            0.6062383629840795,
            -1.4413638783481715,
            -0.4476330803870562,
            0.25469898105732897,
            0.5258844851739869,
            -0.31612147441819766,
            0.7512757994791162,
            -0.1618549075850449,
            -0.17404651118052628,
            -0.8581912004034784,
            -0.5277830838335907,
            -1.143411037995282,
            1.0912680985383574
        ],
        [
            -0.189376551671889,
            1.4245239653938366,
            0.7172153159151409,
            -0.9825142776508202,
            0.07957602730835629,
            -1.3068125491252771,
            -0.1894366338470008,
            0.36176046666051753,
            0.8120513313764282,
            1.6597985616792497,
            -0.6469828721268976,
            1.5921692674277803,
            0.013133243992203194,
            -0.6342371086402565,
            0.5071325240311861,
            -0.6721452581581842,
            -0.2571005966699354,
            0.0,
            -0.7211754882730766,
            -0.7170103047136408,
            -0.4393475328706201,
            1.018056110626531,
            0.25205253255738547,
            -0.6427017392023466,
            -0.16201778662955993,
            -2.260666999636497,
            1.5687665550395613,
            0.5003184755413287,
            -1.0377439901350776,
            0.7438614558321579,
            -1.3554469017146487,
            1.775774416347269,
            0.7633052790380183,
            2.039893243353856,
            -1.129729989505388,
            -0.6860530025576654,
            -1.0640258464983494,
            -1.6929924378106234,
            0.8071140493346112,
            1.4219544140612976,
            -1.3760474634129891,
            1.085704803086477,
            -1.0152883747596888,
            -0.7581627638219879,
            -0.13267756942001716,
            -1.5890394129280436,
            -1.8476561006471592,
            1.1498851920022435,
            -1.335180169989367,
            0.23859123826757808,
            1.3621066256249985,
            -2.1755305944221863,
            1.0370579091978986,
            0.6310735491035074,
            0.5134657620535554,
            0.7718922597314698,
            0.8900759061751441,
            -0.31729803151903063,
            0.5412691696292554,
            0.8834485966601596,
            0.7944193412022007,
            -0.10683672305695,
            -1.5577790996083445,
            -0.16225830986275488
        ],
        [
            1.0615367447746684,
            -0.5405331338340601,
            0.22165565960842726,
            0.08408029202412423,
            -0.9617787285429061,
