{
    "N": 64,
    "id": "853e3ce0-fa13-41b8-88f1-03ee0650e488",
    "problem_type": "SK Spin-Glass",
    "distribution": "gaussian",
    "spins": [
        -1,
        1,
        1,
        -1,
        -1,
        -1,
        -1,
        1,
        -1,
        1,
        -1,
        1,
        1,
        1,
        -1,
        1,
        -1,
        1,
        -1,
        1,
        -1,
        -1,
        1,
        1,
        1,
        -1,
        1,
        1,
        -1,
        -1,
        1,
        -1,
        -1,
        -1,
        -1,
        -1,
        1,
        -1,
        -1,
        -1,
        1,
        1,
        -1,
        -1,
        -1,
        -1,
        1,
        -1,
        1,
        -1,
        1,
        1,
        -1,
        -1,
        1,
        1,
        1,
        -1,
        -1,
        1,
        -1,
        -1,
        1,
        1
    ],
    "couplings": [
        [
            0.0,
            -1.5329680097967886,
            1.5598483202604614,
            -1.7634831802381192,
            -2.0222279711256794,
            0.6016912649931826,
            -0.2828386336930077,
            -0.6476627075757883,
            3.0751727289756023,
            1.7757313127680994,
            1.1308105539675304,
            -0.03520322197283937,
            -0.5650001196783624,
            -0.4731776277694397,
            -0.5850320633363594,
            -1.4927384416556828,
            -0.8504366381885188,
            0.8537299577830642,
            -0.2814209172640273,
            -0.8681840197714201,
            -1.1369077914807262,
            -0.5638214936989605,
            -1.5696966149998144,
            -1.2131257670851907,
            0.5598317572386534,
            -1.1746980470702542,
            -0.10325639054530374,
            -1.370293939941049,
            0.024152107683834356,
            -0.6576840364168601,
            0.7913399685243564,
            -0.49863614784126153,
            -0.9472787778000937,
            -1.6846178731094301,
            -0.2610739020260031,
            0.1510439904022954,
            1.61978160724635,
            -0.4931009082006564,
            -1.7313185970137748,
            0.37898881439434484,
            1.5592270133534851,
            -0.3718852313373218,
            -0.8803399338710947,
            1.0706060451040602,
            -0.3109677321158893,
            -2.5490791271473787,
            0.6700682869276039,
            0.5437515557970091,
            -0.3780302148588849,
            -0.6741140200742399,
            -0.4058389173784206,
            -2.424907411480307,
            -0.7657378076354932,
            0.3006392409217256,
            -0.6601392671358586,
            -0.5736594009760165,
            0.7309366654386078,
            1.5963381875298777,
            1.1297918472810813,
            0.41599527598355684,
            -0.07192821553471188,
            0.2962698311508314,
            -0.06242726461706625,
            -0.40135117689900573
        ],
        [
            -1.5329680097967886,
            0.0,
            1.4286676618311336,
            -1.181588137125033,
            0.4808940763838329,
            -0.27512211919030316,
            0.6427891459098597,
            1.3186426150529447,
            0.1860631463875615,
            -0.1067184527116395,
            -0.7766103493235996,
            0.00851497645692471,
            -0.456371927873485,
            1.1978741069947731,
            -0.41302278863921765,
            -0.6038337698887256,
            0.9326596095077299,
            2.126914906451055,
            -0.34743618529802284,
            0.23223829609034835,
            0.928697028684124,
            0.34922890527648387,
            -1.6447271938773622,
            0.01919655182770488,
            -0.44709043687865424,
            0.20490076417074746,
            -0.7628976580212191,
            -0.15712522845947957,
            -0.061451080278229195,
            0.469817011899192,
            -1.4231538628467393,
            -0.3023576650535035,
            -0.8393244587164522,
            -0.030279231244401676,
            -2.6784187473242866,
            0.284301076543617,
            -0.9032161573590092,
            -0.10407852933907406,
            -0.37649903057667106,
            -0.41962368881261025,
            0.026604722155181646,
            -1.6493998196531003,
            0.10550424065156166,
            -0.39496029960564843,
            0.6275871753235691,
            -0.4451309733547793,
            1.7619900920672933,
            1.6197300150952527,
            0.9489013765743247,
            -0.6119510564652434,
            -0.03131780237066275,
            -1.2743043605184692,
            0.1913113378064151,
            -0.41287229270532466,
            0.2411090335829732,
            1.594406791976644,
            1.1891278482151837,
            0.17185210559131092,
            1.5738590959777348,
            2.9570872333244442,
            1.1379518055393647,
            0.9659143911069834,
            0.5296652214337697,
            -0.7482455898518173
        ],
        [
            1.5598483202604614,
            1.4286676618311336,
            0.0,
            1.140321569743816,
            -1.2106364463629773,
            0.9936924264624425,
            0.4859342701440823,
            0.7913207902872925,
            1.55090773977156,
            0.5933735836591417,
            -0.4017932662053606,
            -0.020525986026396204,
            -0.5536499014676951,
            -1.338954486280996,
            0.20548930141132304,
            -1.7127588098010575,
            0.030719778454734316,
            0.45949519888761226,
            0.23711859994231485,
            -0.030468473154016754,
            0.29607341552569116,
            0.0830139705324985,
            -1.1088703271328522,
            0.7961801415168788,
            -0.9722120940072835,
            -0.40856276292491145,
            -1.3539670314133163,
            -0.6111438515644142,
            -0.09222431174230857,
            0.8080440576047023,
            1.3638924825330059,
            1.6910515784225786,
            2.511557697274518,
            -0.4281140978909131,
            1.3486645229142906,
            0.5633741829530221,
            -0.6891645071508619,
            2.169714529684327,
            -0.22356047399372928,
            0.0023021853723116195,
            0.2879554234545914,
            0.4285805275852708,
            0.2624502676711468,
            -1.439777583118645,
            0.9297431303251475,
            -1.0692806710399105,
            -0.458409858108981,
            1.0299263920177522,
            1.3956810933424666,
            -0.26772023695078373,
            -0.030527233873017694,
            -0.18771989871997152,
            0.03382325441021547,
            -0.7144612604691147,
            0.43180905955818816,
            -0.38442028592984034,
            1.151762438654719,
            0.9111135696127683,
            0.3888772042482625,
            0.9292859735140904,
            -0.890494711172936,
            -1.5326968309899751,
            -1.1686217659061542,
            0.2998489844642266
        ],
        [
            -1.7634831802381192,
            -1.181588137125033,
            1.140321569743816,
            0.0,
            -1.2774194879309888,
            -0.32749146420879377,
            0.34166595687664625,
            -0.34549469773468094,
            1.282722184288288,
            0.26887373227298444,
            0.14996201463667957,
            -1.7376914328519641,
            -0.40495158909941104,
            -0.9893951655766589,
            0.38499077841763096,
            0.5481415104467213,
            -0.2992667616849039,
            0.9620454857258631,
            0.7250090152495419,
            0.3339309587993323,
            -0.1641041020069928,
            -1.134363160676712,
            0.811706868685674,
            -0.048858649994163526,
            0.16605937589354558,
            -0.519384032585565,
            -0.07110808125182597,
            -1.5335076583440428,
            1.2541105980023355,
            0.08519830732704545,
            -0.5366676481555496,
            0.024772481792676687,
            0.5651997733712992,
            -0.3652645903828044,
            0.5541519431567152,
            -1.5488980499277116,
            -1.4910369202643652,
            -0.02759596009322143,
            0.6799651354925624,
            0.4615608991976759,
            -0.8623079226539351,
            -0.41603596495050377,
            -1.110611238209544,
            0.5816545274028083,
            -0.026904049550656405,
            -0.9002824992744842,
            2.0084043291297147,
            -0.1105408831599341,
            0.3369128229737066,
            0.301179995384268,
            0.9068529206847254,
            -0.012676002711956761,
            0.07864421765107453,
            0.40237987935057123,
            0.23988589894897897,
            -0.5202598796215752,
            -0.5912189263013373,
            -0.16066243610003314,
            -0.8459689299240198,
            -1.1401195153190125,
            0.84421901479615,
            1.35916365269457,
            0.4991701625785631,
            -0.11702991953955558
        ],
        [
            -2.0222279711256794,
            0.4808940763838329,
            -1.2106364463629773,
            -1.2774194879309888,
            0.0,
            -0.5829652890043437,
            2.048801964398484,
            -0.04851895350351594,
            0.3696043996939565,
            1.25868365074885,
            -0.43267054919181025,
            -0.8101025675033383,
            -0.21474625962084273,
            -0.2933371429369787,
            -0.7085097725079984,
            -0.7294742665209362,
            1.1853550292326431,
            -0.35792748591366363,
            -0.21141933143290437,
            -0.32889300752372114,
            1.7399562495364416,
            -0.7466869695599787,
            -0.1678997846859425,
            1.4166621580252918,
            -1.2242578725070083,
            -0.8109043437604658,
            0.026591120570664546,
            -2.5091325989148126,
            2.8320294104804127,
            0.9365590110516284,
            -0.8670351554163365,
            -0.7999653994106797,
            -1.774184693641868,
            -0.7429241935839676,
            0.27363615134240515,
            2.2127298465952867,
            0.2392920814227423,
            0.4541466179924111,
            -0.3755557381488031,
            -0.8802067222212355,
            -0.8257837035727875,
            -1.0884275319896692,
            -0.22286926962660006,
            2.0611990866252334,
            1.085173352306954,
            -0.876809071191877,
            -1.015843602829224,
            -0.6882732329683624,
            0.4991875406478667,
            -1.335990227778737,
            -0.17978226655681068,
            0.38412610210901105,
            1.6456543973433362,
            0.7816763175643301,
            0.32082851979950033,
            0.236524374581434,
            1.1395032927347843,
            1.295421219749712,
            0.08719502785643489,
            -0.5537655881354606,
            -0.47271879541437556,
            0.1723375556066325,
            0.03294984769700923,
            0.4614524939412145
        ],
        [
            0.6016912649931826,
            -0.27512211919030316,
            0.9936924264624425,
            -0.32749146420879377,
            -0.5829652890043437,
            0.0,
            1.1553959609138087,
            -0.9624881875621623,
            -0.3960293090893183,
            0.21881443934556297,
            -0.8154968437241699,
            -1.3554287529942228,
            0.8755359128345056,
            -0.48897413278365204,
            1.3464111664781833,
            -2.1025555950065926,
            0.8617945133849721,
            0.6566828112560463,
            -1.127351820391756,
            -0.8092892453763929,
            -0.5656315658448537,
            0.35912809814294033,
            -1.403153470397603,
            1.7906858965229935,
            0.03951057026923154,
            -0.31635350403470547,
            0.030440538831873018,
            0.4704829163084005,
            -1.0812327905109418,
            -0.5226152211928325,
            0.009120004209842044,
            0.47355594820932173,
            1.713270597036224,
            0.014415641738685226,
            -1.4222534256086854,
            -1.6473081057366041,
            -1.1667684572289214,
            -1.2405461117967693,
            -0.8170960161035609,
            -0.14971864467926094,
            0.022582979960210574,
            -0.5729807087547962,
            -2.159896808320155,
            1.7760032725683907,
            -0.3614999352024535,
            -0.4199509149268863,
            -0.8223856636303868,
            -0.28391853906383363,
            -2.449894615286649,
            -1.497078754874846,
            0.7055712553961329,
            -1.1132724529155065,
            -0.3631914526076383,
            1.289453319383914,
            0.8953920021593423,
            -0.05415901912636781,
            -1.3854563407749818,
            0.34549577773044116,
            -0.9250493409687117,
            0.06210857949911787,
            0.15471265303600248,
            -0.2985139974037845,
            1.3261912790480508,
            -2.5368330510092476
        ],
        [
            -0.2828386336930077,
            0.6427891459098597,
            0.4859342701440823,
            0.34166595687664625,
            2.048801964398484,
            1.1553959609138087,
            0.0,
            0.05729416847236573,
            0.9070245898732203,
            -0.002901535634932923,
            -1.3950062564436279,
            0.0681916346780894,
            0.4592461406106755,
            0.08662473811629669,
            1.059568939327129,
            0.7574655037484055,
            1.2622271268347331,
            0.049704981696766584,
            -0.8428457920462861,
            0.9911939151915067,
            0.7634768377059483,
            1.2893701681261953,
            0.6908560586752951,
            -2.1667069788938993,
            0.28746019621983854,
            -0.7655709956823549,
            0.2696935728933002,
            2.103984039362619,
            -0.24768947748537107,
            -1.5710066785049237,
            -0.06599159981267308,
            0.839046844854172,
            1.173340849030028,
            1.986662240286926,
            0.14921117509690232,
            -2.346934156122327,
            0.9451879136509851,
            0.5684376265607165,
            0.4404384719837608,
            0.015155163313225486,
            1.342937339756361,
            0.7664309704407927,
            -0.6415268517000166,
            0.21043124854863215,
            1.0288396045028438,
            -0.34516105903826333,
            -0.4239328813225866,
            0.41686523336771164,
            0.5316259813665611,
            -0.16405933818589588,
            -0.10786571161929946,
            0.2632285671978998,
            0.25823677522965066,
            -0.833939447625955,
            -0.16327592487282577,
            -2.432460135559514,
            -0.17286845135848672,
            -0.2832353352914736,
            1.541362808073098,
            0.13826600910894163,
            0.8822718695225563,
            -0.3009703090584751,
            0.05380329654434665,
            0.8233113168291921
        ],
        [
            -0.6476627075757883,
            1.3186426150529447,
            0.7913207902872925,
            -0.34549469773468094,
            -0.04851895350351594,
            -0.9624881875621623,
            0.05729416847236573,
            0.0,
            -0.8554354736560774,
            0.6621892541889022,
            -0.12385143413064448,
            -0.9089217316526093,
            -0.6974639191976348,
            0.3284894069458168,
            0.05204235906549089,
            0.5781373107090904,
            0.7920634862969873,
            0.7841063411771341,
            1.0051189256057038,
            0.6912213351935952,
            0.8771895406358492,
            -0.026804201602284514,
            2.412980811893739,
            -1.3072000084540767,
            -1.0847807578086919,
            0.6673099788286347,
            -0.3399287158689094,
            -0.22904219289814298,
            -0.10246067050297432,
            -0.7445759798966702,
            -0.5178352303545398,
            -1.894509133010202,
            -0.3445381679150114,
            -0.5780379133990154,
            0.937818036258514,
            -1.1562147330797774,
            0.4242557560206981,
            -0.058844823609989355,
            1.3869430761380313,
            1.2125585762912783,
            -0.6409762135883353,
            -1.1142350431750987,
            1.8662225450412242,
            -0.21084632789557148,
            -1.3042488562302366,
            1.5528067244704629,
            0.7764726265210717,
            -1.3004088678016656,
            0.0948799142943867,
            -1.3667251064959298,
            -0.10768979048100066,
            0.10120913690861412,
            0.07482576912662042,
            -0.041589660421981076,
            1.0164768778178996,
            -0.32750064419348746,
            0.15195713807380537,
            -0.5833649869038755,
            2.174272396796115,
            1.7283326728849904,
            0.12335958266798855,
            -0.323110600800817,
            0.3651315576674214,
            -0.16702755922342927
        ],
        [
            3.0751727289756023,
            0.1860631463875615,
            1.55090773977156,
            1.282722184288288,
            0.3696043996939565,
            -0.3960293090893183,
            0.9070245898732203,
            -0.8554354736560774,
            0.0,
            0.39769200891917644,
            0.004602684591054043,
            0.9523780459189801,
            -1.6604485558987583,
            -0.8726069191423009,
            0.3136972081229372,
            1.2071135602148508,
            -2.318405883556027,
            0.23206645439780588,
            0.3424511825894391,
            -1.5399057736853325,
            -0.6225719116544448,
            -0.6702462663427945,
            1.9768849279945018,
            0.6494473875427313,
            0.4321005966929263,
            -1.7847478043327867,
            0.32153247859978035,
            -0.267865068406596,
            -1.2757257426091486,
            -0.7390679315797323,
            -1.8179148876395759,
            1.6471428382087119,
            -1.3677514910160098,
            0.5092517878929826,
            -0.35236625402818145,
            -1.4291608675517453,
            0.12859142377201574,
            0.11169707690903012,
            1.3088115636949609,
            -0.10192355125318535,
            0.09425088074186917,
            1.1891111030462813,
            1.0037493959445967,
            -0.6421852052338508,
            1.8484799039890178,
            -0.7021211248701097,
            -0.40724650504674703,
            2.534661701760317,
            2.0283220467482423,
            1.1556660832713872,
            -0.36556724109927535,
            -0.3323797076785574,
            0.5532103097736696,
            -0.3969723366957934,
            -1.3318002339686676,
            -0.9172214162947059,
            -1.2102516411538924,
            -0.43455159378064545,
            0.9506549975796751,
            0.3788784624987436,
            1.7543831825195,
            -1.9439598018885815,
            -1.0445892972178208,
            -0.26198552439167505
        ],
        [
            1.7757313127680994,
            -0.1067184527116395,
            0.5933735836591417,
            0.26887373227298444,
            1.25868365074885,
            0.21881443934556297,
            -0.002901535634932923,
            0.6621892541889022,
            0.39769200891917644,
            0.0,
            -0.9379071243762049,
            -0.49943503602068196,
            -1.507637762576697,
            0.3066500834681283,
            0.4495175859289717,
            0.03164917775720025,
            -0.9511274089793758,
            -1.8943659414104999,
            0.459286392019214,
            0.42070851322656294,
            -0.03920506700008502,
            0.3334718579479329,
            0.7753849885771936,
            -0.8174303691663596,
            -0.04115651485286266,
            0.5841249733316066,
            0.4164202644307193,
            0.014736062355855133,
            0.2963138117153501,
            -0.36162604889380073,
            0.573203556591953,
            0.7254468126515137,
            -0.6414730339308972,
            0.224043041971592,
            0.2195672678381704,
            1.1204837245223314,
            -1.0739933766216252,
            -0.7204343376243212,
            0.48572957301273484,
            -0.11358301174427166,
            -0.7607670439069565,
            1.5042792371336793,
            0.7489721479152269,
            -1.2095271239207155,
            1.016727833865784,
            1.3429490739233054,
            1.1166977007335868,
            -0.2322552689790985,
            -0.7124890290375644,
            -0.8663856859095415,
            0.2870940918547861,
            0.8326237056111149,
            0.1325819601574814,
            0.6557319633125209,
            0.14910442820327469,
            -0.9149962828920053,
            0.7012630689787087,
            0.3965481445197212,
            1.2301429944089506,
            -0.5406460452816817,
            -1.7418710840232248,
            -0.3415898183813248,
            -1.0245747051599725,
            -0.9095869514273396
        ],
        [
            1.1308105539675304,
            -0.7766103493235996,
            -0.4017932662053606,
            0.14996201463667957,
            -0.43267054919181025,
            -0.8154968437241699,
            -1.3950062564436279,
            -0.12385143413064448,
            0.004602684591054043,
            -0.9379071243762049,
            0.0,
            0.4411488663838237,
            1.5836835552231048,
            0.4347080257994069,
            -0.7699996879028995,
            -0.4858919809710796,
            -1.1733524016858055,
            0.9222865425372919,
            -0.6627311884223331,
            0.6133477765793373,
            0.1986779054044792,
            -0.6896763972029059,
            -0.7342588216793031,
            -0.2363514467866782,
            0.5693443349410057,
            -1.4746351817009853,
            1.2505102586699361,
            1.2249144160322027,
            0.959178610876316,
            -0.5482038341291012,
            0.2230687592038979,
            1.5258422266503393,
            0.7983317117178225,
            0.5931404532513189,
            -0.03706015691580858,
            0.3600520431738251,
            1.693879351156971,
            -0.3607303588269312,
            0.6427377048903504,
            0.8735716773806822,
            1.823362428019558,
            0.1910871009123726,
            0.8729687620533914,
            -0.8207998888650212,
            -0.37571893421654656,
            -0.8011559098487503,
            -0.05620040721629948,
            0.20291994250338097,
            -0.5049874127947375,
            1.2136552175017363,
            0.2367779059170425,
            1.5678722324764154,
            1.356025280948978,
            -1.1535140511406787,
            -1.0908636501169244,
            0.3753085789924211,
            0.6741077366308703,
            -0.19298801286483316,
            0.2372956095856383,
            -1.3059132471982653,
            -1.1417289961565722,
            1.4914709576339562,
            -0.8395536314470398,
            -0.7994014813029717
        ],
        [
            -0.03520322197283937,
            0.00851497645692471,
            -0.020525986026396204,
            -1.7376914328519641,
            -0.8101025675033383,
            -1.3554287529942228,
            0.0681916346780894,
            -0.9089217316526093,
            0.9523780459189801,
            -0.49943503602068196,
            0.4411488663838237,
            0.0,
            -1.7723353584958568,
            1.0041613557566458,
            2.2947817792560175,
            -0.6207781142543902,
            -0.0911982961766786,
            -0.3405254503739606,
            1.1792625462693405,
            0.4601411382987644,
            -0.46413376805672535,
            1.727335654532768,
            0.9322803585036026,
            0.5009233518700779,
            0.6954814846723772,
            -0.4143003049544193,
            -0.5260311992541575,
            1.3103272481281738,
            1.073876083812174,
            -1.1675695717554495,
            -1.2236182637199318,
            2.869265202683283,
            0.6083151443403387,
            -0.5841184093016243,
            -0.1454938129755357,
            -0.630736435980829,
            0.8057138875506626,
            1.8584564104510288,
            -0.32261653263487394,
            -0.476921613808904,
            0.15681537880960164,
            0.5356147676975331,
            -1.7944104902901141,
            0.2783579877091791,
            0.9140630385627766,
            -1.2965333061493274,
            1.497321462712183,
            -2.1681399269645856,
            -0.2212695551431821,
            0.7173908555901869,
            -0.7243968906594198,
            -0.2499892087936855,
            -0.03992124708252678,
            1.502753967367014,
            -0.16174946681440003,
            0.5872710743025322,
            1.2154965656034904,
            -0.5368729664590272,
            -0.965722239626445,
            0.47718952413010535,
            -0.7645488315866781,
            -2.961064409658371,
            2.647939699086576,
            -0.013070895065241298
        ],
        [
            -0.5650001196783624,
            -0.456371927873485,
            -0.5536499014676951,
            -0.40495158909941104,
            -0.21474625962084273,
            0.8755359128345056,
            0.4592461406106755,
            -0.6974639191976348,
            -1.6604485558987583,
            -1.507637762576697,
            1.5836835552231048,
            -1.7723353584958568,
            0.0,
            1.5318417740067747,
            -0.29797754547284633,
            -0.8073792928442716,
            -0.06999115193081554,
            0.36351635097972845,
            -1.8741855720119949,
            -0.0013865294451376815,
            -1.1921328647188556,
            0.5615233472703137,
            -2.702006669956116,
            -0.02700560436507809,
            -0.2665083061357376,
            -1.8523563061760038,
            -0.39015040615066393,
            -2.0825502906713567,
            0.5778951381187581,
            -0.4387654378233165,
            1.4726203421306892,
            -1.36814250841263,
            0.26856539991661355,
            -1.305704071898306,
            0.1781424444029991,
            -0.44558350934777613,
            -0.43968520246730314,
            -0.4335750228072196,
            0.26180146203377774,
            0.31824461269744087,
            0.5121095063209463,
            0.11096876170045646,
            0.2752075303334366,
            0.566829652591102,
            0.9969227609792596,
            0.9053870524899917,
            0.9369298881700423,
            0.19376612010326788,
            1.0195896091434709,
            0.20511313180548116,
            -0.919137973404433,
            -0.4808024279130909,
            -1.2069859092841602,
            -0.6014099371796565,
            -0.8388089383761609,
            0.2577041235723546,
            0.6687965836285978,
            -1.0107062907309403,
            -0.0582780827517273,
            1.2194777421626606,
            -0.22664022693248526,
            0.6434043515436634,
            -2.331163105724028,
            -1.787262232253941
        ],
        [
            -0.4731776277694397,
            1.1978741069947731,
            -1.338954486280996,
            -0.9893951655766589,
            -0.2933371429369787,
            -0.48897413278365204,
            0.08662473811629669,
            0.3284894069458168,
            -0.8726069191423009,
            0.3066500834681283,
            0.4347080257994069,
            1.0041613557566458,
            1.5318417740067747,
            0.0,
            1.9868195205722357,
            -0.7669895251916916,
            1.015995039460712,
            0.29946653459271855,
            0.9831543752461631,
            1.1341827693439162,
            -0.7049492195969456,
            -1.7132231213492761,
            0.43444452260456756,
            0.4158919700167581,
            2.6615927162454573,
            -0.3214066390531505,
            -0.5589420508018843,
            -0.5772951784467851,
            -0.03285209610572201,
            0.17013775257604993,
            2.6995355634868874,
            -0.7284751857530307,
            0.424812375877604,
            0.913518000007946,
            0.7721687566399255,
            -0.1270815939704811,
            0.4980429617875931,
            -0.1419377290331651,
            1.6203821105858158,
            0.41853343551756567,
            -0.5190851042204093,
            -0.002332310888494146,
            -0.8418925891716139,
            -0.539131700865712,
            -0.13997943927209655,
            1.200590363560205,
            0.7948864543042944,
            1.259639952120166,
            -1.7662141597785135,
            -0.7750174788977084,
            -1.0915326064746005,
            0.6340784906222208,
            -1.3131395231957816,
            -0.1644444810185752,
            -0.8142082404192275,
            -0.14484384054893054,
            -0.38002676117674256,
            0.5884992624402453,
            0.03731664697171779,
            -1.065390949054145,
            3.2299488503465636,
            -1.7001652768004782,
            0.28927919872936203,
            -0.3954081380156802
        ],
        [
            -0.5850320633363594,
            -0.41302278863921765,
            0.20548930141132304,
            0.38499077841763096,
            -0.7085097725079984,
            1.3464111664781833,
            1.059568939327129,
            0.05204235906549089,
            0.3136972081229372,
            0.4495175859289717,
            -0.7699996879028995,
            2.2947817792560175,
            -0.29797754547284633,
            1.9868195205722357,
            0.0,
            -0.1282682488713523,
            -0.6255487108383865,
            -0.9143373466666138,
            0.05276175993294919,
            -0.6361432815924443,
            0.5977955062157092,
            -1.577270538495624,
            -2.0755347178311374,
            0.6183182367586553,
            -0.10503769935638885,
            -0.2714799491455366,
            1.6797109214145538,
            -1.8954644923327297,
            0.6941847926050402,
            -0.04571967219317533,
            -1.1907288486819585,
            -0.7745771269559522,
            -0.9322281014166883,
            0.4127915915499375,
            0.46082621440679167,
            2.300049621875874,
            -1.1670886849121689,
            -0.3037005020513465,
            0.8101457870020856,
            0.4803487305925306,
            0.10543386458930512,
            -1.0350815262706876,
            -0.24973455201301595,
            0.6086810754027356,
            -0.7586379844429423,
            -0.32899449689175403,
            -0.17192839454776787,
            -0.40445875624419275,
            0.6555454841375572,
            2.2771935438443935,
            1.5735317953985681,
            -0.6041844961213257,
            0.014220311113732259,
            0.22387319782975368,
            1.085914143985627,
            -1.711175230308269,
            0.3588996755474881,
            2.2154807181040717,
            1.4194238002321313,
            1.2983408470699924,
            -0.2426810139245852,
            -0.047038481567068184,
            0.7753897456889097,
            -0.9464190245326757
        ],
        [
            -1.4927384416556828,
            -0.6038337698887256,
            -1.7127588098010575,
            0.5481415104467213,
            -0.7294742665209362,
            -2.1025555950065926,
            0.7574655037484055,
            0.5781373107090904,
            1.2071135602148508,
            0.03164917775720025,
            -0.4858919809710796,
            -0.6207781142543902,
            -0.8073792928442716,
            -0.7669895251916916,
            -0.1282682488713523,
            0.0,
            -0.26485984244353594,
            0.3962459041475822,
            -0.3862980727246373,
            -0.5841022263585363,
            -0.637190486902154,
            0.6233610869894892,
            1.4217145785348058,
            -0.8414994371910036,
            -1.4172643072374747,
            -0.4555586667020164,
            0.7164758881234328,
            -0.4624106992278378,
            1.4628116032660938,
            -0.679317333415077,
            1.351737739929015,
            0.36895259715275924,
            -0.9867915030711254,
            -0.17922905862125096,
            -0.1355757808860461,
            0.12105184263607593,
            -1.4388339340524163,
            1.191173931240172,
            0.19698266746725446,
            0.04327303919001664,
            0.14725864540442613,
            0.09494804839473268,
            1.8728748231177523,
            2.5712950226571705,
            -0.8654570863191482,
            0.08744291186622712,
            1.294703770348078,
            -0.4439675640501142,
            1.423610953327311,
            -0.565298650069342,
            0.13772518486312996,
            -0.9048304364268098,
            0.8673540327103678,
            0.37810060959485614,
            0.19455363133101586,
            0.2346325592250796,
            0.5751281567672519,
            -0.5890495850944174,
            1.237078034933306,
            0.26845310532662814,
            -0.8613514525946675,
            -0.1744755630581876,
            0.4943959764873587,
            -0.894180976551177
        ],
        [
            -0.8504366381885188,
            0.9326596095077299,
            0.030719778454734316,
            -0.2992667616849039,
            1.1853550292326431,
            0.8617945133849721,
            1.2622271268347331,
            0.7920634862969873,
            -2.318405883556027,
            -0.9511274089793758,
            -1.1733524016858055,
            -0.0911982961766786,
            -0.06999115193081554,
            1.015995039460712,
            -0.6255487108383865,
            -0.26485984244353594,
            0.0,
            0.2280116681181246,
            -1.813399580094373,
            0.620293059948253,
            -0.7588692870704156,
            -0.6077312815448846,
            -0.18550377289696351,
            -0.14952882439448423,
            -0.11816025229770577,
            -1.307153688790069,
            0.24827514548253576,
            1.090584925989727,
            0.5633991956599906,
            0.7919840469080538,
            0.03042268051324581,
            2.325839370321772,
            -0.2457601379680541,
            -1.2319789967142563,
            -0.7426478297804997,
            0.6486122739659753,
            0.15463565421783257,
            3.55175722928817,
            -0.21190327537319137,
            0.19594027638067466,
            -0.29554454659897367,
            -0.2651916442633325,
            -0.8684720021090657,
            0.5996609632533013,
            0.9314719457536552,
            1.4928180950924619,
            0.6849404306545035,
            -0.9999513138685023,
            0.9854415800323739,
            -0.8975541637839701,
            -0.6778790807995934,
            0.20584905760684621,
            -1.1032280449241971,
            0.3058253017242275,
            -0.6631129883724185,
            1.086227234397655,
            0.489314225078264,
            0.322780636713098,
            1.310918363478919,
            0.07867002255023492,
            0.837309635452218,
            0.2147083345716337,
            0.8234796326829588,
            0.4325315771587711
        ],
        [
            0.8537299577830642,
            2.126914906451055,
            0.45949519888761226,
            0.9620454857258631,
            -0.35792748591366363,
            0.6566828112560463,
            0.049704981696766584,
            0.7841063411771341,
            0.23206645439780588,
            -1.8943659414104999,
            0.9222865425372919,
            -0.3405254503739606,
            0.36351635097972845,
            0.29946653459271855,
            -0.9143373466666138,
            0.3962459041475822,
            0.2280116681181246,
            0.0,
            0.23321659834588848,
            0.6699442931679168,
            -0.8610678228759924,
            0.14946914214757007,
            -0.2715591826151429,
            1.2842183299098306,
            1.1939497329697604,
            -0.35285315509228476,
            0.013585226790449245,
            -0.4433554010532954,
            1.1315689820289954,
            -1.64004020489028,
            0.3626844857803683,
            0.3678199863300742,
            0.06816999494612733,
            -2.1083476957761613,
            0.8317813462630921,
            0.08671601739517877,
            1.2927222910966791,
            -0.09632866077387542,
            -0.504247702666117,
            -1.1215528370757892,
            0.9797943055052751,
            0.5739665703242701,
            1.619445938596887,
            -0.028597924915893323,
            0.17394630576652628,
            0.29797763341568884,
            -1.0001907199884643,
            0.4128880701149296,
            0.7244095107182932,
            0.6864136168504178,
            -1.0791376072559757,
            1.8894053600558658,
            1.26473608646788,
            -0.7248887869706706,
            0.1421331027244935,
            -0.0332389021293752,
            -0.7562324529022144,
            -0.4704142649992704,
            1.3363150400556707,
            1.1251771219523399,
            -0.1538785071614084,
            -0.5758901602854629,
            -1.06892610954536,
            0.7930299619166281
        ],
        [
            -0.2814209172640273,
            -0.34743618529802284,
            0.23711859994231485,
            0.7250090152495419,
            -0.21141933143290437,
            -1.127351820391756,
            -0.8428457920462861,
            1.0051189256057038,
            0.3424511825894391,
            0.459286392019214,
            -0.6627311884223331,
            1.1792625462693405,
            -1.8741855720119949,
            0.9831543752461631,
            0.05276175993294919,
            -0.3862980727246373,
            -1.813399580094373,
            0.23321659834588848,
            0.0,
            -0.3726386740773802,
            -1.4824232341966552,
            -0.8045464371915503,
            0.1321556028365397,
            -0.872952891069766,
            1.6605487623637565,
            -1.1957095727614602,
            1.8830867996250211,
            0.957333828462122,
            0.24028719880342828,
            1.417488949023467,
            0.35634956462119155,
            0.9851445459422253,
            -0.7018842362899635,
            1.253648466048565,
            -0.5648485272202234,
            1.5790404144526209,
            0.6625564184671976,
            1.9314524586081474,
            -0.023502950701317544,
            0.4773287201660821,
            0.8651875842825054,
            0.44799339628349155,
            -1.271889527392891,
