{
    "N": 64,
    "id": "7f4f90b1-64b1-4bf8-ac3a-ab5f64ff4684",
    "problem_type": "SK Spin-Glass",
    "distribution": "gaussian",
    "spins": [
        -1,
        1,
        1,
        -1,
        -1,
        -1,
        1,
        1,
        -1,
        1,
        1,
        -1,
        1,
        -1,
        -1,
        1,
        -1,
        -1,
        -1,
        -1,
        -1,
        -1,
        1,
        1,
        1,
        -1,
        -1,
        -1,
        -1,
        -1,
        -1,
        -1,
        -1,
        1,
        1,
        -1,
        1,
        -1,
        -1,
        1,
        -1,
        1,
        -1,
        1,
        1,
        -1,
        -1,
        1,
        1,
        1,
        -1,
        -1,
        1,
        -1,
        1,
        1,
        -1,
        -1,
        1,
        1,
        1,
        1,
        -1,
        -1
    ],
    "couplings": [
        [
            0.0,
            0.3444296068729101,
            0.6619257249400412,
            -1.4697280728383855,
            -1.9020054109948688,
            -1.1452348413932956,
            -1.3544141462566026,
            0.1805725657689364,
            -1.72952449832517,
            0.1064504792670287,
            -0.22943937870353107,
            -0.6070252156328824,
            -0.7666103888713264,
            0.9929748288835764,
            0.1509975784887252,
            -2.555956808621013,
            -0.42117888365181205,
            -0.7474020978724086,
            -0.6602381959901347,
            0.9201216589669586,
            0.6754376722687196,
            -0.22986419592324198,
            -0.020867149109216138,
            -0.39258884707824293,
            -2.1621336697488074,
            -1.508401665758033,
            1.43792380521487,
            -1.3142056700078972,
            -0.39952258766257526,
            -1.763535133331478,
            -0.4593997024883399,
            1.3844385498138319,
            -0.9013495259037627,
            -0.8617662655987554,
            -0.03033714313850247,
            0.9314885590697582,
            0.9499624856212906,
            0.23095062177736345,
            -0.16550201727807523,
            -0.966189801097212,
            -1.3862406212444,
            1.136378385996504,
            0.6938090114176898,
            0.873374441502834,
            -0.37737881752563923,
            -0.6451118436547087,
            1.2550783435627333,
            1.3362302951212586,
            1.1064731958100384,
            -0.5495397778883336,
            0.31160774545358155,
            -0.3329715319275083,
            2.2649727479990975,
            -0.6837530867434236,
            -1.0494282051496626,
            1.4698960435469766,
            1.3175933156965083,
            -1.4594953947384774,
            -0.041260744953310544,
            0.06676343717067665,
            -1.234332616769588,
            -0.5919969578111476,
            -0.33441941629677147,
            -1.544165864406573
        ],
        [
            0.3444296068729101,
            0.0,
            0.19438368166509518,
            0.18399509050008986,
            1.0106428946424921,
            1.78607492107205,
            0.2565279539667493,
            0.8348577068579025,
            -0.29016342508422577,
            -0.17255004410548555,
            0.39181898514602503,
            -0.3366071315344408,
            0.5190149605017124,
            1.8017921010791176,
            1.0354096926069332,
            1.4723355712569648,
            0.3285415358551427,
            -0.25739789982715844,
            0.4093787112717348,
            0.7604545365429399,
            1.7891448933826208,
            -0.9194828438467978,
            -0.6693436855855237,
            1.0422565993653472,
            1.2912207365992665,
            0.5507829781183019,
            0.2477957166887369,
            -0.8099446588598436,
            1.2211031341480862,
            -1.139877525584113,
            -1.3497294689463177,
            0.03308188596132329,
            -0.34085682092545777,
            0.40655151921680754,
            -0.15209866082679926,
            -1.8367659946221222,
            0.06733521797885612,
            -0.5379250749622331,
            -0.2639350927512438,
            0.10750847515314282,
            2.201911861121885,
            -0.22148107003778436,
            0.25735556870354653,
            -0.7028616296490395,
            -0.7090964784051846,
            -0.17136177432562139,
            0.17967727409060577,
            0.20904276578570752,
            2.339637911136745,
            -0.2742925288398741,
            0.4377064960315629,
            -0.4294312833220745,
            -0.4062036029260338,
            -1.9349290700141524,
            0.4462175128505948,
            -0.4911835856834695,
            1.1460395140001736,
            -0.9696359960497636,
            -0.31536475966552385,
            0.2662362845090938,
            -0.05533000947483453,
            -0.28304362600826444,
            -0.17656517933876087,
            -0.2741146485212812
        ],
        [
            0.6619257249400412,
            0.19438368166509518,
            0.0,
            -0.1871063123057774,
            -0.6814908570726865,
            -0.09416671246508865,
            0.5407140102284912,
            1.0355332565568904,
            -0.5482016954068153,
            -2.590082701596192,
            0.5132950258279702,
            0.74575545830357,
            0.2607199880636205,
            -0.04971453788445247,
            -0.2668631769420089,
            -2.1366433216553626,
            -0.6588661896258373,
            0.18182270353457547,
            0.6426304884925397,
            -0.7799204980674139,
            0.19506162296829752,
            2.142298785552618,
            1.4578522554657525,
            0.2030721214199555,
            -0.10030309071812199,
            -0.14681297465923968,
            -1.7508566528063496,
            -1.1338423206514414,
            0.21476210401260967,
            0.605738210218604,
            1.128747444096811,
            -0.0690034845534966,
            0.8399747683015242,
            -0.3714877571616987,
            -0.9495471954309841,
            1.1782848601471294,
            1.3564194268754421,
            -0.14564167070170572,
            -1.1641970934754817,
            -0.36142987987067093,
            -0.5921024868875906,
            1.086102738364809,
            -1.2675075950246737,
            2.19965504989174,
            -0.7984974416024379,
            0.7223338517902459,
            0.330983321781698,
            0.6273684905905472,
            0.40209808763341476,
            0.7583139335483929,
            0.25208920415431363,
            0.10104219780244135,
            -0.9361449763945109,
            -0.04323514550045696,
            -1.0994741333214333,
            -0.17859037681974896,
            0.3073570240748611,
            1.881418101249994,
            0.5276107293468948,
            0.027767343056111973,
            1.051345176274886,
            -0.11651189571194613,
            0.5898936998532459,
            2.3519481448566735
        ],
        [
            -1.4697280728383855,
            0.18399509050008986,
            -0.1871063123057774,
            0.0,
            -0.2841859827538305,
            -1.4752767111647516,
            0.44454511044733663,
            0.0854692152462747,
            1.649729267878851,
            0.9809187997035073,
            -0.7620039232598433,
            -1.84178109566659,
            -0.1278722346840586,
            0.7526903695111079,
            0.6516407772367631,
            1.4054233835046595,
            -0.36628916086598906,
            0.46057628732145844,
            -0.759103307521585,
            0.9589011131723387,
            0.0754672597244041,
            -0.42529250257031415,
            -1.4253470019492656,
            -1.9200552491975493,
            2.0078425007534326,
            -1.279808457688047,
            -1.123301898262929,
            0.14588354428605912,
            1.4815517311034885,
            -0.5709288361841994,
            -2.1480670680375,
            1.6077793825115358,
            -1.3515354175888938,
            0.34012737466119247,
            -1.0797647439886469,
            1.5935418104054038,
            -0.3532078001326979,
            -0.21580498738288384,
            -0.308051912739739,
            0.08086646420553746,
            -0.04947116103296057,
            1.1195233216186946,
            1.4272248156690643,
            1.0657213317726928,
            -0.5045056567947562,
            0.40198302736604535,
            -0.8527457724086721,
            -0.17793442761891617,
            0.5235774870264107,
            1.0162824459388549,
            1.0494078529192723,
            0.40772459444687426,
            0.04107572773973957,
            0.6438480786356167,
            2.020394197729859,
            -0.6994572627498309,
            -0.5190259386836726,
            1.6682745531350487,
            -0.9258122377518302,
            -0.6634590307772723,
            0.07848059706306457,
            -0.12026586459006502,
            -1.1871803205406801,
            0.2493852357571833
        ],
        [
            -1.9020054109948688,
            1.0106428946424921,
            -0.6814908570726865,
            -0.2841859827538305,
            0.0,
            0.6606851757204416,
            -0.06820500594220763,
            -1.2703930758358988,
            -0.2604563247223807,
            -1.6584938283497432,
            0.8767223329165251,
            0.23804822243675902,
            -0.03994372850160956,
            -0.19453696087769382,
            0.23989408583456506,
            -1.3108877808686459,
            -0.612384919883576,
            0.05292049609285279,
            0.5734044703071475,
            -1.0825851536533175,
            -1.1444840443097928,
            0.9925891202427427,
            -0.21214915127332737,
            -0.21373776304701744,
            -0.0744651509882126,
            -1.9750691633447537,
            0.18523699737491794,
            -0.9276744584770772,
            0.8690929422629585,
            0.6708072552231183,
            1.5028437784853952,
            -0.7982416001027759,
            1.644520164062266,
            0.9234736081384459,
            -1.394663964290217,
            0.8895570257293667,
            0.4584011099468334,
            -1.7248774165408503,
            -0.16047598738499586,
            -0.1320926118437547,
            0.8192445179697798,
            -0.5899208590397921,
            -0.41963886449499543,
            0.44762762434756803,
            -0.918941622351923,
            -1.0574169093322896,
            -0.7887542429557222,
            0.16314176166531202,
            0.5546570076240479,
            -0.8499573235849734,
            -0.3154951301969396,
            0.061901254929925785,
            0.17919039133737152,
            -1.1390265438464902,
            -0.5997628757285056,
            0.5213435055660665,
            -1.0888634407334985,
            1.0985798369585602,
            -0.898416126110365,
            -1.0492818360073322,
            1.021819042607772,
            -0.7467762106665807,
            1.1335476887956248,
            0.018934021603036116
        ],
        [
            -1.1452348413932956,
            1.78607492107205,
            -0.09416671246508865,
            -1.4752767111647516,
            0.6606851757204416,
            0.0,
            -0.4380257089783087,
            -0.6779679485788958,
            0.6625100346714563,
            -0.876817677499216,
            -0.8209408604362586,
            -0.1440543027292636,
            0.5593640321174755,
            -0.8669707045082443,
            2.177783716352541,
            -0.7471915639640735,
            0.3273407961078896,
            1.6978361217485467,
            1.6810084875436788,
            1.414865386031151,
            0.03592961114242812,
            -2.0291624180116914,
            0.4122567969346499,
            -1.9000722358354247,
            -1.0127220778846646,
            -1.2693995788671246,
            0.4337857506273213,
            -0.8453546970490085,
            0.46232036675554083,
            1.6623940962997474,
            0.6951993285390231,
            -1.1740570046646024,
            -0.9091235136841191,
            -0.7705298971618303,
            -0.41544448164867226,
            -1.2626886828427712,
            0.06584276220264838,
            0.2790358771662905,
            -0.9455550063924603,
            1.7643359947655675,
            -0.29566892208385115,
            -0.26599485077598406,
            -0.22963772806268617,
            -3.0244775368328582,
            -0.6121142876339833,
            -1.239235216498627,
            -1.5096493714192458,
            1.3724177574977523,
            1.5049830020947457,
            0.05899594692949001,
            -0.20134286866286824,
            -1.1028527019806749,
            -1.143489363690555,
            -0.5994936041676208,
            0.9133707550620139,
            0.40493448779714303,
            1.504416465346249,
            -1.4792707131072875,
            -0.727736357908628,
            0.035955798818322886,
            1.004462862853229,
            0.26170777458831895,
            -0.6266519978502485,
            0.08983925668307506
        ],
        [
            -1.3544141462566026,
            0.2565279539667493,
            0.5407140102284912,
            0.44454511044733663,
            -0.06820500594220763,
            -0.4380257089783087,
            0.0,
            0.8341294209254119,
            -1.5437641718250257,
            0.44393963133851216,
            -0.880961842104335,
            1.460726409421719,
            2.201494035229652,
            0.06737995987814863,
            1.5701015167616506,
            0.2169693186413249,
            -1.0163802767216943,
            0.6179008723948205,
            0.2040005079921929,
            -0.5655235847015772,
            -0.1571155791699463,
            -1.445005236143723,
            0.00041833301207535656,
            -0.7807337587611551,
            0.6807130801612529,
            1.9196562537754456,
            -0.311002395569021,
            0.17773529771257593,
            -1.3833495608317277,
            -0.4872152557264746,
            -2.367085633025737,
            -0.6356766590197549,
            -1.6196703633161207,
            1.442034190720181,
            1.4719690461857666,
            0.18842560699534192,
            1.1604877535646716,
            1.3716355875489172,
            0.5941587219894217,
            2.242117510792164,
            -0.5626390713744989,
            -0.9228881061020652,
            -0.2695328065820522,
            -0.8370574616573544,
            -1.676677760266966,
            1.4112761217592484,
            -0.842122597167087,
            0.5591672283824386,
            1.4809520012531308,
            -0.9652493973371612,
            0.5053866188608637,
            -1.2765789066431055,
            -0.7831273051328883,
            0.36412395663090624,
            0.8997198807544802,
            0.15458864358024244,
            0.13663799290272888,
            -0.7815248263272555,
            0.8156129468891714,
            1.562859876011712,
            0.5418718617001721,
            -2.246421477721784,
            0.12599409181833093,
            0.38550960405310564
        ],
        [
            0.1805725657689364,
            0.8348577068579025,
            1.0355332565568904,
            0.0854692152462747,
            -1.2703930758358988,
            -0.6779679485788958,
            0.8341294209254119,
            0.0,
            1.2944519117782005,
            0.486111135004976,
            -0.9381862934823721,
            0.5042152333696706,
            0.18787694649750902,
            -1.1253304228541632,
            -0.08225771024157166,
            -0.005819030533970602,
            -0.0569507964718592,
            -2.1427946564878733,
            0.8507475024804373,
            -0.8576695555466168,
            2.095689911453286,
            1.1884266509423773,
            -0.966954730548631,
            0.21063957127350802,
            1.6888590727004764,
            0.5765610685315664,
            -0.03387247523173418,
            0.4644595911645299,
            0.37438825722336744,
            -0.757088925474625,
            1.4041156174302434,
            1.416442748765616,
            1.1448543024263322,
            0.35290901628324894,
            0.48465427401128003,
            0.6331933110769657,
            1.9164661988327345,
            0.05187386780401082,
            0.09212034496274374,
            1.0471665039030267,
            1.2050696906009275,
            0.11601604231101982,
            -0.47056670954509855,
            0.857927643348425,
            0.1334206919289971,
            -1.0863780486530872,
            -0.43438298902691325,
            -0.10506495956796802,
            -0.6177195127274807,
            0.42622756255063193,
            -0.2517047949120089,
            0.3136714292011986,
            0.07757837172026033,
            0.6768633430006649,
            -1.0281214546101296,
            -3.0975142113467493,
            1.869390380525447,
            -2.2108852605724905,
            0.6623736558313248,
            1.409138113751465,
            -1.9991292613873153,
            0.5716970180439152,
            1.3392194859084972,
            0.0131344206314881
        ],
        [
            -1.72952449832517,
            -0.29016342508422577,
            -0.5482016954068153,
            1.649729267878851,
            -0.2604563247223807,
            0.6625100346714563,
            -1.5437641718250257,
            1.2944519117782005,
            0.0,
            -0.18500674804981884,
            -1.1586461321334969,
            0.5526117342477636,
            -0.5377384237986972,
            0.17737982793117577,
            0.15828877740098402,
            -1.1833704457930811,
            -0.38145433827567177,
            -0.7125955080200103,
            -1.16530139408209,
            0.3892861058109253,
            -0.918071696759276,
            -1.8644129542225178,
            1.0195728368704913,
            0.8099263853171421,
            0.22944982001038322,
            -0.016988266346482164,
            0.139525421610008,
            -0.46687633960968844,
            -1.0118639887565697,
            -1.3940454098163941,
            -1.0019693446423346,
            0.4460100084450985,
            -1.9395509395572608,
            0.0739268282913675,
            -0.5067299313739226,
            -1.1714240054378517,
            1.1915687854536887,
            1.7073298416120481,
            -0.417760383168759,
            -1.729323234665757,
            0.3290504823739326,
            0.75043317240627,
            -1.2131352185303488,
            0.36236542970673574,
            1.8901211123715578,
            1.0370705790964758,
            0.0466207854804134,
            -0.17949868860894264,
            0.28227827784599974,
            -2.686233817149354,
            0.5833599898010223,
            -0.2825894892676703,
            -0.08512628496098422,
            0.009993833631404206,
            0.13809181966382722,
            -0.3126578277167086,
            -0.8323610776352757,
            -0.4201384813609262,
            0.4202316169023845,
            0.7876782862939194,
            -1.4720886407164564,
            0.14183574457880904,
            0.477213462324288,
            1.7154900772954516
        ],
        [
            0.1064504792670287,
            -0.17255004410548555,
            -2.590082701596192,
            0.9809187997035073,
            -1.6584938283497432,
            -0.876817677499216,
            0.44393963133851216,
            0.486111135004976,
            -0.18500674804981884,
            0.0,
            0.7119420503649088,
            -1.0818253419514856,
            -0.0063302211152258935,
            -0.5687149369321067,
            0.017094023802916355,
            -0.31773676650458066,
            -0.8313511365596675,
            -1.0909266506264699,
            0.9548386937762918,
            1.2698078489742706,
            0.5421539321072897,
            0.09878632239042796,
            -0.30683806115763085,
            -1.0969661946412093,
            -0.19136636290120565,
            -0.25779557356073995,
            -0.5247913128537868,
            -0.5007728689832627,
            0.5101757063812721,
            1.076563643917335,
            0.013419023571964677,
            0.018161990703558475,
            -0.21733094356531527,
            -0.11810644489286241,
            -0.5540318451613921,
            -1.9709547706700516,
            0.47642754943944676,
            0.881124992273624,
            -0.7092393531473119,
            0.0626697601992774,
            0.7545094822867907,
            -0.6148275481941677,
            -1.6979172069710147,
            -2.105455725094142,
            0.09336730054353268,
            1.3992928548930983,
            -0.3024999015449434,
            0.6093247586057589,
            0.19688235900498147,
            -1.0700998286967514,
            1.6240323387320246,
            -0.8500813102898481,
            0.8962044525515395,
            0.14301290082552215,
            -0.8865368078402357,
            -0.06470535639413828,
            1.0368407184253998,
            -0.35923578684740104,
            -2.4800715475634525,
            -0.15026092681759498,
            -0.5647284756305372,
            1.3593841126748776,
            0.22992421530697996,
            -0.49861354026855
        ],
        [
            -0.22943937870353107,
            0.39181898514602503,
            0.5132950258279702,
            -0.7620039232598433,
            0.8767223329165251,
            -0.8209408604362586,
            -0.880961842104335,
            -0.9381862934823721,
            -1.1586461321334969,
            0.7119420503649088,
            0.0,
            -1.9036472563309914,
            -0.21814049404466698,
            0.005621774627436145,
            1.8294543690224363,
            1.4985003875064404,
            -1.3857159003907893,
            -2.0900510276754516,
            -0.37631429316054726,
            -1.8539770635107367,
            -1.7743460598667076,
            -1.3109996277659157,
            1.8010155705206214,
            0.2658554475934387,
            -0.038716527091348096,
            -0.39078942662442967,
            -0.10651656342386608,
            1.4978917468668487,
            -1.0186609033175296,
            -0.34728561452941464,
            0.7737370397506274,
            -0.56513837685731,
            -0.9981584542454635,
            0.18670163477645693,
            0.892157063505295,
            -0.6408155131053644,
            -0.2796469064009783,
            0.9749395576643681,
            -0.2838391944801421,
            2.35065028575439,
            -0.38744848116218694,
            -0.14581172449040508,
            -0.6574496891831192,
            0.6529855456685812,
            0.2278677083169142,
            0.7383908353210511,
            0.14494856360920289,
            1.202602139364034,
            0.4722495660649674,
            1.8416733558431386,
            -0.3137453099338628,
            -1.5650657971978936,
            -1.416828905470354,
            -1.1368156913606506,
            -0.411157446348866,
            0.8670259494042969,
            -1.244404972318584,
            -0.21872500290631824,
            0.17021136494094574,
            2.589452013418296,
            0.15900488700437806,
            -2.999545098251727,
            0.9244086055556598,
            -0.8437277431485527
        ],
        [
            -0.6070252156328824,
            -0.3366071315344408,
            0.74575545830357,
            -1.84178109566659,
            0.23804822243675902,
            -0.1440543027292636,
            1.460726409421719,
            0.5042152333696706,
            0.5526117342477636,
            -1.0818253419514856,
            -1.9036472563309914,
            0.0,
            1.4916818686504945,
            1.051571050296093,
            -0.08954714727950785,
            0.8327086677536926,
            -0.3604198801030845,
            -2.0149984227563316,
            -0.07394531301741912,
            0.18657424628014613,
            -0.6100094532560517,
            0.8528049129721484,
            -0.9237989839316277,
            0.426872498811224,
            0.8055798038000985,
            -0.32822850362455114,
            -0.2036754135251433,
            -0.9500373648788246,
            -0.41354346484234605,
            0.6566792298618392,
            0.30645077557394984,
            1.1005415519195363,
            0.22592260391654784,
            0.5793520794106324,
            0.48043485678877573,
            0.057600413087019645,
            0.21880595209081502,
            0.06540406143716807,
            0.9610016432178204,
            -0.7524059121577188,
            -0.5329561971427189,
            0.34158537214375284,
            1.4194127343491851,
            -2.291691337380765,
            -1.8903307157946845,
            0.3461384613292752,
            -0.47644392489619425,
            0.6806114799083943,
            -1.220140482050951,
            0.35860115399161413,
            0.9313514148997426,
            -1.2229546881111237,
            -0.16434150101706568,
            0.526724775862437,
            -0.6276188908179525,
            -1.6549816983168477,
            0.09839492892039989,
            -1.3270808070037439,
            -0.04974661098112963,
            1.7829382045146984,
            0.29021776064193644,
            1.3597970098184333,
            -0.9286401128942046,
            -0.4269256041704119
        ],
        [
            -0.7666103888713264,
            0.5190149605017124,
            0.2607199880636205,
            -0.1278722346840586,
            -0.03994372850160956,
            0.5593640321174755,
            2.201494035229652,
            0.18787694649750902,
            -0.5377384237986972,
            -0.0063302211152258935,
            -0.21814049404466698,
            1.4916818686504945,
            0.0,
            0.5990488503459819,
            -0.09764366128553371,
            0.4460381448434625,
            -1.8022499239188348,
            -1.4144004739674512,
            0.7873636619074414,
            0.11412200960202128,
            0.45042574613563147,
            -0.6558855745322927,
            0.34540930618058274,
            0.08260916581105901,
            0.09995073708621027,
            -0.33402600192254817,
            0.9839442863502793,
            0.5277953448274306,
            -0.6977344229663884,
            1.0946516043450387,
            -0.6512538474322515,
            -0.3568445618561908,
            -0.4826481853542369,
            -0.27581267544292426,
            0.004433909394718449,
            -0.24418274544904017,
            1.8322447617936735,
            -0.7246858333327095,
            -1.8139895179924717,
            -0.8030601543279078,
            1.1107053605095885,
            -1.7659081713184002,
            0.628561887177245,
            -0.2841781052692467,
            0.20949316513691257,
            -0.08290604945918123,
            0.9105760369223995,
            -0.8243440646749313,
            -0.24109373928379652,
            0.2967514845364174,
            0.2207837438189073,
            1.3143530030301587,
            1.1763322803805687,
            -1.7155143748266821,
            -0.6056776022750905,
            0.18511945675789104,
            -0.29483414726006735,
            0.2270205054771811,
            -0.07196978914639897,
            -0.4288078312023905,
            0.8182717532474454,
            -2.0098065815954667,
            0.20846754118448538,
            0.5195502352870742
        ],
        [
            0.9929748288835764,
            1.8017921010791176,
            -0.04971453788445247,
            0.7526903695111079,
            -0.19453696087769382,
            -0.8669707045082443,
            0.06737995987814863,
            -1.1253304228541632,
            0.17737982793117577,
            -0.5687149369321067,
            0.005621774627436145,
            1.051571050296093,
            0.5990488503459819,
            0.0,
            0.5211280651767887,
            -0.04457693884204681,
            -0.27797875704862174,
            -2.3519356929649518,
            1.2890139312365572,
            -0.24688475063462662,
            0.0789280139265347,
            -1.4619023175798376,
            -0.20941110791487755,
            0.1940433561499719,
            0.0942784165085509,
            0.6844023076407469,
            -0.1782522079779272,
            -1.130860073805004,
            0.9633974638407458,
            1.4855787946819576,
            -0.8803972594969931,
            -0.3604142577816378,
            0.014897738611204516,
            -0.3270176211983995,
            0.10476334161480295,
            0.9989719843161521,
            0.9227788046604953,
            0.6210903816382936,
            -1.5293375584375195,
            0.38629543098697744,
            1.9787683880510278,
            0.22959165303141238,
            -0.4734064773042825,
            0.6016751558068599,
            1.1751214990331913,
            0.003844454836960896,
            1.7024792039252097,
            0.6054537413627384,
            -1.6659617231452115,
            0.49883797519838474,
            0.16562674301271715,
            0.6570808604547391,
            -1.504471143243755,
            0.00397016945101041,
            -2.4466252869090708,
            0.17966164458282396,
            0.784290796171176,
            -0.10781969685674407,
            -1.1331116590235364,
            1.456289413142653,
            -0.07517774795522748,
            1.1197179134707098,
            0.04598491039613068,
            0.4372596161192263
        ],
        [
            0.1509975784887252,
            1.0354096926069332,
            -0.2668631769420089,
            0.6516407772367631,
            0.23989408583456506,
            2.177783716352541,
            1.5701015167616506,
            -0.08225771024157166,
            0.15828877740098402,
            0.017094023802916355,
            1.8294543690224363,
            -0.08954714727950785,
            -0.09764366128553371,
            0.5211280651767887,
            0.0,
            0.954010512370111,
            0.39173156177844465,
            0.7563264023462456,
            -1.4963207714716327,
            0.10823661786503254,
            -1.8683925468114866,
            0.5874530511590585,
            -0.1813579204687733,
            -1.3280469298489832,
            -0.49545076242270586,
            -1.9466015006518411,
            -0.031729551883206836,
            -0.519020287330929,
            0.3012448227440519,
            0.4063765876450959,
            -1.124853519596492,
            -0.4568954992573604,
            2.1385670616225765,
            -1.1672825228474941,
            0.0006563934435049721,
            -0.752776116145131,
            2.81329319968902,
            0.6687806672041084,
            0.24566838859710158,
            1.0297545416875495,
            -2.67028340686931,
            -0.9353034216656051,
            1.912463177871622,
            0.9831330167187647,
            -1.481149651938094,
            0.44443688695999134,
            0.9270731100667149,
            0.6155734361838536,
            1.5862806406343029,
            -1.1838802523037921,
            1.578760211887516,
            -0.3951856805832781,
            0.5015583166017161,
            0.1830608665170044,
            -0.3145068538415419,
            0.12909622725984263,
            1.6660783917252164,
            0.49164020858823865,
            0.5671824149728908,
            0.21627948401332053,
            0.06797947816461786,
            -0.32246819418996375,
            1.634297582147123,
            -2.9654345551792143
        ],
        [
            -2.555956808621013,
            1.4723355712569648,
            -2.1366433216553626,
            1.4054233835046595,
            -1.3108877808686459,
            -0.7471915639640735,
            0.2169693186413249,
            -0.005819030533970602,
            -1.1833704457930811,
            -0.31773676650458066,
            1.4985003875064404,
            0.8327086677536926,
            0.4460381448434625,
            -0.04457693884204681,
            0.954010512370111,
            0.0,
            0.5904512439149163,
            0.45859491125558977,
            -1.6175217652023977,
            -1.5520041046205666,
            0.6073867833094267,
            -1.6838767653236357,
            0.07712957223227719,
            -2.0108834928066917,
            1.1351714591013977,
            1.0929929589215153,
            0.5863721979448172,
            1.0264146655569508,
            1.2342164040562886,
            -0.41528580145804045,
            -0.05958589728457092,
            -1.085893462128006,
            0.22165814002509282,
            0.21482070555541236,
            -0.5169967210453961,
            1.6722097965325855,
            -0.32917529581844,
            0.29694987399475586,
            1.4452015397084008,
            -0.03679871687978363,
            -0.14632276192459567,
            0.7530003246337338,
            1.028032364985814,
            0.3356687685669989,
            -0.9116338741862947,
            0.23659604517560145,
            -0.5331656546171497,
            -0.8556006490390999,
            0.0764611906055904,
            0.6972397160842474,
            -0.14136787907197865,
            0.08649776172872119,
            -0.7809961322976574,
            -0.9751444060189334,
            1.3097545016594958,
            -1.5915992044567668,
            1.5271483798555145,
            0.744707042905695,
            -1.2026452967612509,
            -1.3539553891248741,
            0.5178889996108776,
            1.079058129308512,
            1.7249345250441022,
            -1.6670971370599363
        ],
        [
            -0.42117888365181205,
            0.3285415358551427,
            -0.6588661896258373,
            -0.36628916086598906,
            -0.612384919883576,
            0.3273407961078896,
            -1.0163802767216943,
            -0.0569507964718592,
            -0.38145433827567177,
            -0.8313511365596675,
            -1.3857159003907893,
            -0.3604198801030845,
            -1.8022499239188348,
            -0.27797875704862174,
            0.39173156177844465,
            0.5904512439149163,
            0.0,
            -0.3396132535901728,
            -1.7092745362019586,
            -0.6757185433262484,
            0.18679351338664485,
            0.4726244235787749,
            -0.9605544311846362,
            -1.3112928081755666,
            -1.9817515455512449,
            2.2506018419461418,
            -2.8049463310623763,
            1.723899311490097,
            -0.5330258582720693,
            -1.4761297150331378,
            -0.591249312942113,
            1.1236428354950134,
            0.6000679574700722,
            2.306873727457166,
            0.9614958198616509,
            1.2017681073659527,
            0.4146307598296738,
            -1.3620761922275635,
            -0.9884497965595553,
            -1.670186806629484,
            -1.28142679019028,
            -0.5407355767795216,
            0.5097087589773276,
            -0.07534578500517551,
            0.5066602733645408,
            -0.9042730632301572,
            0.24975326201474543,
            -0.015296833458641992,
            0.25188704909225085,
            0.18840836786935236,
            0.8627288876985698,
            -0.49438164246771976,
            -0.1996912641453926,
            0.5928121223323584,
            -0.5377304806349648,
            -0.9363703321538311,
            0.3713243125310075,
            -0.6699224865662757,
            -0.12810324824612207,
            1.8419029964490203,
            0.32390863458113267,
            -1.7434457812465602,
            -0.24278241421646668,
            -1.8279362537287105
        ],
        [
            -0.7474020978724086,
            -0.25739789982715844,
            0.18182270353457547,
            0.46057628732145844,
            0.05292049609285279,
            1.6978361217485467,
            0.6179008723948205,
            -2.1427946564878733,
            -0.7125955080200103,
            -1.0909266506264699,
            -2.0900510276754516,
            -2.0149984227563316,
            -1.4144004739674512,
            -2.3519356929649518,
            0.7563264023462456,
            0.45859491125558977,
            -0.3396132535901728,
            0.0,
            -0.8274542203784331,
            -1.3740975559384385,
            0.46249400448693634,
            0.13564974006606811,
            1.9300131763024557,
            0.22893766265680177,
            -0.7307289891331396,
            -0.6086764078867369,
            0.09365105753267904,
            1.7440138488983181,
            0.5915343557642411,
            1.0036320415033877,
            -1.3935345311249974,
            0.827271092507549,
            -0.21546078041689448,
            -1.7683068693960884,
            2.1480310623273553,
            1.443770761824513,
            -1.3767483137553913,
            0.32922648607400784,
            -1.205609081562136,
            -0.5486732342191215,
            0.040010775133770514,
            -1.2768740286845477,
            1.295944090214417,
            -0.4429403290634144,
            -0.7023364643296176,
            0.3036976399442542,
            0.6746524471133193,
            0.6002904742820868,
            -0.2917521598810443,
            0.09754803337966805,
            1.878694239842638,
            0.4299500643786228,
            1.4375536999277103,
            -0.19914885960212036,
            1.2892496439356673,
            -0.43601990093849397,
            1.5317497118568713,
            1.6921958407105566,
            -0.3718181499494602,
            -0.0058178911724328115,
            0.8259469924849892,
            0.38314713245842275,
            -0.6321219048801553,
            -2.16966926780395
        ],
        [
            -0.6602381959901347,
            0.4093787112717348,
            0.6426304884925397,
