{
    "N": 64,
    "id": "cf0dc792-9132-41fc-bc4f-3889fac5c6f4",
    "problem_type": "SK Spin-Glass",
    "distribution": "gaussian",
    "spins": [
        -1,
        1,
        1,
        1,
        -1,
        1,
        1,
        -1,
        1,
        -1,
        1,
        1,
        1,
        -1,
        1,
        -1,
        1,
        1,
        1,
        -1,
        -1,
        1,
        1,
        -1,
        1,
        -1,
        -1,
        -1,
        -1,
        1,
        -1,
        1,
        -1,
        -1,
        -1,
        1,
        1,
        1,
        -1,
        -1,
        -1,
        -1,
        1,
        1,
        1,
        -1,
        -1,
        1,
        1,
        1,
        -1,
        -1,
        1,
        -1,
        1,
        1,
        -1,
        1,
        1,
        -1,
        -1,
        1,
        -1,
        1
    ],
    "couplings": [
        [
            0.0,
            -0.86479997522408,
            -0.03974212593606687,
            -0.41224165384589617,
            -0.9731176790663494,
            -1.0313793871871084,
            -0.018780136895202807,
            0.692541402475428,
            -0.3668469018961462,
            0.5800385814074341,
            -0.44169566203027416,
            0.4771460601857384,
            0.4775125766761507,
            -0.8243382690714522,
            -0.39107684035118323,
            -0.5039292795064437,
            0.815515599072007,
            1.1182451505409345,
            0.2092078284852381,
            -0.37922567186607126,
            -1.3115673359797126,
            -0.4587078257879001,
            1.0704105962565384,
            -0.3672884148546392,
            -0.3791240081690586,
            2.4959355930309544,
            -0.9968252667472338,
            -0.9995665395221341,
            0.2984147139845059,
            0.31706077328736415,
            3.134254736769897,
            -1.3274122552159189,
            -0.8234988487087808,
            0.7047210565497336,
            -0.0024874502198104446,
            -1.7191804703570757,
            -0.02835672865633927,
            1.7906057297757554,
            1.2865479298137767,
            1.425408879394347,
            -1.5462403663079243,
            1.0885613525576854,
            -1.2870545821942574,
            -2.834188443386143,
            0.01474845985103945,
            1.0954489358932682,
            -0.26414112544871937,
            -0.23162602195596413,
            0.3044190869151996,
            -1.4387681063032183,
            -0.32665662154856207,
            -1.356449270726415,
            0.6216787030115452,
            0.1338378426125038,
            0.6103783069272652,
            0.5834799739981767,
            0.11711423423380544,
            0.916112030945166,
            1.57528310601178,
            1.5553014957513145,
            1.376585263615987,
            1.0249725215215695,
            1.5435677285221876,
            1.1098683874045006
        ],
        [
            -0.86479997522408,
            0.0,
            1.1002408187403754,
            -0.48413298545385886,
            0.9942084920599044,
            -0.34516623088222675,
            2.341690231055013,
            -0.7168177324346051,
            -0.9194203857589669,
            1.6198457911951594,
            -0.18507172021269705,
            -0.4974899852872938,
            -0.28844655904134986,
            -0.13329207920366967,
            -1.0541426102000089,
            -0.29711269742673563,
            0.05231884845219686,
            0.0022196824627778574,
            0.015218134570873105,
            -0.3555745702882026,
            0.4679841571598979,
            0.6195277566122617,
            0.017736404996892937,
            0.3510235006319055,
            0.7836536644892315,
            -2.9405634116475987,
            -0.4209894975344993,
            -0.5282017456862566,
            -0.7272577909223698,
            -0.5440969387694122,
            -2.648317756678333,
            0.46393441592434514,
            -0.8823252317328883,
            -1.007133964093762,
            0.10555570288017073,
            0.35762542282335497,
            -0.4851299700559,
            0.17672233850217314,
            -1.0487085353185719,
            -0.6818595917884651,
            0.7387908037512487,
            -1.4416901146703311,
            0.785789371258679,
            0.6310041756937597,
            -0.9782883963700033,
            -1.0231398385016726,
            -1.3022061368008644,
            1.1040385995372501,
            0.27785469097208604,
            -0.0887854637711396,
            0.02463208112114276,
            0.5389376784887046,
            2.9556915898300407,
            -0.9097414337821421,
            0.9155974519907374,
            -0.04863562619113721,
            1.4166026037213815,
            0.222614276952168,
            -0.3424172532212353,
            0.6684820234059423,
            -0.22483774361464906,
            0.3533296641435654,
            0.34093866588195315,
            0.9291720985779396
        ],
        [
            -0.03974212593606687,
            1.1002408187403754,
            0.0,
            -0.3231250553571785,
            0.11174696762035083,
            -0.6373034935512534,
            0.8520650488108024,
            1.275597259692048,
            -0.3343058761331262,
            0.1908530057974035,
            0.610255432643876,
            0.6025135953851564,
            0.0011866324305403824,
            0.965076444956023,
            -1.0796746253870635,
            0.41062998113211313,
            0.4065672565800606,
            -0.5412300353696318,
            -0.36616978031271713,
            -0.21540095466369513,
            -0.9762734809024839,
            -1.196952426919651,
            -0.861572421162946,
            0.6724483696102289,
            0.21834620686056702,
            -0.4311067338004774,
            1.428874703430736,
            -1.338284733415792,
            -1.1056305816869065,
            0.45304526602527373,
            1.2534052070500652,
            0.6968356644078715,
            -0.6595303091196031,
            1.3109623626092746,
            1.1412952657635405,
            0.43359779348281935,
            -0.5537320893160622,
            0.7232304770844399,
            0.03066116658247255,
            0.02977864824594641,
            0.919396654128992,
            0.945358642353015,
            -0.04702844892052382,
            0.5817940602646259,
            -0.028607377196232932,
            0.15703578534465168,
            0.42426634207704106,
            -0.27335388099605934,
            1.167247940417885,
            1.404471006868672,
            -1.199129974503981,
            1.170258995560133,
            0.11522587343030082,
            1.0881367610890378,
            -1.2855845908499213,
            -0.10654482843522997,
            1.1722884419375479,
            -1.4724470907023368,
            -0.608161812370267,
            1.5672969429969918,
            -0.9560963418108439,
            0.24973011410106344,
            0.1820159545861346,
            0.4357021920426671
        ],
        [
            -0.41224165384589617,
            -0.48413298545385886,
            -0.3231250553571785,
            0.0,
            -0.08945363051906174,
            0.28080799730526723,
            -1.3504785524488838,
            0.8783145673995,
            2.0397214570147675,
            0.17224911997385733,
            0.01464267707434025,
            -1.7273741584829159,
            0.7469124838404757,
            -0.22709926408073353,
            1.700842606888789,
            -0.6152820608194064,
            0.29949783002100494,
            -1.0585109883446187,
            -1.2750370637042145,
            -1.7757234680174179,
            0.002186738342464215,
            1.547994145999027,
            0.7106166508910184,
            -1.3180503155652175,
            -0.4017964649425686,
            0.6551464314324434,
            1.956219003063746,
            2.029834090009421,
            2.5777536888854256,
            0.21428715330227383,
            0.8710039210831412,
            1.179682168588004,
            -0.9747310477233332,
            -0.021006280475304458,
            0.7479662539509105,
            -0.7748248103191211,
            0.13738336774126333,
            0.023858046497791344,
            -0.45442064848445535,
            -0.27883617885742495,
            0.20068637311334742,
            0.15977813463025722,
            0.8836640451127478,
            -0.37378176583033884,
            1.6615263655054793,
            -1.139272109807398,
            0.3046308290920618,
            0.562278246062193,
            0.5856080358434758,
            -0.2815611650058503,
            -0.10987364241648265,
            0.15708952889173547,
            0.19938213143628158,
            0.7878398745521087,
            -1.7210074011752938,
            0.41356428283657115,
            -0.6444448353026976,
            0.3407419599554541,
            -1.0671375691121916,
            -1.9872843431406428,
            -0.09269020641880894,
            -0.0912754803365132,
            -0.4632431614468928,
            -0.00412701229063517
        ],
        [
            -0.9731176790663494,
            0.9942084920599044,
            0.11174696762035083,
            -0.08945363051906174,
            0.0,
            -0.29595517681296357,
            1.9280626196245396,
            0.5359413669100332,
            -1.0324341368654413,
            1.3587763119456038,
            -0.5614895351797698,
            1.4101825853030387,
            0.9898500673170876,
            -1.0756168432588036,
            -0.54150017525474,
            -0.30493072810663424,
            -0.21867019448522665,
            -2.2320981062431717,
            0.926943736419486,
            -0.05567550418602544,
            0.05168416690200131,
            -0.5993552287239384,
            2.002790222216179,
            -0.2478863439357181,
            -0.5954010827684812,
            -0.2820920604884206,
            0.10542549826532702,
            -2.5760326713902217,
            -0.7813064900626487,
            -0.8380031837017867,
            -1.7221255029011702,
            -1.413010604476743,
            -0.6503211437077662,
            -0.8700785690828717,
            1.1476840283820147,
            0.9430291210123063,
            -0.46698830639851324,
            -0.18943653696766785,
            -0.0667271200406995,
            1.2885562662726229,
            -0.22745110652661432,
            -0.4706742395577907,
            -1.8401200602486956,
            0.7473627521819804,
            0.4605525687641958,
            0.9289064673257079,
            1.6312414849942767,
            2.041181732833062,
            -1.3389989808702674,
            0.12837904982690823,
            -1.6334226063649349,
            0.02725478926982745,
            -0.6490140340569507,
            -0.022662110498191466,
            -0.48509234997237854,
            -0.29908137991693035,
            1.3988235383101342,
            0.899770111301696,
            -0.34075063961918306,
            -1.7647142878659183,
            0.1228345076112083,
            0.011785372559130723,
            -0.14818725763337579,
            1.147608187206816
        ],
        [
            -1.0313793871871084,
            -0.34516623088222675,
            -0.6373034935512534,
            0.28080799730526723,
            -0.29595517681296357,
            0.0,
            1.7589905690840553,
            1.0001219637318062,
            1.102990928516945,
            0.3830114708590418,
            0.550744636722275,
            -0.38145825696685637,
            0.8056200265115443,
            -0.13597794657744308,
            2.212918327010742,
            -0.662684403402592,
            0.7143206792122578,
            -2.2432448023749703,
            0.38967155329871483,
            -0.28723860824233877,
            1.3559452049607872,
            2.1707113655543115,
            -0.011361743686625386,
            1.548090094804513,
            0.27291885932616633,
            -2.8177407809716124,
            -2.7573808322027573,
            -1.8859354588250303,
            0.9994407485538074,
            0.6668050898366976,
            -0.027324523512431153,
            -1.7092381051927095,
            -0.006274650879369403,
            -0.7323293567898223,
            -1.8775399013828318,
            -1.6064465219941324,
            -1.5812268006653718,
            1.0560654144858475,
            1.3493657406124007,
            -2.4496714533022255,
            1.1773487017144229,
            -0.42677648237300625,
            -0.20596460737368402,
            0.5196426436236159,
            -0.44930376910761016,
            -1.0645838719787937,
            -1.3626290663791103,
            -0.9307022704501932,
            0.016883084960571264,
            -0.4066690072487593,
            0.45694411441061744,
            0.17179118452247857,
            0.3592065283168653,
            0.5461347221528662,
            1.8865020900619043,
            -1.1715931242839686,
            0.1497218174316305,
            -0.2821486622018503,
            -0.3458426464072606,
            -0.5678012913053645,
            1.325034952551133,
            -0.3958056440539033,
            0.5658112295996963,
            0.44351069054120756
        ],
        [
            -0.018780136895202807,
            2.341690231055013,
            0.8520650488108024,
            -1.3504785524488838,
            1.9280626196245396,
            1.7589905690840553,
            0.0,
            0.8627315543982501,
            -1.1478012964941897,
            -0.2243822671733858,
            -0.42522505750481304,
            0.26218763585271915,
            0.6444818230068705,
            0.01286571428301813,
            2.5154906962858457,
            -0.24919847442046697,
            2.1379435782392164,
            1.790858450353111,
            -0.010698070938346127,
            0.20981312622100712,
            -0.14708135755977808,
            -1.5902017790121914,
            0.2835041442616582,
            -0.12091901119842735,
            -1.074125447566791,
            1.2825291423358713,
            -0.8981479838056695,
            -0.6926570510144558,
            1.434744551384794,
            -1.6676036280202162,
            1.8835571127556658,
            -1.1903136877114213,
            1.6872263468292743,
            0.48476886118517726,
            1.7048869251596286,
            1.058303828576165,
            -2.5116104024443966,
            2.4662162988896856,
            -0.5755837287407861,
            -1.9024040639722632,
            0.2852538199636345,
            0.07544315684865661,
            -0.4198862655046095,
            0.15639625457909218,
            -0.07305764261432687,
            0.7118985094736138,
            0.6627609252884051,
            -0.16927698495339635,
            1.345953791013752,
            0.23828815411182824,
            0.1968062499640468,
            0.18467589639089407,
            1.349045411896687,
            -0.26370452547471485,
            -0.27981548181705695,
            -0.9325570436565954,
            -0.6291446597640384,
            1.4176517366174104,
            -1.368708023133173,
            -1.365686492669852,
            -1.989147737557092,
            -0.10799647455645155,
            -0.6646782014650927,
            1.5637108279062941
        ],
        [
            0.692541402475428,
            -0.7168177324346051,
            1.275597259692048,
            0.8783145673995,
            0.5359413669100332,
            1.0001219637318062,
            0.8627315543982501,
            0.0,
            0.352791831775694,
            -0.36626137276903437,
            0.4564256710081098,
            0.9261550460938113,
            1.0395366327298021,
            -0.9368774935738349,
            0.7574195593246437,
            -0.8097576177337501,
            0.13740600211668907,
            0.05305014099041053,
            0.01460569904575207,
            -1.6335080935334836,
            1.0201245588305397,
            -0.5672967821724627,
            -0.254493362919706,
            -1.2050374152173133,
            -1.4093362209899052,
            -1.832315581180514,
            0.7125106476484957,
            0.6057548137225429,
            -0.29212274656783155,
            -0.0793474509360111,
            0.5998787167755797,
            -0.125150055070339,
            0.651055692241376,
            -1.5891439959066647,
            0.7587941505466892,
            -1.1653199190283776,
            -1.2559042854756846,
            0.8365819353647854,
            -0.3342146194666205,
            0.3399422458475455,
            0.07435238476455906,
            1.2163348793415576,
            -0.5756440169301438,
            -1.2622471389245158,
            0.43957809724661506,
            -0.2527144491274378,
            0.7607700111186952,
            1.3998461244528222,
            0.7194056113268846,
            -0.37593418333706113,
            1.723917340045671,
            0.42784986327225616,
            -0.44206783874442857,
            -0.8677391549332063,
            -1.3675619092953326,
            0.908928094984328,
            1.1303518839119797,
            1.0218821118380046,
            -0.09560450801874316,
            1.42641590888255,
            0.8662448105523429,
            1.0966008739328257,
            -0.824814953934997,
            0.34225271349845643
        ],
        [
            -0.3668469018961462,
            -0.9194203857589669,
            -0.3343058761331262,
            2.0397214570147675,
            -1.0324341368654413,
            1.102990928516945,
            -1.1478012964941897,
            0.352791831775694,
            0.0,
            0.41480928237390335,
            -0.7653874283238435,
            1.1621848600917772,
            -0.5942645439591663,
            1.1438883546935388,
            -0.12140994682283841,
            0.06036232538864768,
            -1.46407749331549,
            -1.71801495543302,
            1.1105867119144128,
            -0.5397244049607967,
            -0.2568639325294373,
            0.39235368997048176,
            -1.1047899097763378,
            0.11113770161935461,
            -1.1703820102940419,
            -0.3520772480869391,
            -1.4190410714556545,
            -1.5323279808050774,
            -2.211498347805606,
            -0.5415400163978431,
            0.4396271845491899,
            1.4612783703148489,
            0.3820873930855059,
            1.1924088225415361,
            0.3450285205216413,
            -0.6103948806044651,
            -1.4382409633292577,
            -0.3937993735360566,
            0.25298856980518747,
            1.7900358265985539,
            1.8186022798490182,
            -0.5735822561714397,
            1.7706435629414639,
            0.31883266817828,
            -0.535000186833049,
            -1.0473356404931962,
            0.47001728844399027,
            -1.9470516616836047,
            1.3134128204285334,
            -0.36026212639403926,
            0.4507934747282639,
            -0.3039073355247761,
            1.7945438040828976,
            -0.4512610292500206,
            1.0418410221503716,
            2.065576912012629,
            -0.7014929066682316,
            -1.7542554376545734,
            -0.6486862320607041,
            -0.5465091654104905,
            -1.3621579539153843,
            -0.8634584465183642,
            -0.3321324676411199,
            0.3389110766602158
        ],
        [
            0.5800385814074341,
            1.6198457911951594,
            0.1908530057974035,
            0.17224911997385733,
            1.3587763119456038,
            0.3830114708590418,
            -0.2243822671733858,
            -0.36626137276903437,
            0.41480928237390335,
            0.0,
            2.4926391554722023,
            -0.41372859073141494,
            -1.3216603660450985,
            -0.24817053262804817,
            -2.6022594952477216,
            0.7862955321593981,
            -0.26953950796052983,
            0.07412210814650022,
            -0.19089005221039707,
            2.1385137734742705,
            0.17691990369941726,
            -0.3809231423824704,
            -1.282054066954757,
            2.606249900827298,
            0.22972651424240162,
            1.5934436847181628,
            -0.5687810433653488,
            0.8923320027456262,
            0.2460274222044369,
            0.004258994770280265,
            -0.0036924961520094783,
            1.2494853005450752,
            -2.4489105334393333,
            -0.31047514742820354,
            0.7968399600694466,
            0.4716349606604112,
            -0.37408225727904226,
            1.2055105577155296,
            -0.06669094503715932,
            -1.8548278275087724,
            -0.46823059746529194,
            1.2745198466001482,
            -0.7203132855036641,
            1.6716636509287586,
            0.1436570077243366,
            -0.41939276549380833,
            0.6619562318158376,
            -0.9475480353110064,
            0.8104923813994177,
            0.2559418873237655,
            -0.42707670998051384,
            0.13561391217686267,
            -1.3861397338399795,
            -1.3646514824672278,
            1.1508487190383399,
            0.41514485331458356,
            0.6566375004902303,
            -0.7764436009433641,
            0.24781192948917508,
            -0.4646093311824244,
            0.6498866794577407,
            0.628319943714622,
            -0.43413365605747656,
            0.3978651951354556
        ],
        [
            -0.44169566203027416,
            -0.18507172021269705,
            0.610255432643876,
            0.01464267707434025,
            -0.5614895351797698,
            0.550744636722275,
            -0.42522505750481304,
            0.4564256710081098,
            -0.7653874283238435,
            2.4926391554722023,
            0.0,
            0.10372828656525512,
            0.806865914317943,
            2.137654521458389,
            -1.181807777403195,
            0.38840895526400077,
            -2.0992724963843123,
            -0.04988352606716174,
            -2.1655298814188084,
            0.3526608651524485,
            1.5109530969689489,
            0.5824712985446201,
            0.02211137017619627,
            -1.2370075879288427,
            -0.7855233296514831,
            -1.274975114293202,
            -0.06830094254890455,
            0.06370796558673102,
            0.1783892722963536,
            -1.3753003844222307,
            -0.6772244090747663,
            -0.31420263018839384,
            1.860257395094535,
            -1.566090502503491,
            -0.7671130948818312,
            -0.913732700898533,
            0.352645877020288,
            0.4834089523178922,
            1.5546109320800618,
            0.3550211592139701,
            0.1689524106561859,
            -0.607760672375836,
            -1.6073118312070258,
            0.3269056258591855,
            2.142274891518516,
            -0.044275842530584836,
            -0.16013677373042184,
            -0.6767340710371229,
            -0.1651065528203399,
            -0.0736340887070932,
            -0.17266704261910193,
            0.3743700112207686,
            0.16332633649655004,
            0.03163334561931892,
            0.057686912041125415,
            -0.2434354897998547,
            -2.7335788773956704,
            -1.3232385820470942,
            -0.0681320079179279,
            -0.41014848515174995,
            -1.1812703376837306,
            -0.6971054423686041,
            0.9233977841228317,
            1.3943732644708096
        ],
        [
            0.4771460601857384,
            -0.4974899852872938,
            0.6025135953851564,
            -1.7273741584829159,
            1.4101825853030387,
            -0.38145825696685637,
            0.26218763585271915,
            0.9261550460938113,
            1.1621848600917772,
            -0.41372859073141494,
            0.10372828656525512,
            0.0,
            -1.7371010678374852,
            -0.7146115119587124,
            -0.30701634688165247,
            0.9485444935647427,
            -1.3120114032875514,
            0.6467623376971428,
            -1.1689544867628723,
            -0.5619314906026265,
            -0.5350123983128117,
            -0.2346292611511519,
            -0.06932281979006812,
            -0.8355645848286459,
            0.9565141527776634,
            -0.20008369266075218,
            0.5845698948078722,
            -0.3211925522235079,
            -0.000556108877376033,
            -0.040818118493290215,
            -1.6615042485482965,
            -0.16496500690602073,
            -0.4320757689720483,
            -0.8478415483633439,
            -0.7537072681061308,
            0.16013623076251132,
            -0.6926418655321966,
            0.4537661521326321,
            2.2480194752238325,
            -0.37459450560906493,
            0.20955777317369204,
            0.07191711776632173,
            -1.389584378869452,
            -0.4948770733383925,
            -0.9282800826405195,
            -0.18047482238528204,
            -1.1737435233481566,
            0.4237511000798696,
            1.8772379490429631,
            -0.2688690444740282,
            2.284806852313939,
            0.8341521196820166,
            1.5877311865197776,
            -1.128850991423501,
            -0.2153730218042757,
            -1.183433595643065,
            -0.4078271101828016,
            -0.7880653519572447,
            -1.5074580917058373,
            -0.4470634416382859,
            -0.7437515859588077,
            -0.39310083259552286,
            0.5432479288819544,
            2.5531694311939397
        ],
        [
            0.4775125766761507,
            -0.28844655904134986,
            0.0011866324305403824,
            0.7469124838404757,
            0.9898500673170876,
            0.8056200265115443,
            0.6444818230068705,
            1.0395366327298021,
            -0.5942645439591663,
            -1.3216603660450985,
            0.806865914317943,
            -1.7371010678374852,
            0.0,
            0.2693563134498268,
            -0.1137779123487294,
            0.2781893767408169,
            0.6996791844799537,
            -0.520451030742748,
            0.129864536941483,
            0.6243142219170876,
            0.9217222275099152,
            -1.6246049724954725,
            0.7605129267829073,
            -0.9247095159776875,
            0.5066425684255944,
            1.1247185008552387,
            -1.0676245832106803,
            0.16658649447280263,
            -0.3574747550270814,
            1.3444024956762852,
            -0.39869982234997464,
            1.0832220916132398,
            2.1237575635014023,
            -1.6054175186092778,
            0.49018226188499653,
            -0.3731260252781211,
            0.4186598308443414,
            0.7302443471774848,
            0.6026957957187077,
            0.19700482494180752,
            0.12198292907871205,
            0.8055538498244862,
            0.14195535271478957,
            -0.536700742937691,
            -1.1507287754035846,
            -0.09444109799327327,
            -0.5047741074263126,
            -0.20094572256150756,
            -0.5556356434901616,
            0.32512955263527193,
            -0.547747980200177,
            0.4435803462825124,
            -0.1538571704886537,
            0.9433996961651749,
            0.7350810623193945,
            -0.71169892001944,
            0.6118588505026435,
            0.44483892124953045,
            0.6000106834055962,
            -0.48039386247860993,
            -0.18889119845582297,
            -0.12845330738566663,
            0.8371411646229762,
            2.6435666660986112
        ],
        [
            -0.8243382690714522,
            -0.13329207920366967,
            0.965076444956023,
            -0.22709926408073353,
            -1.0756168432588036,
            -0.13597794657744308,
            0.01286571428301813,
            -0.9368774935738349,
            1.1438883546935388,
            -0.24817053262804817,
            2.137654521458389,
            -0.7146115119587124,
            0.2693563134498268,
            0.0,
            -0.5347979690474055,
            0.27400066292995556,
            0.4150666164624938,
            -0.5016624287919343,
            1.0092626525787667,
            -1.1146939071484154,
            -0.9130399342024931,
            2.247333782676223,
            1.0990950695624149,
            -0.6573996048821866,
            -0.9124612346032793,
            2.188959775382639,
            -1.461628782669474,
            -0.004460177636790031,
            0.05005879172855342,
            0.3669653915932598,
            2.140639879673151,
            -0.7746865876719001,
            1.6793562752069127,
            -0.9089519618833746,
            0.8496367130791354,
            0.5108753100363673,
            -0.3041011600915913,
            0.5481860848463384,
            0.3551122409038631,
            1.4468786202980477,
            -0.9456446670106688,
            0.2797561203609034,
            -0.6165717504357521,
            1.5336784830062478,
            0.37138317801520815,
            -1.5810352357859048,
            1.8940143201175959,
            -1.4091857741280915,
            -1.561572281830751,
            -0.2143297616569448,
            -1.7774111528829952,
            -0.8368817158805625,
            -0.5500603991937105,
            0.2454708290838259,
            0.8803366549340366,
            1.1512264697129868,
            0.4392620594466964,
            -0.22783065732852045,
            1.6859671109654597,
            -0.8916835390420209,
            0.022012380817530926,
            0.3333607875635133,
            0.8456211722844926,
            0.43726914550230145
        ],
        [
            -0.39107684035118323,
            -1.0541426102000089,
            -1.0796746253870635,
            1.700842606888789,
            -0.54150017525474,
            2.212918327010742,
            2.5154906962858457,
            0.7574195593246437,
            -0.12140994682283841,
            -2.6022594952477216,
            -1.181807777403195,
            -0.30701634688165247,
            -0.1137779123487294,
            -0.5347979690474055,
            0.0,
            -0.8853466069385479,
            -1.064127187455547,
            -1.090873676386667,
            -2.427569555331539,
            2.7510841155663037,
            0.6629142169964445,
            1.0425126542309,
            -1.206808737271873,
            -0.12337600442831965,
            -0.6024419746722077,
            -0.261164532852175,
            0.9578793265175531,
            0.5222836478773639,
            -1.048278792677255,
            0.7025590890555792,
            -0.2463691586726935,
            -2.224678548346772,
            0.519405435920667,
            -0.023648166640638416,
            -0.6067727221001191,
            -0.3283480131375683,
            0.7243092739299776,
            -0.98929379572507,
            -0.8664464234729936,
            0.4032905794576087,
            1.5847849604012056,
            1.38633825442233,
            -0.41468661510493265,
            0.527027759262285,
            -0.09477593172873122,
            -1.2581310297492587,
            1.255971411133339,
            0.08369411291668753,
            -0.10868366872057598,
            -2.00099975988775,
            1.7317816554011893,
            -0.26593254340268807,
            -0.37873625930523397,
            0.7082543047021493,
            0.023488868714184874,
            -0.650645630010068,
            0.2969927216683887,
            -2.4246820409948286,
            -0.1983779004687377,
            0.9106194994644761,
            1.4571613565905166,
            -1.4907133774853825,
            0.17004599860851033,
            0.8081842431011466
        ],
        [
            -0.5039292795064437,
            -0.29711269742673563,
            0.41062998113211313,
            -0.6152820608194064,
            -0.30493072810663424,
            -0.662684403402592,
            -0.24919847442046697,
            -0.8097576177337501,
            0.06036232538864768,
            0.7862955321593981,
            0.38840895526400077,
            0.9485444935647427,
            0.2781893767408169,
            0.27400066292995556,
            -0.8853466069385479,
            0.0,
            -1.8824753135757182,
            -0.8986171602826734,
            -0.6420638423946425,
            -0.8054011073397918,
            -0.7117578654676333,
            0.30133484980649733,
            -1.098022181219611,
            2.048041401547131,
            -0.355490833284595,
            -1.0228910582474893,
            0.7574062703002903,
            0.5768080961188873,
            1.0817842753108364,
            -0.8582811127132037,
            0.8894835198062807,
            1.158668085519188,
            -1.224524856976357,
            -0.2443939202441192,
            0.4488393036996038,
            0.13826161534079753,
            1.1964225661267214,
            1.0222316950698487,
            1.0721393547142315,
            0.06314694738286654,
            -1.051751835450008,
            0.7082002540228083,
            1.713566046018727,
            -0.6478642117235878,
            2.1710787912942684,
            0.41211862844913233,
            0.9237240978248756,
            -0.19190817927339343,
            0.6136219219245718,
            -1.3039947748918324,
            -0.5480945076923507,
            1.2238853276329043,
            -1.197491710502811,
            -0.5075170229657789,
            -0.2889933265310614,
            0.5137584753684721,
            0.33753459250358525,
            -0.7568502562442433,
            0.08341612348807508,
            0.748929386148027,
            0.3748671007667118,
            1.0357498368731601,
            -0.5362092869255148,
            -2.283200409071382
        ],
        [
            0.815515599072007,
            0.05231884845219686,
            0.4065672565800606,
            0.29949783002100494,
            -0.21867019448522665,
            0.7143206792122578,
            2.1379435782392164,
            0.13740600211668907,
            -1.46407749331549,
            -0.26953950796052983,
            -2.0992724963843123,
            -1.3120114032875514,
            0.6996791844799537,
            0.4150666164624938,
            -1.064127187455547,
            -1.8824753135757182,
            0.0,
            0.08212635825859135,
            0.56949312055753,
            0.6133752636396406,
            0.06708457319404879,
            -0.9752572752497828,
            -0.15121339397978412,
            0.43373454611670625,
            -0.922193496096833,
            -1.0694759391318687,
            2.5045940250396064,
            0.7545088525936062,
            0.2556161816839485,
            -0.2326947917308008,
            0.27769686500821433,
            1.6540110996541326,
            -1.6403705013267451,
            -1.0364940328425358,
            -0.038959047440201365,
            -1.1287038145739532,
            -0.7408552876177241,
            0.2596707343342491,
            0.8500254224809778,
            0.881942250968102,
            0.3243851923726726,
            -1.2905970869200416,
            -0.08326146335058758,
            -0.7080549942192742,
            0.7177717235676606,
            1.1830479801149811,
            0.09592361672128807,
            -1.3777134820543628,
            -0.6082185085482209,
            0.23164575756645683,
            2.186122844849713,
            0.210134629416407,
            1.3931913166013539,
            0.24346298123940832,
            -0.014659434839352222,
            -0.8634773214038584,
            0.6856999813518664,
            1.6568830256629357,
            1.053555848244022,
            -0.0747126641822542,
            -0.1318932912506811,
            -0.8068460655938335,
            0.16325124163875587,
            -1.3492425765646987
        ],
        [
            1.1182451505409345,
            0.0022196824627778574,
            -0.5412300353696318,
            -1.0585109883446187,
            -2.2320981062431717,
            -2.2432448023749703,
            1.790858450353111,
            0.05305014099041053,
            -1.71801495543302,
            0.07412210814650022,
            -0.04988352606716174,
            0.6467623376971428,
            -0.520451030742748,
            -0.5016624287919343,
            -1.090873676386667,
            -0.8986171602826734,
            0.08212635825859135,
            0.0,
            0.27516434547893104,
            -1.5192008173081863,
            -1.0795951213172015,
            -1.1093291766889661,
            -0.46323675639818085,
            -0.28641705562364067,
            -0.02222714065245779,
            0.5671349644631478,
            0.7724737376020155,
            0.5175108000544273,
            0.8809335004908498,
            2.7404170483913393,
            -0.19547309184481995,
            -0.5342687628923481,
            0.4435656509505357,
            0.6616262105491347,
            -0.6111374953951071,
            -2.6202511130502715,
            0.07413663450563443,
            -0.6069091570512031,
            -0.6555173993435868,
            -1.1459659769127335,
            -0.4932092875919294,
            -1.7823526362096929,
            -0.8274327198189547,
            1.6570166512649953,
            -0.9346833025384321,
            0.09086344847567332,
            0.8537530896087252,
            2.1435461850783812,
            0.8428906712294644,
            -0.8674134517807817,
            -1.16482697471111,
            0.2906410526809656,
            0.34806781543741566,
            -0.2457264051366957,
            0.14793853192498882,
            1.3693577594942998,
            0.2711468125758278,
            1.0679897962073206,
            -1.4825342743006762,
            1.1739967889065466,
            1.1825763554881958,
            0.19392177926771037,
            0.508768307784593,
            1.0561714185981237
        ],
        [
            0.2092078284852381,
            0.015218134570873105,
            -0.36616978031271713,
            -1.2750370637042145,
