{
    "N": 64,
    "id": "d74e0450-4278-4cb2-9e4d-b62ceb9a8e79",
    "problem_type": "SK Spin-Glass",
    "distribution": "gaussian",
    "spins": [
        -1,
        1,
        1,
        -1,
        1,
        -1,
        -1,
        -1,
        1,
        -1,
        1,
        1,
        -1,
        -1,
        1,
        1,
        1,
        1,
        1,
        -1,
        -1,
        1,
        -1,
        -1,
        1,
        -1,
        1,
        1,
        -1,
        1,
        1,
        1,
        1,
        1,
        1,
        1,
        1,
        1,
        1,
        1,
        1,
        1,
        1,
        1,
        1,
        -1,
        1,
        1,
        1,
        -1,
        1,
        1,
        -1,
        -1,
        -1,
        1,
        -1,
        -1,
        -1,
        -1,
        1,
        -1,
        1,
        -1
    ],
    "couplings": [
        [
            0.0,
            1.099843057131923,
            -1.617313418912847,
            0.34270832296222686,
            -0.04422353487802687,
            -1.077435654166384,
            -0.9036960356237694,
            -0.27389878483947344,
            -0.27480944665252044,
            0.8689307872635738,
            -1.6983875159840178,
            -0.13814469229724036,
            -0.3658416782047563,
            -0.06541730949981542,
            1.4761146667387233,
            0.43720475193410074,
            -1.0882499559951517,
            0.29715492464401694,
            1.9233928877196498,
            -0.731722452737759,
            1.7426946073449474,
            -0.5485757981591154,
            0.8919946473631011,
            -0.718640247311855,
            0.09571609087426321,
            0.2696545001721415,
            0.8611364140244051,
            -0.5445414011891946,
            0.08282449637678932,
            0.02753624186944114,
            -0.8651036367170654,
            -1.1249180914053385,
            0.46559228600136054,
            -0.7253191231271993,
            0.2374776204858014,
            -0.5103792629540861,
            -1.2664066655791406,
            0.6819647610424615,
            0.10008577101294333,
            -1.1678391670252644,
            0.16427356131266385,
            1.3528001118682043,
            -1.4042010832787704,
            1.8988546120497636,
            -0.6650275839416342,
            0.3199903503579976,
            -0.39593211200737516,
            -0.4218121969177065,
            -0.7977755496801723,
            0.5309870409332837,
            2.690077092473683,
            -0.12676062211111144,
            1.2691067474177122,
            0.9870288872480601,
            -0.8572904071345594,
            -0.27814803050901915,
            -2.1404825353572696,
            -0.22614011874473025,
            0.5181618656524525,
            -1.2783587519005977,
            0.5513155311267249,
            0.2520066376436775,
            1.096293364136596,
            1.1516767750207366
        ],
        [
            1.099843057131923,
            0.0,
            1.474696359678281,
            -1.4203433113303137,
            -1.7082617049421296,
            1.2804807130373914,
            0.03313930709565531,
            1.8850180278374258,
            1.532613364753619,
            0.5359529680387984,
            -0.429467989490331,
            1.977055427779937,
            0.18019744459667383,
            1.6775219077958583,
            0.09617156322401814,
            2.1165276278964247,
            1.7611433468497628,
            0.7952229880534283,
            -0.0943104025908538,
            -0.327108394885716,
            -0.41365235603682854,
            0.7166995405665306,
            0.3629447998985137,
            -1.0196190506436877,
            1.7442716858168703,
            1.6613944604652828,
            -1.337372129370806,
            0.25744626846904933,
            -0.6348842388008149,
            1.1372363956911462,
            -0.6895273414421351,
            1.1789366997520714,
            -0.09129495147150485,
            -0.4719786920429121,
            0.8745054001968285,
            1.3628925885595085,
            -0.5349031982736624,
            0.1672322297835285,
            -0.4952079821590256,
            -1.479790816340289,
            0.1859057398216034,
            0.2492100122634619,
            -1.9813719523851223,
            -0.10462396433000952,
            0.12147134033103957,
            0.7736273966393376,
            1.1003873314944046,
            0.2683458331300009,
            -0.3763203660188179,
            -2.1782640976196688,
            0.7591515903119717,
            1.7381130122791522,
            1.7138847501255694,
            -1.3987493452151867,
            0.10780844803586592,
            -1.0764555168710452,
            -0.3972229675535477,
            0.8568954430120488,
            -1.3755568505505171,
            -0.7141172385979881,
            0.5664674371241069,
            0.11198227981621033,
            -0.06374452905293436,
            -0.1722777380486124
        ],
        [
            -1.617313418912847,
            1.474696359678281,
            0.0,
            0.6743985381520928,
            -0.5117269918590417,
            0.18844564384554716,
            -0.025451170782648764,
            1.7275265693957582,
            0.08827471767865956,
            -0.7746535416545945,
            2.1913720814830753,
            -2.2393732273636404,
            0.7485710207630436,
            -0.5517823584136071,
            0.8667280816322371,
            -0.951010316780672,
            -0.4411618790488984,
            -3.185893255307685,
            -0.8648901893187395,
            -0.3276565630287174,
            -1.7378493711135807,
            -1.0186643109549725,
            -0.46586327211486506,
            -0.059105869323831536,
            0.21276038696326455,
            -1.8149624728413483,
            -0.5401832693476695,
            1.0085302682439994,
            -0.5496230516712923,
            -1.321716467790576,
            0.6512606245269297,
            -0.6255913379247648,
            -0.5431953876727882,
            -0.7558203352184127,
            -1.4933692156268372,
            0.23287001888339245,
            1.4300867816270975,
            0.7330132888128802,
            1.0127418061140514,
            -0.29935437975352913,
            -0.139475296942342,
            -0.005126829626138189,
            0.28906006213154406,
            -0.4227250404803728,
            1.2973131102246682,
            -0.5782738936855495,
            0.865525549127894,
            0.8026200205827863,
            -0.5733780572288293,
            0.09443701523005588,
            1.144912049211899,
            -0.6947705830819846,
            -1.565166541224933,
            -1.3006712821589117,
            1.685623055198605,
            -1.7641225645524965,
            -0.36331158986388956,
            0.5121482839823922,
            1.1215434856338262,
            -0.6646396782477308,
            -0.42282575907434417,
            -1.0278538042091783,
            -0.44283708137611816,
            2.340686026684802
        ],
        [
            0.34270832296222686,
            -1.4203433113303137,
            0.6743985381520928,
            0.0,
            -0.6237574398183243,
            0.6066264075842432,
            -0.4637150275703849,
            1.4329611336519608,
            -0.4260971341512761,
            0.03229443552466337,
            -1.1152635218594673,
            -0.785668451563324,
            -1.3929798287897064,
            -2.206652992436999,
            0.4349756247446169,
            -2.155181284196405,
            -1.7332593794126974,
            -0.2455460982059271,
            -1.1985137767903196,
            -0.04464360795031538,
            -0.4608793335571825,
            -1.2754491322917685,
            0.021757010766846642,
            2.3457006519947274,
            0.533588400166657,
            -0.7470206376145094,
            0.452731819546218,
            -0.3717209691775335,
            1.0441215044349412,
            -0.21765604314288559,
            1.8745313060725615,
            2.0405860373040476,
            1.2176223795291317,
            1.0995443659462811,
            -0.9828082634702376,
            -1.448743629593129,
            -0.00763345795738369,
            -0.2244353565597218,
            0.11351513863368737,
            0.22141066443334323,
            -0.562667625460336,
            -0.709615390769091,
            -0.786527771071382,
            0.20072096902418687,
            -0.10173666645328938,
            -1.3129673868036522,
            -1.1802136976150588,
            2.3193678561511986,
            -0.47161692065759114,
            -0.3896871389528553,
            -0.8652605096914169,
            -0.7108544887458544,
            0.5424806806884267,
            1.3190060916970405,
            1.1395757204739614,
            0.7700047965360162,
            -0.42713352686844314,
            0.9243513157677479,
            -0.9776935824739861,
            0.6423459740373478,
            0.9494601088992892,
            -1.4199173820301612,
            1.215438985513631,
            -0.735744626619657
        ],
        [
            -0.04422353487802687,
            -1.7082617049421296,
            -0.5117269918590417,
            -0.6237574398183243,
            0.0,
            2.1913539674205134,
            2.184591564280995,
            1.294477248900928,
            -1.449478734854848,
            -1.175976034233832,
            -0.06846307714667109,
            -0.6044841760889151,
            -1.046441364559288,
            -1.171839870700251,
            -0.6196131199375552,
            -0.06586825429086617,
            -1.5318672389806907,
            0.42598289346749724,
            1.5729233804207576,
            -0.7182062124300933,
            0.22653774275876287,
            -0.015656055621240613,
            1.0506637983508924,
            -0.4863861125776232,
            -0.7727211268618044,
            -1.4499254939816177,
            -1.488976931666692,
            -2.0557587644106516,
            0.076165078546142,
            0.944743889438702,
            1.251910864307404,
            -0.13260442187750468,
            0.8486382134837264,
            1.2252768883588974,
            1.0054368046590805,
            -0.11522642290251928,
            0.011132724977552038,
            -0.3114130588000446,
            -0.08776593142440262,
            0.10424373163643144,
            -0.35561629729802113,
            -0.4940387076369192,
            1.6541257619873095,
            -0.46967557020417167,
            -0.056834466001400644,
            -0.3451023828417842,
            -0.7144503072218789,
            -2.243026723099333,
            0.4956280180827919,
            -0.527485790332589,
            1.100281499367285,
            -0.133057646679127,
            -0.7353174204913508,
            0.7089833229000271,
            2.5269445355383855,
            -1.6629004315023903,
            -0.053633076568817876,
            -0.19048926890747217,
            0.9762643416898233,
            -0.6703633788674858,
            0.968551270094094,
            1.7588043271808018,
            -0.40246760165727236,
            -1.4770191061415807
        ],
        [
            -1.077435654166384,
            1.2804807130373914,
            0.18844564384554716,
            0.6066264075842432,
            2.1913539674205134,
            0.0,
            -0.33351981981282325,
            1.4015001500826736,
            -1.1937472462135084,
            0.5267915386442104,
            -0.30489912079038956,
            0.09452878808790031,
            0.071542994388738,
            1.6904985514131932,
            1.5244840355397389,
            2.0308975624437795,
            -0.040004357054700845,
            0.3906201854316018,
            1.4167320572237658,
            0.7359579776723736,
            -0.20892693834670523,
            -0.18657609636649983,
            2.379973942375851,
            1.2894802368958596,
            -0.21539248942294453,
            -1.1318536730545474,
            -0.7472887029342861,
            1.0848274905712885,
            0.042197581945977544,
            -0.9152497859948753,
            1.002003916739801,
            -0.9159664116870673,
            1.6592731168350996,
            1.236488123482889,
            0.46387400506620075,
            2.1467732177594296,
            -1.0312406201792237,
            -0.8872775867313029,
            0.17752022902802525,
            0.24819174623275383,
            -0.7923856129004462,
            1.0795913400397603,
            -1.4766047903328259,
            1.7555508973711058,
            0.7269626717312246,
            0.9093184531572243,
            0.8350844037195135,
            1.7573496347557545,
            2.0156027836849333,
            0.3417452457362406,
            -0.4049726067561192,
            -1.876109055966365,
            -0.14737154948830225,
            0.5904552835312854,
            -0.49477410483638823,
            0.600093390614062,
            0.7377074292918206,
            -0.707837027427438,
            0.7691020137603659,
            -1.0085622604739715,
            -0.5247434259741562,
            1.0311825025318875,
            0.4030552601421201,
            0.047803891791731445
        ],
        [
            -0.9036960356237694,
            0.03313930709565531,
            -0.025451170782648764,
            -0.4637150275703849,
            2.184591564280995,
            -0.33351981981282325,
            0.0,
            1.0923058947122934,
            -0.5245561910667124,
            1.9005977822947426,
            0.41146587141143237,
            -0.2583127199757144,
            0.7521380013118472,
            -0.8088265668949185,
            -0.09606470542550302,
            -0.6631644909139442,
            0.6683350240428343,
            -0.26661427716584746,
            -1.3915280152259744,
            -1.6032042686949053,
            -0.805301076791159,
            0.5899710482619722,
            0.3106531998391769,
            0.6738769460229721,
            1.5780010710264332,
            0.02638868099230749,
            -1.7369012599103983,
            -0.5328440517457789,
            -0.7462233576487608,
            -1.9064861772055797,
            -0.23454783619582023,
            -1.345905857496581,
            0.16814371014065502,
            -0.8792319053808356,
            -1.033529819996393,
            -0.04361161837166111,
            -0.5560973833755128,
            0.23793322426201663,
            0.2448404960456774,
            -0.3698262737981966,
            -1.7404285240567803,
            0.6850150227544969,
            0.9373926130021745,
            -0.8901446762045063,
            -0.4131952332242153,
            -0.8505293933544606,
            0.0728251386062055,
            -0.8358180650054221,
            1.7372422014937583,
            0.5622021913572028,
            0.3605244683819682,
            2.44786396523045,
            0.18800225522747013,
            -0.9261443263962007,
            0.1657488700144333,
            0.3924447821358803,
            2.10984537795502,
            0.20952854804144128,
            -1.2489148240537484,
            -1.6064659977804627,
            -0.7653424568412662,
            -0.6251622221789471,
            0.9007282066582079,
            -0.023221825307404798
        ],
        [
            -0.27389878483947344,
            1.8850180278374258,
            1.7275265693957582,
            1.4329611336519608,
            1.294477248900928,
            1.4015001500826736,
            1.0923058947122934,
            0.0,
            0.788217083010451,
            -1.1913182423864297,
            0.38327542977102796,
            0.20792520188741068,
            0.4208582228281035,
            -0.10581133389260848,
            -0.46003708914976804,
            -0.20303972981068222,
            -1.0236485915726465,
            -0.4945046583019509,
            -0.30790177759496323,
            -1.2106132085952765,
            0.8049734910629172,
            -1.2506640346987963,
            0.037114119391777244,
            0.06069274364231944,
            -0.7515191057174094,
            -1.256018838911179,
            -0.8766495206991131,
            -0.31507462892196103,
            -0.28355368941331716,
            0.7904171919362972,
            1.247533025181518,
            0.39166728382139065,
            0.12225644228676003,
            0.9814511910804801,
            1.6972755364849916,
            0.6863973868471663,
            -0.06368630024884792,
            1.0850237561884033,
            -0.3122895273687541,
            0.4351612286608258,
            -0.9764799606960328,
            -0.09912549249549532,
            -0.897287810518122,
            -2.0298851326646252,
            0.8769505971455088,
            0.4924479209380851,
            -0.7020576660474255,
            0.21906496341542867,
            0.2536026776689185,
            -1.6311001581072824,
            -0.6079967849819725,
            2.81828514637296,
            -1.3677404438647145,
            2.5686618290686685,
            -0.9678998125535931,
            -1.1973089966903687,
            0.285627049119389,
            -0.029193670507856075,
            -0.04970568787225759,
            1.9915195104193866,
            -0.6379496790883233,
            -0.48650500026989796,
            -0.07176980180276962,
            -1.5671770002500587
        ],
        [
            -0.27480944665252044,
            1.532613364753619,
            0.08827471767865956,
            -0.4260971341512761,
            -1.449478734854848,
            -1.1937472462135084,
            -0.5245561910667124,
            0.788217083010451,
            0.0,
            -1.11701762460018,
            -1.2067206757586784,
            -0.13032545502612514,
            -0.07705769802897669,
            -0.7075135451620582,
            -0.5758492932568364,
            0.6430586043436985,
            -0.10349981435972178,
            -0.8537382832682494,
            -1.0158146618507482,
            -1.2900217827389497,
            -0.17784739046164139,
            -0.5247360444796566,
            2.684737269340188,
            0.23358364967017617,
            -0.7959237838243397,
            -0.2332539770025947,
            -0.7931354714402924,
            -1.407554601155632,
            0.7534619147504454,
            0.13389262264188173,
            -2.0475464140692163,
            -0.7424620026642725,
            0.9473092770515898,
            1.004707642184203,
            -0.8660952947302816,
            0.6213173271651121,
            -1.622059688883093,
            -0.7464810431573653,
            -1.5918605963455483,
            0.2915906813339027,
            0.08675593489335429,
            -1.8432036337872417,
            1.3536309674995788,
            0.4493592656657591,
            -0.5584373392609953,
            -0.8992365075612613,
            0.3624099734064027,
            -2.287445824754229,
            -1.912600686296941,
            -0.5402830424769107,
            -0.5266043084897761,
            -0.5134298076347457,
            0.02336832551574893,
            -0.012554824474201854,
            -1.6892203320212982,
            0.6990284898148847,
            -0.38353730632591726,
            0.512622057318052,
            -1.1289341474046877,
            2.9365158628739816,
            -0.6885713282607967,
            0.473915318223566,
            1.396159711456662,
            -1.2491471844812763
        ],
        [
            0.8689307872635738,
            0.5359529680387984,
            -0.7746535416545945,
            0.03229443552466337,
            -1.175976034233832,
            0.5267915386442104,
            1.9005977822947426,
            -1.1913182423864297,
            -1.11701762460018,
            0.0,
            -0.6504074236728825,
            -0.006825055761922821,
            -0.2986193943508599,
            0.9863833997164168,
            -1.5906631421297843,
            0.7577361178017005,
            -0.7784967368653947,
            -0.655389412764289,
            -0.8926564278523821,
            0.6996279026646525,
            -0.12366895016951394,
            0.2549950571650856,
            0.691156705237361,
            -1.269004820275941,
            -1.2412980141986074,
            -1.0468802011742078,
            -0.8419699394668191,
            -0.023371630615917956,
            0.6406198905818388,
            0.43070494768425005,
            0.9686776390688452,
            -1.8325898448359925,
            1.7946624154213295,
            -0.006327599297768821,
            -0.7490688434688454,
            1.1812895930221126,
            -1.4120103511039885,
            -0.5314784428301201,
            1.0921713616478292,
            -0.001536319970681261,
            0.457400103475935,
            1.3148238397824537,
            -0.4018256219039425,
            0.14758294452532428,
            0.22569243443355616,
            -0.8049429621708694,
            0.6644527306288048,
            -0.362908175911801,
            -1.5246837719985717,
            0.17888169735385026,
            -0.2884186609556056,
            -1.465339474468827,
            -1.3063593804776101,
            -0.6106441235677244,
            1.1320045399393877,
            -0.7996691766688464,
            -0.7170181920283976,
            -0.6826191484469294,
            0.47116750516086525,
            -0.623790338813988,
            -0.04421061182603355,
            0.6152884285728336,
            0.3564285040697161,
            -1.822413033004363
        ],
        [
            -1.6983875159840178,
            -0.429467989490331,
            2.1913720814830753,
            -1.1152635218594673,
            -0.06846307714667109,
            -0.30489912079038956,
            0.41146587141143237,
            0.38327542977102796,
            -1.2067206757586784,
            -0.6504074236728825,
            0.0,
            -0.2767780836079481,
            0.14435101245660745,
            0.30047995831303853,
            0.21271647937712335,
            0.5405575378865045,
            0.7267479968523617,
            0.3851090995963205,
            0.46781890372536467,
            1.1162817253581367,
            0.4024324810406524,
            0.8667330124300717,
            -1.7446179995031217,
            0.8304829312844104,
            1.4585504966170677,
            0.7481981808245759,
            -0.4679338621708279,
            -0.09948633785233739,
            -0.13975994867419933,
            -0.3158832632169497,
            0.6225617852701875,
            0.6864222306576024,
            -0.0962918433775514,
            -1.340554781785027,
            -1.022189616697531,
            0.0030321185593658105,
            -0.3333288241938505,
            0.19466847984484092,
            0.011850786713739382,
            0.21702017462265863,
            1.1772738214987872,
            -0.34709457175868896,
            -0.6533005542271484,
            -0.19982375239985925,
            -0.1283380706271202,
            0.7519373806113238,
            -1.1829374259594374,
            0.6340012197395308,
            0.9301752363319338,
            -1.3440264621202742,
            -2.000223523092167,
            1.110644619828839,
            -0.9609248648096455,
            -1.4018526654980021,
            0.7257884816350432,
            0.3223369274953902,
            2.1588104851993077,
            0.15023369983710474,
            -1.1999983337576692,
            -0.41766942258742323,
            0.7552507396981603,
            -1.6956067915262556,
            -0.9233624112439044,
            -0.945289522515103
        ],
        [
            -0.13814469229724036,
            1.977055427779937,
            -2.2393732273636404,
            -0.785668451563324,
            -0.6044841760889151,
            0.09452878808790031,
            -0.2583127199757144,
            0.20792520188741068,
            -0.13032545502612514,
            -0.006825055761922821,
            -0.2767780836079481,
            0.0,
            -0.17572768894506738,
            -0.20498727421455112,
            -1.7160932370124202,
            -0.8615642852869637,
            0.45470644919812847,
            -0.44140652324585733,
            0.2708765229819636,
            1.382326487213453,
            -0.005287818647126339,
            -0.31870545722945604,
            -0.5859560951067424,
            -1.6115005727220593,
            0.9006547647448274,
            1.370235023792681,
            -1.061144930330312,
            1.2632562741891151,
            -0.012570873029917792,
            0.8044946179577829,
            -1.3654389107677594,
            0.41529727414599366,
            0.9861451691961757,
            0.1546084261204201,
            -0.21255693920827173,
            0.5925301404160817,
            -1.9284608672965138,
            -0.6408392701622833,
            0.38884207242283975,
            -0.7127351846209383,
            0.8064457529463133,
            -0.9629831512262526,
            1.5718230453002668,
            -0.35753329166957454,
            -1.2233985679029222,
            0.18730802132750143,
            0.31735062676931847,
            -1.9687830755832518,
            -0.6859807893700696,
            -0.2929054204200422,
            0.3591874183571117,
            -0.3489124776805931,
            -1.5868431072139346,
            -0.7732678938346718,
            -0.77544521092443,
            0.39678172420686314,
            -0.9491392869945612,
            -0.7299440568874836,
            -0.3787382124820005,
            -0.9243600217711512,
            -1.2634855845046045,
            -0.3325358487978384,
            -0.954088663578767,
            0.1678725607395316
        ],
        [
            -0.3658416782047563,
            0.18019744459667383,
            0.7485710207630436,
            -1.3929798287897064,
            -1.046441364559288,
            0.071542994388738,
            0.7521380013118472,
            0.4208582228281035,
            -0.07705769802897669,
            -0.2986193943508599,
            0.14435101245660745,
            -0.17572768894506738,
            0.0,
            -1.8374019903042573,
            -0.6939205876090523,
            1.7330971177836894,
            0.576570387791803,
            0.16905908741835637,
            -2.6923159604504523,
            -0.8345931842572957,
            2.0247058713574293,
            0.6945836787928956,
            0.4782347001301939,
            -0.24656407547002854,
            -1.5628166026891819,
            -0.28949815486207864,
            -0.9855360292003251,
            -0.9916030865968368,
            -0.6313334009075924,
            0.3107826957074144,
            -0.37850881604903797,
            0.7400576755145812,
            0.22264230170360025,
            0.24556868631095094,
            1.0690383747137642,
            1.0912949263063654,
            -0.9043115858550369,
            0.69986039408133,
            1.0768459822202523,
            -0.1688359137104916,
            1.7313838927602316,
            -1.00905816856554,
            -0.7598325181263635,
            -0.8635865058409654,
            -0.8450809452735926,
            -0.13008672473165672,
            -1.3858896527411986,
            0.5020248984756732,
            -1.3887894418547733,
            1.3842594569109177,
            -1.1876486241775115,
            2.2620605894406283,
            0.7752280946593322,
            -1.242632609641655,
            1.7980469871101497,
            0.008075188880972363,
            1.0517660526242865,
            -1.413451548377957,
            0.1980487408205932,
            -1.5254487050939192,
            1.0107463782334236,
            -0.8235619519167275,
            -0.18993915210351828,
            -1.3121880785367528
        ],
        [
            -0.06541730949981542,
            1.6775219077958583,
            -0.5517823584136071,
            -2.206652992436999,
            -1.171839870700251,
            1.6904985514131932,
            -0.8088265668949185,
            -0.10581133389260848,
            -0.7075135451620582,
            0.9863833997164168,
            0.30047995831303853,
            -0.20498727421455112,
            -1.8374019903042573,
            0.0,
            0.7741298887890342,
            -0.15542163464439682,
            -1.0818635792298612,
            -0.5402215993830698,
            0.12024454829694921,
            0.30612104453282596,
            2.1105215252617526,
            0.5505661883527821,
            0.03975596402255339,
            0.5439206133531626,
            -0.08689202140051765,
            0.8382061539470488,
            -1.0654329869733132,
            -0.2745360792621639,
            -0.9180499176317373,
            -0.05734459126496809,
            -1.836784509162468,
            0.07865149478128657,
            0.008597475625878048,
            -0.17846750612965195,
            0.488691582323108,
            -1.3065743090745774,
            0.2629181574463114,
            1.185343287211984,
            -1.813937301580842,
            -0.9508100877775791,
            1.0491806809366526,
            -1.7971501115200552,
            -0.3736628511173673,
            -0.13251809438542497,
            -0.8236425229928173,
            1.3184364478687547,
            0.1181772631633882,
            -0.7153548492598792,
            0.6410247374827046,
            -0.5426814249924474,
            0.4508703416074921,
            -0.5202892831113027,
            -1.856525300503204,
            -1.0589384416257013,
            -0.6702207738593389,
            -0.31763672796642844,
            0.9622824344068366,
            -0.645040986998288,
            -1.2719732341421581,
            -0.8682278641191916,
            -1.9365519966365277,
            -0.057198088103531206,
            -2.434353642474577,
            1.0417322755679477
        ],
        [
            1.4761146667387233,
            0.09617156322401814,
            0.8667280816322371,
            0.4349756247446169,
            -0.6196131199375552,
            1.5244840355397389,
            -0.09606470542550302,
            -0.46003708914976804,
            -0.5758492932568364,
            -1.5906631421297843,
            0.21271647937712335,
            -1.7160932370124202,
            -0.6939205876090523,
            0.7741298887890342,
            0.0,
            -1.7192260212361286,
            1.272670088715076,
            -0.05797575488956607,
            -0.5884406529387984,
            1.8148006243356865,
            1.30390752848017,
            0.2047209599001724,
            0.30241338159305453,
            -0.9226657075298862,
            -0.36523045290653006,
            0.8528209853193216,
            -0.2365472318235987,
            -1.126344555731029,
            -2.130769659755178,
            -1.539556187040354,
            -0.13546187443405242,
            0.8335311231025786,
            2.992396793447385,
            -0.021537072008187375,
            1.2203339402576543,
            -1.4977108139576947,
            -0.6940138637686075,
            -0.10689388952371522,
            0.605583009005793,
            1.5626492918742187,
            -0.06719258415650606,
            -0.36414023124702083,
            0.8909255259768352,
            0.19184294328051676,
            -0.3835068092166101,
            -0.21437674462774825,
            0.05541508868718644,
            0.0062294467831966426,
            -0.36573847521632624,
            -0.12762036289223735,
            -1.6671019921515713,
            0.48131147946504904,
            1.0155218555556291,
            0.39587429412433284,
            0.29832926303502044,
            1.8726648128253787,
            0.5208130797160085,
            -0.8170949800795243,
            1.4769364866602552,
            0.5660192676588927,
            -0.027309655138494805,
            0.16577283596958065,
            1.5115991467820264,
            0.9279533767675558
        ],
        [
            0.43720475193410074,
            2.1165276278964247,
            -0.951010316780672,
            -2.155181284196405,
            -0.06586825429086617,
            2.0308975624437795,
            -0.6631644909139442,
            -0.20303972981068222,
            0.6430586043436985,
            0.7577361178017005,
            0.5405575378865045,
            -0.8615642852869637,
            1.7330971177836894,
            -0.15542163464439682,
            -1.7192260212361286,
            0.0,
            0.22719317584646237,
            0.09630749232394542,
            0.18031389173541365,
            0.15636388710223026,
            0.7539250212052467,
            0.996001545805105,
            -0.28725826736170335,
            -1.2958806692290596,
            0.004259657930584382,
            -1.4111703683128556,
            -1.2050808582218182,
            0.5543175342882457,
            -1.0071114761062203,
            1.1016575021092478,
            0.3176951939491337,
            0.2129263804698568,
            -0.9327008267805172,
            0.6495503803933953,
            -0.7077791620284112,
            -0.5255160331896251,
            -0.03748939949077888,
            0.5121635092990117,
            0.4401947271384077,
            1.4241669310608402,
            1.0010971801460442,
            -0.4373265445949362,
            -0.08484977550020284,
            -0.8905777672214605,
            0.8613201348627458,
            -0.4446328207255703,
            0.34710272379033685,
            1.1922431790922583,
            1.0317898059713482,
            0.8858190680274572,
            0.9937111507234987,
            -0.40234657290450637,
            0.19543751381783522,
            -0.21983851660141265,
            0.38491407320626636,
            0.8582445467963242,
            -0.48150561320207047,
            0.34767070612915557,
            0.9591531759481092,
            1.1151384849071353,
            1.8924397453484625,
            0.5233828017087006,
            -0.40540456328646435,
            -0.687604007773439
        ],
        [
            -1.0882499559951517,
            1.7611433468497628,
            -0.4411618790488984,
            -1.7332593794126974,
            -1.5318672389806907,
            -0.040004357054700845,
            0.6683350240428343,
            -1.0236485915726465,
            -0.10349981435972178,
            -0.7784967368653947,
            0.7267479968523617,
            0.45470644919812847,
            0.576570387791803,
            -1.0818635792298612,
            1.272670088715076,
            0.22719317584646237,
            0.0,
            1.3662024883174637,
            -0.043484251297603735,
            -0.44365299951097414,
            -1.3639860634841139,
            0.0402985551421946,
            -1.00140620452578,
            -0.4326358003511666,
            -0.5949187556421508,
            1.1755990999296444,
            -1.2296038730868835,
            -0.12423117652015131,
            -0.7446703643013577,
            -0.04342786770454023,
            0.6685541673538432,
            -1.8121276771293382,
            0.3678634884899704,
            0.771214804961182,
            0.3188801416842595,
            -0.297465191058347,
            -0.598510802170263,
            0.17089290111613423,
            -0.9390718035492185,
            -2.0525663577394972,
            -0.2740843150513813,
            1.7998490037737644,
            0.36131784949727497,
            -0.1605409138864832,
            1.5936415801067179,
            -0.5002898255444188,
            -0.15321549263458384,
            1.4268001868676738,
            -0.780411547703565,
            0.2401294071572032,
            0.26420967166065235,
            -2.1942880418148745,
            0.9819087698949545,
            0.194976814735784,
            -0.302385488574518,
            0.12559335956391027,
            1.519271277583986,
            1.7125795471061327,
            -0.8465513972616528,
            -1.065946843038596,
            1.0089609192792415,
            1.4187038413258752,
            -1.2884894278742283,
            0.20631861790722544
        ],
        [
            0.29715492464401694,
            0.7952229880534283,
            -3.185893255307685,
            -0.2455460982059271,
            0.42598289346749724,
            0.3906201854316018,
            -0.26661427716584746,
            -0.4945046583019509,
            -0.8537382832682494,
            -0.655389412764289,
            0.3851090995963205,
            -0.44140652324585733,
            0.16905908741835637,
            -0.5402215993830698,
            -0.05797575488956607,
            0.09630749232394542,
            1.3662024883174637,
            0.0,
            0.4567610306663155,
            -1.4735541018806697,
            -0.9588005165129164,
            -0.14163346265143778,
            -0.4868379546830023,
            2.155319331608749,
            -1.9650110205782325,
            0.9154374516588633,
            -1.3138796261510532,
            -1.4489281898074537,
            0.10267752910143702,
            0.875118352653061,
            -0.5515358478335809,
            1.1697341847557847,
            -1.2463398636344096,
            1.3153381940944329,
            0.3787024012241607,
            -0.18528559986775608,
            -0.29170058754890377,
            -1.8742578840899715,
            1.0019821402966016,
            0.7969279836164957,
            -1.4704306651806232,
            0.9307134648120379,
            0.23403817411001063,
            1.8163622345027426,
            3.2775404929106386,
            -0.7590578405873619,
            -0.3991543677517244,
            -0.5040738103777508,
            0.39683193134106437,
            -0.6042825437318177,
            -0.12352771883515569,
            -0.5037918105618925,
            -0.691702064799252,
            -0.25570465717776436,
            1.118228799196358,
            1.0737108368385717,
            -0.07491229647954724,
            -2.1440941974688967,
            0.14438368068377308,
            2.1821132570170874,
            -0.788760252814677,
            -0.8451890381554181,
            1.681481229380067,
            -0.28479244669451065
        ],
        [
            1.9233928877196498,
            -0.0943104025908538,
            -0.8648901893187395,
            -1.1985137767903196,
            1.5729233804207576,
            1.4167320572237658,
            -1.3915280152259744,
            -0.30790177759496323,
            -1.0158146618507482,
            -0.8926564278523821,
            0.46781890372536467,
            0.2708765229819636,
            -2.6923159604504523,
            0.12024454829694921,
            -0.5884406529387984,
            0.18031389173541365,
            -0.043484251297603735,
            0.4567610306663155,
            0.0,
            -0.6489093829875608,
            0.7824910909379786,
            0.5135750928157262,
            -0.7080766334745865,
            -0.9786983748107764,
            0.2883266375079291,
            -1.0254822488830186,
            1.1581606765183452,
            0.02606283191552696,
            -1.0880717671761084,
            -0.14825831818488241,
            -0.33957146924440046,
            -1.748933007390857,
            -1.0932871960834738,
            -0.018862753038927,
            -1.7257774190221487,
            0.4951716153800097,
            -1.205289972950662,
            2.0976236506693287,
            0.19389135411222508,
            1.3496903949965053,
            -0.3753384315074683,
            -0.24876795389078166,
