{
    "N": 64,
    "id": "2104f4e0-42ca-4c4a-8e3b-6d80899d8b64",
    "problem_type": "SK Spin-Glass",
    "distribution": "gaussian",
    "spins": [
        1,
        1,
        1,
        -1,
        -1,
        1,
        1,
        1,
        1,
        -1,
        -1,
        1,
        -1,
        1,
        -1,
        -1,
        -1,
        -1,
        -1,
        -1,
        1,
        -1,
        -1,
        -1,
        1,
        1,
        -1,
        1,
        -1,
        1,
        -1,
        -1,
        -1,
        -1,
        1,
        -1,
        1,
        1,
        -1,
        -1,
        -1,
        1,
        -1,
        1,
        1,
        1,
        -1,
        1,
        1,
        1,
        -1,
        1,
        -1,
        -1,
        1,
        -1,
        1,
        -1,
        -1,
        -1,
        1,
        -1,
        1,
        1
    ],
    "couplings": [
        [
            0.0,
            -0.13397884507737967,
            -0.32409188041389303,
            2.0738805616290876,
            0.1410080961224897,
            -2.1565033609312096,
            0.2638489637758751,
            0.2089564396406742,
            -1.6965756084062193,
            0.9518487974855656,
            0.5180946571898118,
            0.5383772501796251,
            0.5959220906476989,
            -0.49780545411211063,
            0.9798157917274897,
            -0.9989260874696757,
            -1.4789184704080014,
            1.576622973086295,
            -0.21101743974783335,
            1.7804482938609623,
            0.6920173914583935,
            -0.9129174535682243,
            -0.2951627380169357,
            1.2704105907125713,
            0.6412717373544103,
            -1.963271189385581,
            -0.5974619010319193,
            -0.8857314121950188,
            -1.6739262750106034,
            1.2847222468388566,
            0.2378257207693255,
            0.43559481187914817,
            -0.463816098538937,
            -1.549304867472321,
            -0.5866381301024218,
            -0.7940983397066926,
            -0.5448268849482959,
            -0.959187505026119,
            -0.9426420440278506,
            -0.18736977719853992,
            -1.0123542380908659,
            0.2718308454352594,
            0.7850383089699591,
            0.5842106545426519,
            0.6452030945233284,
            0.51349578596793,
            1.2013912297285765,
            -0.022636738770500462,
            -0.9135084156565928,
            -0.5890999245318634,
            -0.4050584203217333,
            -0.3622164658266532,
            -0.3882719561382568,
            -0.02089916056023536,
            -1.0696335300861837,
            -1.5301776712105473,
            -0.6662689887608558,
            0.9904909704573281,
            -0.2049157555539398,
            0.11626747129001112,
            -0.48975284837288285,
            -0.10423981386095423,
            -0.11857773601100564,
            -0.992127776593744
        ],
        [
            -0.13397884507737967,
            0.0,
            0.4098281195083318,
            -1.0932963544580365,
            -0.7541997669388418,
            1.5138624843149933,
            -0.8836420174178309,
            -0.7209229412172429,
            -1.4716692703548002,
            -0.2754760088740447,
            0.021552488993710643,
            1.6057626728457066,
            0.231857376889819,
            0.2494950711200646,
            -0.14156087474303736,
            0.7879231743152938,
            -0.882964623688693,
            -0.009048084968172488,
            -0.14167027991955172,
            -0.7099518484890545,
            0.8549379075371895,
            0.6139555554075615,
            1.8834641994350985,
            -0.5214369339531955,
            -0.6969774316978334,
            -0.09725825341708673,
            0.7088139940780263,
            2.145609229835367,
            0.16564234754984314,
            -0.7272504929844743,
            -0.04614463551556824,
            -0.7180042380478273,
            -1.417853381941884,
            0.04707996280354946,
            -0.6027783774864155,
            -1.7731004146473648,
            0.41628986543775076,
            -1.6451085037663324,
            0.04641503881236087,
            -1.5430352182699287,
            0.6553395634691609,
            0.52848435930309,
            -0.009533878341077297,
            0.16580727808505927,
            0.8725162355353073,
            -0.8152398525663115,
            0.410125105440407,
            -0.37705728256526744,
            -0.7807153142315426,
            -0.1919955216473409,
            0.6475737094755101,
            0.272406760896619,
            1.8979277212486383,
            -1.7607958672749309,
            1.0527974865221665,
            0.9691366798953883,
            -1.1818772706946161,
            1.796361221445858,
            -1.7560317258608267,
            -0.785986402989219,
            0.17518581532599592,
            0.014219669797075226,
            -0.3804841376027736,
            0.2556623003490444
        ],
        [
            -0.32409188041389303,
            0.4098281195083318,
            0.0,
            -0.7378072748119598,
            1.0444219410141873,
            -1.740884196478848,
            -0.02827897452530092,
            0.9228427086277585,
            -0.4419241674904331,
            0.9298617974534188,
            0.7735146709192988,
            -0.9183418990452072,
            0.624634621928802,
            0.7609828942269293,
            0.6037968348494255,
            2.356097705425366,
            0.6488450645780733,
            0.6144968240667327,
            0.5150738141143425,
            -0.5377172098776333,
            -1.0838450809948024,
            0.10355997468754766,
            -0.8595601880354553,
            -0.05979429725709693,
            0.4877625494978466,
            1.1808898070503837,
            -0.34899630035779355,
            0.34519008914978305,
            -0.15383768500183845,
            -1.0204310419595788,
            3.3549626637986494,
            -0.9000186681011176,
            -0.48979490469976866,
            -0.6061064320044154,
            1.0975832302087487,
            -0.04470438621083569,
            -0.6136637642023146,
            0.28800854929279696,
            1.8338511874945675,
            0.275143735123828,
            -0.34280031604451955,
            2.6396552946930036,
            -1.2128303071137072,
            -0.07626352352688867,
            0.2223847030696269,
            0.8894465184775857,
            1.178893324461077,
            0.32881802739499816,
            -1.5622360165614153,
            0.31655801719317916,
            0.23212637934461441,
            -1.580968635496872,
            -1.3980813229705293,
            0.18846451797403801,
            0.9675972676704487,
            0.011367786892724642,
            0.48574892147187515,
            0.8824591427290702,
            0.20165763014765967,
            0.19363847537250897,
            -0.06743875759581229,
            -3.442848455497379,
            -0.38228529469185096,
            0.611873900208198
        ],
        [
            2.0738805616290876,
            -1.0932963544580365,
            -0.7378072748119598,
            0.0,
            -1.0867913548327697,
            -0.5640400981770495,
            -0.33284485919508416,
            -1.3524835896895429,
            -0.8639292558573466,
            -0.5516233264622952,
            2.0778181489034737,
            -1.036659869015801,
            0.28452986522602147,
            0.2847748416665734,
            0.4488265191396815,
            0.2005679823017895,
            -0.3409517540641432,
            -0.7791147286983533,
            0.34733569530068653,
            2.6235287753457,
            0.4236184713096001,
            0.3089073305602506,
            1.1982755169111865,
            -0.13219247665845865,
            -1.133404377062083,
            -0.9140211769739454,
            0.08374101596736434,
            0.589474438573602,
            -1.273344595824646,
            -2.2108503353432867,
            -0.5300361591148919,
            -0.3022578146352462,
            -0.11737565421060854,
            -0.06445500695981464,
            -0.37309187472937316,
            -1.716737315824999,
            -0.6897146818048254,
            -0.729758561068535,
            -0.19073865801332665,
            0.9630885278033607,
            1.146633746289904,
            1.0291576428674294,
            -0.09867454007817111,
            0.8467183369261845,
            0.12949714820354274,
            -1.0284731470443544,
            1.5063430914954314,
            -1.7143655129468238,
            0.07532227650133456,
            1.6550498637391753,
            0.0856031771875988,
            -1.053664186327412,
            1.2397646663704454,
            0.5050431806529818,
            0.08663196019651434,
            -0.9786264998595041,
            0.6783961976755428,
            -0.6300021342292985,
            -0.6495907366565581,
            1.4274114693658113,
            -1.2986083758253648,
            1.198063949870445,
            -0.2745452997585167,
            1.1682451760629329
        ],
        [
            0.1410080961224897,
            -0.7541997669388418,
            1.0444219410141873,
            -1.0867913548327697,
            0.0,
            0.40506740320404205,
            1.0089884684092412,
            -0.8570528467521797,
            -1.9953303538423743,
            -0.9828840449708843,
            1.193337896229431,
            0.7103406172654312,
            -1.7850724138636425,
            1.0375126868833682,
            0.32520658724539336,
            0.9586339435227417,
            -0.0732474233003647,
            0.9387745861825797,
            0.14664780476604197,
            1.2386177855706595,
            0.9217932012021484,
            -1.7112116028516693,
            -0.4052070665461597,
            1.9975923069592036,
            0.6517272223956696,
            -0.20235014843466587,
            1.4962329071226705,
            -0.14727870336317087,
            -0.32120772525324165,
            1.2333253631434136,
            2.236106136321225,
            0.04878045243337646,
            2.054621365669383,
            -1.4080126721712538,
            0.4862619873250963,
            0.8204569532918266,
            1.0256696856995435,
            0.2091371300018634,
            1.4161214136088163,
            -0.546259716307206,
            0.05050589487670359,
            1.5355630637014823,
            0.7388356506976611,
            0.15488747245758214,
            -0.9469535525385022,
            -0.6228601878414828,
            -1.3170313592839071,
            0.30887797014644924,
            0.5948762314276758,
            0.11721916511861141,
            1.491202962127543,
            1.4734293880072165,
            0.9682468154713769,
            0.7827891502872508,
            1.3393646201608593,
            0.6180694151052715,
            2.9196471720489865,
            -2.0393677718779593,
            -0.5878759919553301,
            -0.1588496127937243,
            0.18758071432215856,
            -0.19701649568142268,
            -0.5718972484899698,
            0.2702499905270855
        ],
        [
            -2.1565033609312096,
            1.5138624843149933,
            -1.740884196478848,
            -0.5640400981770495,
            0.40506740320404205,
            0.0,
            0.16743912937699715,
            -0.14103382592591196,
            1.9345007322761947,
            0.24250089134969746,
            -1.0922952384480629,
            0.6701175918920078,
            0.537029323546078,
            3.0844101957627577,
            0.4435927453120808,
            -0.19217060271051917,
            -0.7510643698589395,
            0.7314386096232248,
            -0.1286916287120561,
            0.05038951037228234,
            -0.008561803441611907,
            -0.6933402429587707,
            -0.6479999107489464,
            -0.20982100812076387,
            -1.1871150776640043,
            -0.45568325092352246,
            -1.1986787519603832,
            -0.921538384506472,
            -1.2528072086581676,
            -0.6523778103520034,
            -0.650538106346142,
            -0.7888378869758258,
            -0.46994560508044203,
            0.29481308126839006,
            0.9793508031536657,
            -0.3162971570738215,
            -0.5779245661130658,
            -1.0086350493424732,
            0.7752546891453338,
            -0.47469749938466144,
            -2.050848985768586,
            0.5744201517406287,
            -0.9161407165569218,
            0.06938552010256323,
            0.3500673944186614,
            0.2992796599211071,
            -0.7074555293122029,
            -0.6937045672729011,
            0.20551726593749164,
            -0.3156579514132276,
            -1.2586992201026668,
            -0.0370773074537146,
            0.4815311030615285,
            -0.4634315974948285,
            -0.9216844415519267,
            -0.999998164673574,
            0.5738507701313057,
            -0.03448674444790277,
            -1.8342874572483505,
            0.302805054974045,
            0.5757455666404525,
            0.6962398236866651,
            0.887059679987363,
            0.060783746905578376
        ],
        [
            0.2638489637758751,
            -0.8836420174178309,
            -0.02827897452530092,
            -0.33284485919508416,
            1.0089884684092412,
            0.16743912937699715,
            0.0,
            0.7090671742945228,
            -0.1004181310540996,
            1.315702545050107,
            0.08347310409854558,
            -0.5827416737812543,
            0.6263780288108892,
            -0.39447376110030924,
            -0.7057835621279103,
            0.5826732554616246,
            1.0269820361101143,
            0.2278375154144007,
            -0.14357706322575628,
            0.09870626493528692,
            -0.8574174608451383,
            -1.3748907517777242,
            1.3811221120103503,
            -0.19086858486726055,
            -0.2029964129317476,
            -1.2358887395227678,
            -0.2169786163918234,
            -0.39446473599131876,
            -0.17905230162709018,
            1.4180072919930795,
            0.889289215608779,
            1.4309374034281697,
            2.059550251982849,
            1.2697104580110228,
            -1.968656188494634,
            0.1494002017815699,
            0.19529779467448158,
            0.813109066887732,
            -0.5306620150305394,
            -1.009836802771867,
            -1.0689039717183104,
            1.1856673540973741,
            -0.37516242606873934,
            0.4427724078946959,
            -0.1117263369623897,
            -0.48240695457206656,
            -0.39218681124032057,
            0.12901637595719442,
            0.10863621114381958,
            0.7158208778671022,
            -0.7393679291573018,
            1.2942015919446739,
            0.5722929962911371,
            -0.1349876280892622,
            -0.42304845872684704,
            0.3573691678320323,
            -1.7105169491924292,
            2.343138086874546,
            0.3270497619021005,
            -0.6013451882202209,
            -0.22404467381468293,
            0.23390410810151846,
            -1.607701081704575,
            -0.703803606583943
        ],
        [
            0.2089564396406742,
            -0.7209229412172429,
            0.9228427086277585,
            -1.3524835896895429,
            -0.8570528467521797,
            -0.14103382592591196,
            0.7090671742945228,
            0.0,
            -2.1509048030947384,
            -0.6558879951031591,
            -0.1374747335262487,
            1.426570105784386,
            -1.099752014373879,
            -2.1903246344313168,
            -0.8485824677069365,
            0.2060327453778957,
            1.2804376870012997,
            -1.0972918972924357,
            1.470462247340604,
            0.8019406140418905,
            0.15212120055551087,
            1.1396789102448082,
            0.279838778175634,
            0.10495839297172431,
            -0.7971071723701753,
            1.047838853507183,
            0.7858784823013302,
            0.8074368545566638,
            0.9201795608489584,
            -0.7939387264250484,
            -0.2882664385281297,
            -0.5516868542571156,
            0.7901612232481012,
            0.22279334319143929,
            1.9131909158452511,
            -0.19493828842348493,
            -0.7003882010023716,
            -0.3335819107972748,
            1.5891767229554878,
            0.7158458105405948,
            -0.30847706788468215,
            -1.8984300983069937,
            0.4359994592771443,
            -0.36262200529607447,
            0.5774542964496941,
            0.7612554129022615,
            0.4868322704857175,
            -0.5304776485720035,
            -0.08933624708144848,
            0.6767547373995798,
            -0.829149645699929,
            -2.6132998378811414,
            -0.02825392343745322,
            -0.33263695602373033,
            -0.017161529709355142,
            0.33548358342807366,
            -0.18974995204192607,
            -1.2311073391005924,
            -1.0922175875133815,
            -0.850427657918279,
            1.322353426745927,
            -0.7833120430062175,
            0.5768408085141561,
            0.4891823245708954
        ],
        [
            -1.6965756084062193,
            -1.4716692703548002,
            -0.4419241674904331,
            -0.8639292558573466,
            -1.9953303538423743,
            1.9345007322761947,
            -0.1004181310540996,
            -2.1509048030947384,
            0.0,
            0.19460739907177957,
            -0.6913136788961033,
            -0.3121953755233517,
            -0.07567211237477953,
            -0.8176860016398176,
            0.00778654356872601,
            2.1539091347842616,
            -0.5052696700521377,
            1.0022678982595947,
            -1.187495605164921,
            0.5158766608735911,
            -0.21941768837774037,
            -1.1332944146559776,
            -0.2750667783528579,
            0.2649730090719081,
            -0.15263016464970994,
            0.22259940677809575,
            1.3163871070710642,
            -0.7040852154809135,
            -1.044614572955915,
            0.5422106145834601,
            1.171348295995632,
            1.2935925938129096,
            0.7624475682185883,
            0.6784552781585594,
            -0.22023950138614007,
            -1.3192427613740925,
            1.065638419374796,
            0.06331214043976989,
            -1.66031725803125,
            0.49734998231813077,
            -1.219441080074767,
            -0.1632491663827743,
            0.1548627220748249,
            0.7486635974904241,
            0.6573674596455913,
            -1.2605110868357539,
            0.3945548019644678,
            0.597115916909018,
            0.38738548373815335,
            0.4463987958829271,
            1.0299825298344376,
            -0.03414661534391908,
            0.7487573801233869,
            0.1621332300393633,
            0.12969654512198003,
            0.37482208739061723,
            0.6536861810027231,
            -0.10595934262439867,
            0.6531553237519468,
            -1.529411592182602,
            0.26676113374258315,
            0.36038465005527115,
            -0.2913215871044459,
            0.575239640055965
        ],
        [
            0.9518487974855656,
            -0.2754760088740447,
            0.9298617974534188,
            -0.5516233264622952,
            -0.9828840449708843,
            0.24250089134969746,
            1.315702545050107,
            -0.6558879951031591,
            0.19460739907177957,
            0.0,
            0.5270979218334244,
            0.8460638257839664,
            0.790207696173782,
            1.9197785053474963,
            2.233888389393422,
            0.5430079275028161,
            -1.57719099788938,
            1.063297984079808,
            1.9231560041014002,
            -1.9304187385451583,
            -0.7316188739041246,
            0.05034652353133918,
            -0.017186815538296946,
            -0.8809723180131958,
            1.7237904700600093,
            0.5490736247011736,
            1.3643950759310035,
            0.417787967974666,
            0.2110379019184065,
            -0.7808144851854348,
            1.4571173823200518,
            -0.8199455615278363,
            -0.17510936186330273,
            2.065819073838198,
            1.610388935383073,
            -0.08523633055270101,
            2.4638925372522924,
            -0.07459798210825883,
            -0.34672576120500187,
            -0.1622819339223048,
            0.889802572690994,
            1.8038106508685254,
            1.0326732330457402,
            0.8635780581823956,
            -0.1615712665215844,
            1.1798488528277733,
            1.6296551793811456,
            -0.45329966290964574,
            0.09761592503627053,
            -0.7817204721594856,
            1.4670728164771267,
            -0.885832840263021,
            0.35551421144362766,
            0.5363237435424798,
            -0.9349252326203285,
            0.28375871320434093,
            -1.2713668692267386,
            -0.46297122493201687,
            -0.5693927738384932,
            -0.606590848373894,
            -0.0946759729822284,
            -1.8935087989276411,
            1.0866933822042186,
            0.27981364538658826
        ],
        [
            0.5180946571898118,
            0.021552488993710643,
            0.7735146709192988,
            2.0778181489034737,
            1.193337896229431,
            -1.0922952384480629,
            0.08347310409854558,
            -0.1374747335262487,
            -0.6913136788961033,
            0.5270979218334244,
            0.0,
            0.8915133627864477,
            0.4652894172763244,
            -1.8376813986746687,
            -0.19655107939126062,
            -0.33992600722768523,
            -1.5057960097801717,
            -0.29780599260563023,
            -0.5029052649551569,
            -0.45828102511138097,
            1.9114895935860847,
            1.8567862283136924,
            -1.8424365867707,
            -1.0966158136017337,
            -0.051999429966061425,
            -0.0556901523121021,
            0.9573287017190879,
            -1.4621059562992598,
            -1.0720494124805628,
            -1.3259930950766232,
            -0.40247651859902484,
            0.8521089511069045,
            0.14612018995652307,
            -0.9824672918229096,
            -0.7325197783059026,
            0.06968643896260375,
            -0.4655743519247006,
            -0.8738828523233146,
            -0.014540181876379291,
            0.5573276769259995,
            -1.1956694914704242,
            -1.271785755730067,
            -1.4664892943257952,
            0.30179331499363876,
            -0.6515594955517146,
            2.7324717512432475,
            -0.08285450237622399,
            -0.7453460675985069,
            -1.1396255701206575,
            -0.09644990793845122,
            -0.1433481203015613,
            1.1041360058556637,
            -1.377076907641534,
            -1.018937782062377,
            0.2663062718514289,
            -1.6232687516336866,
            1.060732503269216,
            -1.8824360009952044,
            0.6325048559525215,
            -0.12602368435243352,
            -0.15777516659937602,
            0.4283614127014974,
            -1.8968274779435519,
            0.21734475588905983
        ],
        [
            0.5383772501796251,
            1.6057626728457066,
            -0.9183418990452072,
            -1.036659869015801,
            0.7103406172654312,
            0.6701175918920078,
            -0.5827416737812543,
            1.426570105784386,
            -0.3121953755233517,
            0.8460638257839664,
            0.8915133627864477,
            0.0,
            0.43660210291882734,
            -1.3111091149414442,
            -1.2323636264607611,
            0.31277970520443193,
            -1.4040639113912912,
            1.3757918129137012,
            0.01708500581261771,
            -0.5693917108437321,
            -0.8860548377729889,
            1.87549460426194,
            0.5845803161773225,
            0.25910288721194474,
            -1.1651510416553266,
            1.129384599503998,
            1.558501157564323,
            -2.0091716814185383,
            0.9715850252591369,
            0.05958633013624952,
            0.5787042753567856,
            -0.8191908126861558,
            0.2064188510648372,
            -0.7541688159697268,
            1.0109047359598877,
            1.024288226795401,
            -0.5976196856677606,
            0.6940866146267007,
            -0.2737210703410971,
            1.5037963507401364,
            0.47528314946034955,
            1.653164431864961,
            -0.23974189993132705,
            -1.7477088582706155,
            0.3023104383389821,
            0.7962465259734798,
            0.8509909438684987,
            0.5252408838603475,
            -0.2103043322926899,
            -1.371889361993611,
            0.3697055767408033,
            1.7578374946301103,
            -0.9097235028872624,
            0.5946683743729754,
            1.6857955011045997,
            -0.012951228131864185,
            1.5431636059142615,
            -0.4319816843893194,
            -0.056570590580279856,
            0.6621330260798926,
            -0.22444856624683154,
            1.792221275863102,
            -0.24430653897690155,
            -1.6774571254840571
        ],
        [
            0.5959220906476989,
            0.231857376889819,
            0.624634621928802,
            0.28452986522602147,
            -1.7850724138636425,
            0.537029323546078,
            0.6263780288108892,
            -1.099752014373879,
            -0.07567211237477953,
            0.790207696173782,
            0.4652894172763244,
            0.43660210291882734,
            0.0,
            -1.7182827274704695,
            0.4271787261752413,
            1.4363839042693067,
            0.5734582489621037,
            -0.145516988106217,
            -0.315738609773825,
            1.0409177417024278,
            -0.3481418905548143,
            -0.25208464331569597,
            -1.4971691056320633,
            0.7039521840795288,
            -1.0624440599138352,
            -1.0917651030605175,
            -0.18088977115612165,
            -0.29151538821744155,
            -0.11000092547349793,
            1.1361515006464005,
            -1.137604891049387,
            -1.4651926672656028,
            -0.9770840316427153,
            -0.5905016091068114,
            -2.097480305015655,
            -0.1250677979321262,
            -0.06418856988573697,
            2.256828743699008,
            0.12183777380066682,
            0.8137728679408682,
            0.4290088857556511,
            1.1314163447090433,
            0.7849270768278301,
            0.7156664281219591,
            -0.9130482152308088,
            -0.30659545320946097,
            1.0771860459714107,
            0.6075606466110607,
            -0.6096752999984363,
            1.2536323524689532,
            -1.7802206942286287,
            1.4633748803030775,
            -0.786267916157501,
            0.5407104341750517,
            -0.6438211391040476,
            -0.9944533612444695,
            0.8032353746301536,
            1.8072878361367033,
            0.04239502100810404,
            0.015032270443911302,
            0.7345594200023168,
            0.6774527941119999,
            0.017398239634695865,
            2.055939614469942
        ],
        [
            -0.49780545411211063,
            0.2494950711200646,
            0.7609828942269293,
            0.2847748416665734,
            1.0375126868833682,
            3.0844101957627577,
            -0.39447376110030924,
            -2.1903246344313168,
            -0.8176860016398176,
            1.9197785053474963,
            -1.8376813986746687,
            -1.3111091149414442,
            -1.7182827274704695,
            0.0,
            0.5331693668459816,
            -0.9779750571881597,
            -0.7765826614853782,
            -0.4953655666283703,
            -2.0938395500078917,
            -0.8286478124206208,
            0.1819869877998045,
            -0.6798471493409214,
            -0.9520361776002063,
            -0.5664231843559713,
            -0.730457970661618,
            -0.6180573139646899,
            0.7921679344508998,
            1.8886513019009692,
            -1.3689107203346085,
            0.7161697893279628,
            1.1915775234179207,
            -0.8688457559712818,
            0.7877960192846872,
            -0.41551762545631254,
            0.4396775872907202,
            0.04575049162054547,
            0.8560209883265396,
            -1.2687509861967112,
            0.8753352567970732,
            -0.19189748640312512,
            -0.051013648200519526,
            1.232250784069972,
            0.4745466543239591,
            1.5633088549536303,
            2.194809824120018,
            -2.1203411585396954,
            1.6796222364275635,
            -0.0916495469508326,
            -0.5533204631805447,
            -0.2149289558881051,
            0.05818761436060624,
            1.3518124991997305,
            0.2829259687513274,
            -0.030358353754527754,
            -0.2218411209068459,
            -0.20865219130823456,
            -1.4534806677557155,
            0.2734070037957334,
            -2.7524670801616025,
            0.3370797544373179,
            -0.13851041542099218,
            -0.17973484948311688,
            -0.45704563051181496,
            -0.09794403239590126
        ],
        [
            0.9798157917274897,
            -0.14156087474303736,
            0.6037968348494255,
            0.4488265191396815,
            0.32520658724539336,
            0.4435927453120808,
            -0.7057835621279103,
            -0.8485824677069365,
            0.00778654356872601,
            2.233888389393422,
            -0.19655107939126062,
            -1.2323636264607611,
            0.4271787261752413,
            0.5331693668459816,
            0.0,
            1.1824888956894686,
            1.198288395987453,
            -1.0231431060533993,
            -0.14130127588170519,
            -2.7020970811247516,
            0.14898274194194272,
            0.3251380788039815,
            -1.4083143759214825,
            1.2006073635275756,
            1.454537471185933,
            -0.7012183011130902,
            2.4348770464147607,
            0.8156603480404486,
            -1.0443994405049772,
            -1.3086650494653271,
            1.7972374389948031,
            0.9276757109857182,
            0.7855075347752252,
            0.9272259977462378,
            0.5160230029848866,
            -1.2630947264418602,
            0.8050342458504606,
            -0.2660385681350723,
            0.16380646744297964,
            0.5663595257748242,
            0.9038997743991856,
            0.31445198641639005,
            2.474225571229878,
            -2.8832310897090485,
            -1.1403859075099856,
            -0.07437858347853307,
            0.7248886765223419,
            0.45801473650037916,
            0.9036464624063374,
            -0.35559165268680304,
            -0.9325927169439857,
            -1.732994714672964,
            -0.21351744900104172,
            0.1762433098827913,
            0.20243932563266687,
            0.5201581541612298,
            -0.00965652144638479,
            1.0141118668036715,
            0.41681180318697786,
            0.9053498384497511,
            -0.4352427245630355,
            1.023408153642902,
            -1.6849588606901595,
            1.2803053078240556
        ],
        [
            -0.9989260874696757,
            0.7879231743152938,
            2.356097705425366,
            0.2005679823017895,
            0.9586339435227417,
            -0.19217060271051917,
            0.5826732554616246,
            0.2060327453778957,
            2.1539091347842616,
            0.5430079275028161,
            -0.33992600722768523,
            0.31277970520443193,
            1.4363839042693067,
            -0.9779750571881597,
            1.1824888956894686,
            0.0,
            1.6970953947458784,
            -1.1593309843934472,
            -0.8789399697682799,
            0.5647358808151687,
            0.09411812699661119,
            -0.42140577736778057,
            0.5185097552445264,
            -1.3104703686858772,
            -0.6680299049694837,
            -1.2188864479430832,
            -0.6972612716059383,
            0.3222568280302804,
            0.8931080893249232,
            1.4807089936010154,
            -0.6172817110178029,
            1.000429861384868,
            -1.1171560847963162,
            -0.5088923231016299,
            0.867116258805399,
            -0.04796192518476452,
            -0.2732769293350462,
            -1.893472451984496,
            -0.13327020022015632,
            -0.6642955625744852,
            -0.37344470717143297,
            1.146570839248088,
            -1.5287224693769665,
            0.2435359791580656,
            0.13258331074399815,
            1.153880294774867,
            1.1162654601848216,
            -0.5771034488664033,
            1.01647132258007,
            -1.3539298130853035,
            -0.212756532867806,
            -1.0208399235286145,
            -0.05734942659125168,
            1.3398701772699866,
            -0.5691560474473386,
            -0.9250878615512,
            2.093358492670018,
            -0.42042766284854044,
            -1.1289321690947212,
            -0.8661255331785439,
            -0.7259710276804515,
            -0.6548474446481929,
            0.1538761696302412,
            -0.7387289992816619
        ],
        [
            -1.4789184704080014,
            -0.882964623688693,
            0.6488450645780733,
            -0.3409517540641432,
            -0.0732474233003647,
            -0.7510643698589395,
            1.0269820361101143,
            1.2804376870012997,
            -0.5052696700521377,
            -1.57719099788938,
            -1.5057960097801717,
            -1.4040639113912912,
            0.5734582489621037,
            -0.7765826614853782,
            1.198288395987453,
            1.6970953947458784,
            0.0,
            -0.4068610917359017,
            -0.4607547278733045,
            -0.2865692552947674,
            -1.579846052277357,
            -2.467125889855212,
            1.5028982139395206,
            -0.30781117311769624,
            -0.3125780109514246,
            -1.1514815904914075,
            -0.01034597440043054,
            -2.9076886660602312,
            -0.21480212408252278,
            -1.3303483084908057,
            0.25966427744819753,
            0.39936829770441457,
            0.24472340545968976,
            0.29113796657187635,
            -0.8218510076107901,
            1.1321397078454476,
            -0.046897168313607816,
            -1.0305853508516154,
            1.2736963241389734,
            2.0613667666926045,
            0.5772442502315883,
            0.7368550188491756,
            0.5456290173696671,
            1.1858829104978772,
            -0.43212093718629735,
            0.12024325286812111,
            1.206807854172435,
            -0.4114414487484689,
            -0.12470604354367162,
            -1.5789372278919511,
            1.0817406526728728,
            1.040812870692101,
            -0.2276760056425038,
            0.8226217467812258,
            -2.1742165370587947,
            -1.1128715344470412,
            -0.23215857321859915,
            0.014645042538954193,
            -0.10331101704479775,
            0.4591190065325692,
            -0.783493765204252,
            -1.0757660718745492,
            -0.7868284939694652,
            0.40622081557397544
        ],
        [
            1.576622973086295,
            -0.009048084968172488,
            0.6144968240667327,
            -0.7791147286983533,
            0.9387745861825797,
            0.7314386096232248,
            0.2278375154144007,
            -1.0972918972924357,
            1.0022678982595947,
            1.063297984079808,
            -0.29780599260563023,
            1.3757918129137012,
            -0.145516988106217,
            -0.4953655666283703,
            -1.0231431060533993,
            -1.1593309843934472,
            -0.4068610917359017,
            0.0,
            0.17710808457916744,
            -0.9672715801267331,
            1.161154366320992,
            -0.008034757261081018,
            -1.4051597971224412,
            0.5834927042990634,
            -0.01496770693567435,
            0.003037092407539097,
            0.19512816378329997,
            0.21772406481141482,
            1.6988899019183803,
            -0.6186977609219506,
            -0.47201353078141034,
            0.3254017898788434,
            -0.2997440396875273,
            -0.583395596136771,
            -2.325960752270175,
            2.008523771368502,
            0.2370500823491767,
            -0.23897119630208383,
            0.15234314186535697,
            1.8039700831648666,
            0.9002709098514097,
            0.14821911615615535,
            0.7169500875482364,
            -1.2873790643605751,
            0.6761897588754995,
            -0.717413850599533,
            0.766449792483206,
            -1.0196888542220965,
            0.9657311443065142,
            -1.0230582950202867,
            0.8742874723376005,
            -1.3006511673814418,
            -1.2454469105364576,
            -0.996193921712251,
            1.3675956980372361,
            -0.9822282261111481,
            -0.140774736455,
            -0.429258257093373,
            -0.5946005029753079,
            0.7831112659819732,
            0.6059486387867316,
            0.17193313983827854,
            0.06235993301433999,
            0.8734200626740535
        ],
        [
            -0.21101743974783335,
            -0.14167027991955172,
            0.5150738141143425,
            0.34733569530068653,
            0.14664780476604197,
            -0.1286916287120561,
            -0.14357706322575628,
            1.470462247340604,
            -1.187495605164921,
            1.9231560041014002,
            -0.5029052649551569,
            0.01708500581261771,
            -0.315738609773825,
            -2.0938395500078917,
            -0.14130127588170519,
            -0.8789399697682799,
            -0.4607547278733045,
            0.17710808457916744,
            0.0,
            -1.6664336760940173,
            1.1164709968004514,
            0.8304000299299303,
            0.17654510797920106,
            -0.5784233648344748,
            -0.35383809932852567,
            -0.6348631374005019,
            -0.36293879856061473,
            1.7967741978017595,
            0.8652518503270191,
            -0.3595802926550764,
            1.7786164155776107,
            -1.1063058681004523,
            -0.49209208097753465,
            -0.29886304735017083,
            0.6046889484347503,
            -0.15494640586545413,
            0.3817775841105267,
            -0.6318146756021162,
            -0.5393893442853133,
            0.11356609470246734,
            0.4908909464947565,
            -0.35316703055462634,
            0.903352220913477,
            -0.15720281929938287,
