{
    "N": 64,
    "id": "bf462b25-d65c-449d-a133-a2fef9a4d0fb",
    "problem_type": "SK Spin-Glass",
    "distribution": "gaussian",
    "spins": [
        -1,
        -1,
        1,
        1,
        -1,
        1,
        1,
        -1,
        1,
        1,
        -1,
        -1,
        1,
        1,
        -1,
        -1,
        -1,
        1,
        1,
        1,
        1,
        -1,
        1,
        -1,
        -1,
        1,
        -1,
        1,
        -1,
        -1,
        -1,
        -1,
        -1,
        -1,
        -1,
        1,
        -1,
        -1,
        -1,
        -1,
        1,
        1,
        -1,
        -1,
        1,
        -1,
        -1,
        -1,
        1,
        1,
        -1,
        1,
        1,
        1,
        1,
        1,
        -1,
        1,
        1,
        1,
        1,
        1,
        1,
        1
    ],
    "couplings": [
        [
            0.0,
            -0.7288334330730702,
            0.5080932175594985,
            -0.7136265266920404,
            -1.7316723090251531,
            1.0015414546458243,
            -0.5665321202265917,
            1.6042132906939397,
            2.288557780354168,
            1.1969258757908678,
            -2.1599341105685084,
            -0.8785018738875935,
            0.34682483336878184,
            1.2161325306693824,
            1.0296115043695178,
            0.8475162649421655,
            -1.3403918940043662,
            0.45696062868979087,
            -0.8162335122918803,
            -0.11306721131352845,
            -0.9167861457124881,
            -0.8947198726346183,
            1.0520175933573837,
            1.1436609296906357,
            0.6932431779515238,
            0.5626088779334902,
            0.9113763359973647,
            -1.0936733916071322,
            -0.7268281808912412,
            -0.2988284836999332,
            -0.30892028938961713,
            1.069310423030258,
            0.7206948969648257,
            -0.20053986350006006,
            0.06667762416573376,
            0.579095432636475,
            -0.5811283040600445,
            -2.3951131684043587,
            -0.5030943550546437,
            -0.22874944766838687,
            0.11945301764331936,
            -0.05143076140438857,
            0.4178264714758848,
            -0.6874786537638691,
            -1.0309666319371067,
            -0.47316557354402955,
            -1.1996030032614466,
            -0.2815193359218298,
            1.6573218382864547,
            -2.6211425048964156,
            -1.4639320383255936,
            0.1470274365713807,
            0.4689685776694309,
            0.47592685801242807,
            -0.23945336162226757,
            0.4969795966206187,
            0.4163102846228819,
            0.2017444162637659,
            -0.1476417962136329,
            0.42986242253169543,
            0.047444159324357825,
            -0.9165023161591264,
            -0.7191311221130253,
            -2.773039076649385
        ],
        [
            -0.7288334330730702,
            0.0,
            1.0837184263234934,
            0.7412571353281037,
            -0.730275325999925,
            -0.570914475272376,
            -0.3654350348698984,
            0.08197693422696206,
            -0.5988022153113236,
            1.9087664112169902,
            1.0541501855601745,
            0.5892791641304915,
            -0.3061476364284685,
            0.13843427083206555,
            0.8992964401093322,
            0.5274503937321678,
            -1.7951180514167908,
            0.025143875953947657,
            -1.0121193720935235,
            -1.2342226686968316,
            0.4713780059329703,
            1.1732327872480717,
            -0.07520647387985588,
            -0.26192934263466294,
            -0.023830021692297348,
            -0.33039305767986543,
            0.21271131265647605,
            0.6937100965186429,
            -1.179819353607072,
            0.16159297708901174,
            -0.14178123972415893,
            -0.9445618803920596,
            -0.07775001247763667,
            0.3679791832125616,
            0.0623700616341947,
            1.9993979965346853,
            -0.526798849146892,
            -0.11658597403109741,
            -0.9131237306593176,
            -0.06514614488459411,
            -0.23563288285823725,
            -1.0700211337034644,
            0.009405120918041021,
            -1.4289744855017374,
            -0.3193883878708233,
            1.0615728797754174,
            -0.20390412993110527,
            -0.0756200487681435,
            -1.894118899416806,
            0.32910583348868916,
            0.35474277223266965,
            0.7117773913741432,
            1.1987329086536267,
            0.6485802506520416,
            -1.3623752081078384,
            -0.30571036505711185,
            0.3372951179374113,
            0.5872142958274476,
            -1.3230039330167538,
            -2.0737860664468895,
            1.6834817071590917,
            -0.8510101265494726,
            1.989610549283797,
            0.0017830138484933621
        ],
        [
            0.5080932175594985,
            1.0837184263234934,
            0.0,
            -1.0195373906919185,
            0.17801977467116906,
            0.9637963261643964,
            -0.6823419030001172,
            0.518261173998533,
            1.247558597380693,
            0.48147097080074985,
            1.1158817696157255,
            0.3206414671008843,
            0.6575472216637532,
            -0.2663779625105671,
            -0.42370747268733855,
            -0.15054968466719043,
            -0.8374062972764773,
            1.4447771787469117,
            -0.08190439644510539,
            -0.6931397064509978,
            1.8641652265284137,
            -1.182803479563228,
            0.23829291379899664,
            0.3236446543557834,
            0.22708114463274082,
            0.824728537224696,
            -2.0998283208093795,
            -0.17377673610622155,
            0.9841958115642965,
            0.9702875667064743,
            0.7413611661773413,
            0.8274023692248386,
            -0.3075549477590358,
            0.31321684421433776,
            0.6143329846629106,
            0.8218417985923215,
            0.8343225787200483,
            -2.033760949270933,
            0.7523930162335724,
            1.8115490307928812,
            -0.7172680357611667,
            0.17394309186823234,
            -1.5750725055888504,
            0.17625009188312907,
            0.8452782996690593,
            -0.7636214791572082,
            -0.09349062305357467,
            1.7443993074029096,
            -1.0088652562266065,
            -0.5497046217635215,
            0.4176269222733613,
            -0.41788723884485574,
            1.2121587858826368,
            1.6313957965689971,
            -1.0782277258706718,
            0.7687426130144773,
            0.9172195679211211,
            1.0655586507962926,
            0.7353420706420638,
            1.3032376307978575,
            0.7218210800436615,
            0.32719621799669074,
            -0.09282854239603588,
            0.601277285822157
        ],
        [
            -0.7136265266920404,
            0.7412571353281037,
            -1.0195373906919185,
            0.0,
            0.13085168329174734,
            -0.05475207312233633,
            -0.5071228562342307,
            -0.7679115855544065,
            0.2245771665649973,
            -1.0996629890304428,
            0.6239953204983955,
            0.5991378919114864,
            -0.6815915237156721,
            -0.7156089725808664,
            0.6377159994675826,
            0.67756227352107,
            -0.08461162390955887,
            1.8776696911637702,
            -0.6185177170705629,
            -0.5804168410333281,
            -0.7900834785587901,
            1.2726608762525358,
            -1.3414800984168218,
            0.5662711111625721,
            -0.07640611363982952,
            0.3060346741633824,
            0.06556541615523025,
            -0.5300068252285434,
            -0.7315196531141072,
            0.3031414381799828,
            -0.8976313172671306,
            0.19825674218975092,
            -0.5372601069992053,
            1.8239381755390711,
            -0.2542712770313978,
            0.2732217523254173,
            0.1642501889419422,
            2.543800286437303,
            0.7943813973785023,
            0.39065308839281376,
            -1.0755833777281565,
            0.22382216957497883,
            0.5849227517518397,
            -0.16300310169623947,
            0.008233586782082213,
            0.49342853595854436,
            0.49902014575469533,
            -0.30289999117350486,
            0.22043200727955511,
            -0.6158918402988127,
            0.3788347170827103,
            -0.4102349694382078,
            0.46475192825697376,
            -1.7584269321477495,
            -0.7612488879064937,
            -1.0494419967781963,
            0.27173574578516524,
            -0.7726042033975344,
            0.613958617402356,
            0.5387654117930294,
            0.2381664062994779,
            -1.8703554488596994,
            0.5669035909359167,
            1.2975288450966753
        ],
        [
            -1.7316723090251531,
            -0.730275325999925,
            0.17801977467116906,
            0.13085168329174734,
            0.0,
            1.4431324563073786,
            0.18567247392672387,
            -1.0869132437425413,
            -0.32799637982293134,
            0.9627013415353468,
            0.4205091094122273,
            1.6303267315287808,
            0.5313064065010688,
            0.38847957470823236,
            -1.55131755259903,
            0.4013111210032333,
            1.1445825423501765,
            1.1787050109335733,
            -2.896201091924184,
            0.4358362671857178,
            1.1042474078426174,
            0.6999130725508574,
            0.6382099788487174,
            -0.09444011341932095,
            0.9469443351169833,
            -0.5776970199027887,
            0.9915115660353645,
            -0.2017232285944775,
            1.201219179742633,
            -0.13659769054001683,
            -1.6385454169134548,
            -1.641088881841812,
            -0.6883072574387156,
            -1.2026089838902085,
            -0.6856161171726213,
            -0.1641254805569605,
            0.18577713954872002,
            0.2700318687788815,
            0.6115856630992991,
            -1.1522457909542303,
            0.6232667845509439,
            0.8476303293764109,
            0.1545608067511056,
            -2.6857516387348,
            0.4449549844216092,
            -0.3847596213267696,
            -0.9438026755801598,
            0.8373821451652181,
            0.21959484967183754,
            0.28759239021405214,
            0.046994287110649006,
            -1.0528773727658927,
            -0.5763000336855093,
            0.13534972789436336,
            -1.0300811027463808,
            -0.8316410230270392,
            -1.322016981882743,
            0.7526788679164851,
            0.8234263941239469,
            0.058763257709959216,
            -0.6154433756926352,
            -0.38445182813054185,
            -0.5012971645267684,
            -2.692826679263531
        ],
        [
            1.0015414546458243,
            -0.570914475272376,
            0.9637963261643964,
            -0.05475207312233633,
            1.4431324563073786,
            0.0,
            0.3253701024503554,
            0.21335863734874225,
            -0.45161846725885446,
            1.868419017301444,
            -0.4992638830500633,
            1.8576103034616076,
            0.17002009913812027,
            -2.9124443931635593,
            -0.6864048265664682,
            2.15657325287541,
            -2.2850052253996287,
            -1.0244428187371502,
            0.23543258652402194,
            0.49087733618439516,
            1.7171513999259713,
            -0.06297127565396066,
            -0.5253060443359034,
            -0.5973986454855061,
            1.7240685707517207,
            0.20684583531729225,
            0.931577874658528,
            2.1552164284578414,
            -0.34669030924133937,
            -1.1580778643890568,
            -0.4616821905164082,
            -0.6975921442981547,
            -0.4846433601135656,
            -0.19070641802737315,
            -1.3214938581033973,
            -0.6119694334123452,
            0.2655458589217543,
            -0.2867844305896923,
            -0.35845058479816916,
            -0.3801579136856946,
            -2.6957191615383502,
            0.1311108950849392,
            1.9705539203868254,
            2.237668418486936,
            -0.9250182376729195,
            -0.3967267792533488,
            -3.005343433001568,
            -0.9487522358250982,
            0.5239848303735641,
            -0.6472724420566788,
            -0.6342102731723227,
            -1.003304068545409,
            1.5429290722415299,
            0.9433525782530336,
            1.0125056765269336,
            1.2247779816015545,
            -1.5051410347290028,
            0.6949390463723707,
            0.45399681304999484,
            1.083365203897813,
            0.7405860559735997,
            -0.17613468392577353,
            0.775002300459522,
            0.3828862678823075
        ],
        [
            -0.5665321202265917,
            -0.3654350348698984,
            -0.6823419030001172,
            -0.5071228562342307,
            0.18567247392672387,
            0.3253701024503554,
            0.0,
            2.322555660274131,
            0.8698606868026663,
            -0.7281226701365847,
            0.4483900841925386,
            1.045106355519136,
            -0.7093033921215658,
            0.9188301420336927,
            1.224466909156606,
            -0.1242761837221363,
            -0.003999107979824038,
            -1.8283440392808443,
            -0.10927045051815103,
            0.4621674261319884,
            -0.8198830179953129,
            0.07544330604605322,
            -0.9535793446970705,
            -0.7659684014517835,
            1.7963650540782519,
            -0.6302870823006299,
            -0.5846874767331006,
            -1.467103219322225,
            1.7656562711325434,
            -0.2716157440269189,
            -0.3080417208455604,
            0.6787385332210282,
            -1.6627893758213117,
            0.23593107975305505,
            -0.7520246573008618,
            0.017989778976867602,
            -0.2950156621888116,
            -0.486735208103486,
            0.8338018113451727,
            -1.3347521528392172,
            2.2413086898250083,
            1.6879304824785022,
            2.0992735486499297,
            -1.2147446696273523,
            -0.3150206043120213,
            0.6013252532617647,
            0.8515142771641608,
            -0.15723724844507697,
            -0.27499711892605083,
            1.7046274774879309,
            -1.197443962064176,
            1.1391627569470537,
            -0.12518156963086452,
            -0.6655919011750352,
            1.1004539568059934,
            -0.31185130338808265,
            0.901097149778609,
            -0.7587789311394756,
            1.5076717198772125,
            0.5068352452594284,
            0.5844665970502306,
            -0.23277302338125574,
            0.7225449071553592,
            -0.03472633723215484
        ],
        [
            1.6042132906939397,
            0.08197693422696206,
            0.518261173998533,
            -0.7679115855544065,
            -1.0869132437425413,
            0.21335863734874225,
            2.322555660274131,
            0.0,
            0.22253855793979568,
            0.7743763929167096,
            -0.16361306347581023,
            1.2641437285794939,
            0.7515418417771697,
            -1.3254003544555715,
            2.477703031112359,
            -0.19492063924618352,
            0.6539244442436427,
            -0.3729014377188408,
            1.2647147129869485,
            -1.4846386258571296,
            -1.2653438864909223,
            -0.6007305866271829,
            0.4015505567729991,
            1.4714607143653617,
            1.4185169367706767,
            -0.25050222992720517,
            0.7389270291233908,
            -1.1347371448206904,
            -1.0580080214649592,
            0.6290097259583675,
            -0.3799498779503187,
            -2.273824158537166,
            -0.23365649016905654,
            -0.38942583650654383,
            0.06355091399866937,
            -1.6526860980687246,
            0.3818712399333087,
            1.631373220357685,
            0.7557059471484072,
            -2.3810431199564555,
            0.5082603091215641,
            0.39050373212503503,
            -0.663716192721955,
            0.6472917333713357,
            0.7914430061680957,
            0.9267663755587003,
            -0.14948997665303082,
            -0.9337182387959096,
            -0.5899853986971586,
            -0.15596183054072663,
            -1.8847354003850347,
            0.04445529835349018,
            1.2144441306990739,
            -0.3852631462123799,
            -0.5236953547610652,
            1.2355523301420142,
            -0.3459255180522406,
            -0.6982513367836943,
            1.4052457012283113,
            0.7439841532701202,
            -0.8952401785567062,
            0.15089449586814987,
            0.21847070075091143,
            -1.319687128424223
        ],
        [
            2.288557780354168,
            -0.5988022153113236,
            1.247558597380693,
            0.2245771665649973,
            -0.32799637982293134,
            -0.45161846725885446,
            0.8698606868026663,
            0.22253855793979568,
            0.0,
            0.3874513236514984,
            -0.2710125080723335,
            0.6268471758967578,
            0.38504654087184165,
            -0.08500205444689367,
            -0.23001359808682564,
            -0.4598077029145467,
            0.15303391067252098,
            1.3072267041098218,
            0.6944038337679891,
            1.2880260006657867,
            -0.07182249346463504,
            -0.96271783439959,
            -0.09762917842199828,
            1.328891879981494,
            -1.2646829448682548,
            0.20857703703622307,
            -0.2439898406313111,
            1.8304969449958843,
            -2.6422727067008793,
            0.7459586932368987,
            0.8079275230653267,
            0.9065724305051739,
            -0.22431110338010804,
            0.3027463812329988,
            0.41745096856272534,
            -0.7538292043157749,
            1.9413236497255564,
            0.6264794219161072,
            -0.4226004585568077,
            -1.1270473445151399,
            -0.43033900292021354,
            -2.0862346274014185,
            1.7519474400642514,
            -0.09478306673715164,
            0.6761996885725726,
            1.072878317375406,
            -0.8240631943408684,
            -1.0091353844537323,
            0.462155479466825,
            -1.4912866336447081,
            -1.9321762759359424,
            -0.8941406235992679,
            -1.135519086902354,
            -0.7758928188237053,
            0.5205345922568001,
            -0.6007204948523371,
            1.090215744636205,
            -1.6705252981969607,
            -1.8113842092062382,
            0.1507146322109734,
            -1.2562818855288116,
            -1.1275701138534562,
            1.4367471859664236,
            -0.5626507414159314
        ],
        [
            1.1969258757908678,
            1.9087664112169902,
            0.48147097080074985,
            -1.0996629890304428,
            0.9627013415353468,
            1.868419017301444,
            -0.7281226701365847,
            0.7743763929167096,
            0.3874513236514984,
            0.0,
            -0.29337198756632066,
            -0.7557473270575562,
            -0.06409390359105559,
            -0.09670536016784297,
            -1.7157291494549851,
            0.5758568875892406,
            -1.2873323320035732,
            1.723440275555633,
            1.554627295732123,
            0.007419369440578532,
            -0.09556070652947735,
            -0.12000229119126243,
            -0.393294240759156,
            -0.06892008525540243,
            0.6045377473449575,
            1.544699846629178,
            -1.0347257159153815,
            -1.124354130257523,
            -0.5940211022980426,
            1.1795758154040945,
            -0.1286448565072112,
            -0.36641292635063927,
            -1.2134971075562793,
            1.381650378885424,
            -0.18739623098543406,
            0.7714837303639022,
            -0.023808834750212348,
            0.7793349203578342,
            0.4424338036867534,
            -0.6834921576146494,
            -0.08274379063368144,
            -1.0643210440542035,
            -0.08988149753538639,
            -0.4011341313494093,
            -0.6470529392004781,
            0.9923608924432253,
            1.1914625480061132,
            -0.4524164173976959,
            0.5021078235579609,
            2.237332730406954,
            0.19701006484884032,
            -1.2236203425766066,
            0.16352902355338808,
            -1.4466795104892094,
            -0.1797818533953665,
            -0.8670195030403077,
            0.1466762172833429,
            0.9388236046659262,
            -1.7461061067836188,
            0.9480936741357087,
            1.0117754742906144,
            -0.7362654338212179,
            -0.6450972055278525,
            0.362307278269015
        ],
        [
            -2.1599341105685084,
            1.0541501855601745,
            1.1158817696157255,
            0.6239953204983955,
            0.4205091094122273,
            -0.4992638830500633,
            0.4483900841925386,
            -0.16361306347581023,
            -0.2710125080723335,
            -0.29337198756632066,
            0.0,
            -1.6994086901203413,
            0.9723937198446573,
            1.015862183570545,
            0.7001165485155685,
            -1.6479660257624418,
            -0.40281979988717137,
            -0.5292626050646341,
            0.23939773580575385,
            -0.7638971324731175,
            -0.7434954824682641,
            1.9058689737365464,
            0.5529214540407268,
            0.19374447233561187,
            1.3573113059535176,
            -0.22364544788546703,
            -0.11952709299912843,
            -1.306441469963571,
            1.593664740116579,
            0.23588715510518546,
            -2.0405349296773645,
            0.3078586735940078,
            1.4582472482402866,
            -1.4838875396936886,
            1.0721074850177306,
            -0.7556447696930008,
            -0.515456836208966,
            -0.3178181200316035,
            -1.390810672564652,
            -0.8329414297741435,
            -0.1929159583705902,
            -0.052180410011679584,
            -0.24436291433900192,
            0.09496853896312855,
            -0.2850746784386624,
            -1.4171020970299126,
            -1.9795294499037568,
            -0.8909749099545311,
            0.3368278595077904,
            0.03608256837615602,
            -0.8660128916623517,
            -0.6525737329808984,
            1.3769183890428545,
            -1.6367046366080413,
            0.3368416703397661,
            -0.996807039722299,
            -1.1623234471160602,
            -1.1088914762636977,
            -0.6215656880714622,
            0.8001523325978307,
            -0.6525093771538444,
            -0.20897535311941828,
            -0.697099127199001,
            0.3124165361463962
        ],
        [
            -0.8785018738875935,
            0.5892791641304915,
            0.3206414671008843,
            0.5991378919114864,
            1.6303267315287808,
            1.8576103034616076,
            1.045106355519136,
            1.2641437285794939,
            0.6268471758967578,
            -0.7557473270575562,
            -1.6994086901203413,
            0.0,
            -2.827575442896726,
            -0.27469415982533746,
            0.30132217493220065,
            1.1002666271165429,
            1.3593997300851666,
            -1.8739456714948735,
            1.2798515705852054,
            -0.24893798784634846,
            -1.2647908884655061,
            -1.477656259102144,
            -3.6647963014588014,
            0.8601316136587562,
            0.6976267997494005,
            0.5377604471600105,
            0.5405205773125636,
            0.5115047831470839,
            -0.23121612504646402,
            0.678495666514871,
            2.3597838507345816,
            -0.24264604838533685,
            0.2788935025235452,
            -1.4545629945596301,
            -2.1392097729208945,
            -1.7523227386663056,
            -0.3046724644670753,
            0.863285822435367,
            -0.5237697958765359,
            0.09720172983583332,
            1.2420020123010733,
            1.0639330875214519,
            0.6368758976227024,
            1.2908348575022677,
            0.5792241987439612,
            -0.3781139950610304,
            -0.19743631429021352,
            -0.5303605829491266,
            0.1903642006816404,
            0.7240024385385286,
            0.2279254529420105,
            1.1716843154523606,
            1.0892016791078363,
            0.879084667266471,
            -1.1100921269003592,
            0.5514263204337007,
            -0.05993651361325693,
            0.7055189277398649,
            -1.43705190168488,
            0.4417939998674786,
            1.5699062392809373,
            1.06409596951835,
            -0.08146275699493659,
            -0.7253767330901723
        ],
        [
            0.34682483336878184,
            -0.3061476364284685,
            0.6575472216637532,
            -0.6815915237156721,
            0.5313064065010688,
            0.17002009913812027,
            -0.7093033921215658,
            0.7515418417771697,
            0.38504654087184165,
            -0.06409390359105559,
            0.9723937198446573,
            -2.827575442896726,
            0.0,
            0.8786663119411515,
            -0.47687755468277165,
            -0.34979292414451557,
            0.11359147668758401,
            0.728089251704162,
            -0.2553169631254579,
            -1.6135723746219497,
            0.4551076529662579,
            2.10895013512318,
            -1.4010514448954599,
            -0.37873647521514703,
            0.5081949489357455,
            0.4841668524656321,
            1.2953672410535466,
            -0.7158690594384548,
            -1.1158432650924337,
            0.29284283518960325,
            -1.7489614128022763,
            0.7104992348535311,
            -0.9776249196726322,
            0.76702023947118,
            -0.5643777647890478,
            0.5267718883988909,
            0.5803341104303175,
            -0.9988987914535628,
            0.2889886741806448,
            -0.48335770729115113,
            -0.22997443984823351,
            0.7111553460990946,
            0.5325604361084737,
            1.092797371302807,
            -0.6213681164735101,
            0.0357302953089625,
            -0.813306408297833,
            1.003339371191744,
            1.5151253271388216,
            -0.6158451932039786,
            -0.8394493615862176,
            -0.3102361973545319,
            -2.0979510343836965,
            0.9682929242850391,
            0.7747082459915372,
            0.11581736236577043,
            -2.130163893222692,
            0.1481281435944071,
            -1.0028320445896817,
            1.5501521609184894,
            0.5045105812028314,
            2.2195948361207125,
            -0.6041933869146392,
            0.8255502451680382
        ],
        [
            1.2161325306693824,
            0.13843427083206555,
            -0.2663779625105671,
            -0.7156089725808664,
            0.38847957470823236,
            -2.9124443931635593,
            0.9188301420336927,
            -1.3254003544555715,
            -0.08500205444689367,
            -0.09670536016784297,
            1.015862183570545,
            -0.27469415982533746,
            0.8786663119411515,
            0.0,
            0.13917713822787844,
            0.8098084130548179,
            -1.6661598008913414,
            -0.05346943250479932,
            0.23016800185710093,
            0.8386506393463835,
            -0.2795380375056449,
            0.6120566294630108,
            0.024167550096477225,
            -0.8568561345307768,
            -1.4308513601691975,
            -0.2651132209385949,
            0.493090283754259,
            1.382993945096369,
            -0.8526127527480856,
            1.0593693459978353,
            -0.47938599352962474,
            1.9261349552737248,
            -0.444461194341115,
            -1.5919722964954408,
            0.17313407632619673,
            0.40671472269602993,
            -0.4191710399257986,
            -1.7172066029927189,
            0.8516913944327719,
            -0.07207804843144919,
            0.9643403829912576,
            0.6555113475812621,
            -1.2972120310770634,
            0.5360579218487312,
            0.30114475321276546,
            0.8859739391053557,
            -0.3600156594925368,
            -0.9953725279083796,
            0.3639248355630567,
            -0.1513554399779313,
            0.6134147939828635,
            1.2875387289688145,
            0.0635597125877972,
            -0.3513900502307591,
            -0.7912530044091889,
            0.6866405152588569,
            -1.8648130312706097,
            0.8445095659617383,
            -0.07859699599254935,
            -0.529918566305949,
            -0.25985408195201504,
            -0.03762125330958,
            -0.8511003664640706,
            -0.6215966653774484
        ],
        [
            1.0296115043695178,
            0.8992964401093322,
            -0.42370747268733855,
            0.6377159994675826,
            -1.55131755259903,
            -0.6864048265664682,
            1.224466909156606,
            2.477703031112359,
            -0.23001359808682564,
            -1.7157291494549851,
            0.7001165485155685,
            0.30132217493220065,
            -0.47687755468277165,
            0.13917713822787844,
            0.0,
            3.2223017215495977,
            -0.43164718698135496,
            -0.24804504569055336,
            0.24705843142364442,
            0.3315927815544129,
            -0.205735990987833,
            -0.5404935331435908,
            0.47095780090440403,
            -0.6778642650763417,
            0.8775573995635441,
            1.5674671595194214,
            -0.10612352311850745,
            0.2621082034184908,
            0.33654639557371735,
            0.9028890818032677,
            0.0040174794674882825,
            2.3386464043236685,
            0.5295135795149779,
            0.16936520392826487,
            0.8082224079534489,
            0.024548255372316814,
            0.4123114303267374,
            -0.8993720434933159,
            -0.057563345347489,
            0.01729532248082052,
            -0.8196784541991561,
            0.7671183421633754,
            -0.921441137031976,
            0.6254534116923794,
            -0.15806371425135765,
            0.8895297208391421,
            -0.6074240114006499,
            0.22957998278124614,
            -0.44630840407616806,
            -0.8828069203565214,
            -0.3008995962132328,
            0.27601737947705324,
            -0.6859925226721838,
            0.5419123980886308,
            -0.22239166366948934,
            0.9629068761471467,
            0.1469414507331124,
            -0.5557820577721745,
            1.368445580134501,
            -0.09451027167955885,
            0.8550973696990272,
            0.6335762526451155,
            -0.610826758698099,
            -1.7309248976669558
        ],
        [
            0.8475162649421655,
            0.5274503937321678,
            -0.15054968466719043,
            0.67756227352107,
            0.4013111210032333,
            2.15657325287541,
            -0.1242761837221363,
            -0.19492063924618352,
            -0.4598077029145467,
            0.5758568875892406,
            -1.6479660257624418,
            1.1002666271165429,
            -0.34979292414451557,
            0.8098084130548179,
            3.2223017215495977,
            0.0,
            2.422345452024921,
            -1.978603379635088,
            1.4607313067285475,
            -1.5978137691657635,
            0.552901348926668,
            -0.2727353104232615,
            1.9850691192279895,
            0.4514376365412815,
            0.2765307424635368,
            0.12075632906736267,
            0.8526427763057846,
            -0.6062675867067264,
            -0.583517542537423,
            0.1764850674151218,
            -0.3823372405492516,
            0.4226950269020177,
            0.5833418895883064,
            1.36800707617268,
            1.275402644738536,
            -2.5695768854462755,
            0.13916326090442382,
            1.4979844402589677,
            -0.7052108221288726,
            -1.2403738569138278,
            0.017049352021485036,
            -0.8382552964570892,
            -1.6320058143961234,
            1.1661642815630817,
            -0.2014985639593123,
            -0.7460741306124863,
            -0.44760988546973535,
            -0.4958628348250845,
            -0.4165040479191982,
            1.4542581125886131,
            -1.2378680945485916,
            0.0391782404596787,
            0.23773420196898434,
            0.5234639496019695,
            -0.3280955682468023,
            -0.20991878868805364,
            0.07169032326139715,
            -1.089339977362802,
            -0.3033227546779716,
            1.3256304625098616,
            1.0580474037849465,
            -0.8440517655016183,
            1.2837160802262535,
            -1.2951921824419743
        ],
        [
            -1.3403918940043662,
            -1.7951180514167908,
            -0.8374062972764773,
            -0.08461162390955887,
            1.1445825423501765,
            -2.2850052253996287,
            -0.003999107979824038,
            0.6539244442436427,
            0.15303391067252098,
            -1.2873323320035732,
            -0.40281979988717137,
            1.3593997300851666,
            0.11359147668758401,
            -1.6661598008913414,
            -0.43164718698135496,
            2.422345452024921,
            0.0,
            -0.7816097971431123,
            1.3386011106425497,
            1.0559304574902146,
            -1.0060844171541634,
            0.43958153162844305,
            -0.23886505833642555,
            -0.8977032661541258,
            0.24179965107598567,
            0.047140057048659145,
            0.020055584633467894,
            -0.7004658772977945,
            -0.8761456445192806,
            -0.9725670786805423,
            -0.10558811353288956,
            -0.4505986403165842,
            1.6097519058893655,
            -0.5067398460897025,
            -0.1263407500203724,
            -1.30369635177631,
            -2.385347005798474,
            -0.4676417406704667,
            1.4874327074671745,
            1.612498702373749,
            -0.27364227021735,
            -0.3759179602477019,
            0.30266669233869326,
            -0.29038751915198835,
            0.1292120585238928,
            0.4114576326088136,
            -0.7255000687441111,
            0.825078796196804,
            1.1800358684037697,
            2.394172749118009,
            -1.0941207053599709,
            -0.36755961929073067,
            0.9552186310642404,
            -0.747215814420968,
            -0.8719000276775335,
            -0.9317338985604627,
            -0.3917206467973467,
            2.4226504895015784,
            0.3237929134237297,
            -1.8787555077006224,
            0.10753909420166868,
            -0.6426247114383442,
            1.2865985021425974,
            1.254741525586778
        ],
        [
            0.45696062868979087,
            0.025143875953947657,
            1.4447771787469117,
            1.8776696911637702,
            1.1787050109335733,
            -1.0244428187371502,
            -1.8283440392808443,
            -0.3729014377188408,
            1.3072267041098218,
            1.723440275555633,
            -0.5292626050646341,
            -1.8739456714948735,
            0.728089251704162,
            -0.05346943250479932,
            -0.24804504569055336,
            -1.978603379635088,
            -0.7816097971431123,
            0.0,
            0.5552472171761206,
            0.7353024482951713,
            0.8465813774568899,
            -0.9356319230758281,
            -0.5438260084748816,
            -1.9402362719294277,
            1.2400646051830937,
            1.680258283261239,
            -0.4113205787788951,
            0.2073847853932087,
            0.24518481481926785,
            0.8606621508509749,
            -1.1810271892557738,
            -0.11570431592386929,
            0.43207963234572455,
            -0.472916292079903,
            2.212956547939453,
            -0.7196263159665927,
            -1.868333562077625,
            -0.8947058769415714,
            1.4809454303723422,
            2.502333879294538,
            -0.6187148143245992,
            0.8210799104746201,
            0.681066748466238,
            -0.35884063763182356,
            -0.12724542861983387,
            -1.757225862341084,
            -0.7112202724281869,
            0.37300152342212867,
            -0.14966382804072195,
            -0.38950201438783916,
            -1.6980318467615614,
            -0.6007270322857505,
            0.4855247817908428,
            0.24377051989584386,
            0.3669813937637188,
            -0.1550524904092654,
            1.229324872434958,
            -0.5346763502296421,
            -1.0991845037498886,
            -0.6298160203431344,
            -0.813048857473457,
            -0.5769821050775751,
            0.15727462801812966,
            0.38606660563930895
        ],
        [
            -0.8162335122918803,
            -1.0121193720935235,
            -0.08190439644510539,
            -0.6185177170705629,
            -2.896201091924184,
