{
    "N": 64,
    "id": "e9b2b82e-4ce7-43f6-bba4-bfb4aa365d04",
    "problem_type": "SK Spin-Glass",
    "distribution": "gaussian",
    "spins": [
        1,
        -1,
        -1,
        1,
        -1,
        -1,
        -1,
        -1,
        1,
        1,
        -1,
        1,
        -1,
        -1,
        -1,
        -1,
        -1,
        1,
        1,
        1,
        -1,
        -1,
        -1,
        1,
        -1,
        1,
        1,
        -1,
        -1,
        -1,
        -1,
        -1,
        -1,
        1,
        1,
        -1,
        1,
        1,
        -1,
        1,
        1,
        -1,
        1,
        1,
        -1,
        -1,
        -1,
        -1,
        1,
        1,
        1,
        1,
        -1,
        1,
        -1,
        1,
        1,
        1,
        1,
        -1,
        1,
        1,
        1,
        1
    ],
    "couplings": [
        [
            0.0,
            -0.46683422474784964,
            0.7833705756275452,
            -0.22623214314581805,
            0.37966071836812176,
            -1.1983834096663026,
            0.9395389847185914,
            0.4355013927179417,
            1.9586889006390584,
            -0.03630902636220506,
            -0.5723755797458948,
            -0.04006284325993776,
            0.7827015626286233,
            -1.2218003778346422,
            0.4399142208244739,
            0.01757579027780278,
            0.9144016015886259,
            -0.8048214761024234,
            -1.421655471265759,
            0.6967979958466187,
            -0.03049257706828079,
            -1.5228584962314562,
            1.9983016747529514,
            -1.7987160041727,
            0.1805114319086693,
            -0.40253993238148705,
            -1.3408488163772978,
            0.7277052551758372,
            0.042312701828862674,
            -0.6069270224679391,
            1.2741094842906078,
            -0.31110864970971935,
            -1.7948116393168556,
            -2.8943993091764373,
            -1.3741167985943852,
            0.7513347891538984,
            0.22571954446470585,
            1.2910890731021047,
            -0.37198083364743245,
            0.12761433987214052,
            -1.2269261596525223,
            -0.012614706613904032,
            -1.2819110288756221,
            0.8669618516157883,
            -0.6150552186484252,
            1.5845412933808,
            -0.2626330329881134,
            -0.12678889635618357,
            0.41285207042740424,
            -2.4991457305754654,
            -1.4152900962343458,
            -0.9857287002639199,
            0.03446249235179623,
            0.16861843692361936,
            -0.595325404420365,
            -0.5735790514788125,
            0.6116672787476684,
            1.6140187405761086,
            1.209337974741234,
            0.09070583920725474,
            -0.1591068318974135,
            -0.8771042643853082,
            -1.4810213100526366,
            0.5327468451559753
        ],
        [
            -0.46683422474784964,
            0.0,
            -0.9487445650913325,
            0.22755623892009616,
            -0.309531636719238,
            -1.2028191398324177,
            -1.6466115151923455,
            -0.3445584855234914,
            1.0410511531916102,
            0.9159443632236721,
            1.0077584371828672,
            0.25572046694238104,
            -0.5129800826025511,
            -0.5861472472126501,
            0.9764768899801899,
            1.0287316650678233,
            0.7403127376471972,
            -0.22591338946550482,
            0.4094455832277523,
            -0.27890194711205935,
            -1.4612955424135652,
            -0.8452176094698193,
            -1.324442430344483,
            0.07842344245558126,
            1.4044294333276555,
            0.32810271550003584,
            -1.0161360743743388,
            0.3057884154530775,
            0.9196794087038099,
            -0.4725533020833329,
            0.1829399938320483,
            -1.032037447697522,
            1.5486938200101557,
            -1.7057580171482964,
            0.3710077260651164,
            0.09017843118589712,
            -0.427341746935025,
            0.25404632493371243,
            -1.51556633609906,
            -1.1672797427869301,
            -0.01844326249525597,
            -1.3484983499723322,
            0.9519733748559016,
            -0.14631073135938186,
            -0.686560909598368,
            -0.4055823776110524,
            -0.745412878642134,
            -2.3958328610970923,
            0.18498334110119974,
            -0.0781312983704496,
            0.9136552512543719,
            -0.8185443287713172,
            0.10257540078780586,
            0.22797686551699564,
            0.8375129225285015,
            0.44357641839642153,
            -0.6179784556412248,
            1.5721207832474422,
            0.7215802735339925,
            1.009743765712201,
            -1.125525903159868,
            -1.1973447461229207,
            -0.6436946569182117,
            -0.6082290389236731
        ],
        [
            0.7833705756275452,
            -0.9487445650913325,
            0.0,
            -0.2328809410671364,
            -0.14269293817477297,
            -0.6230194463227172,
            -0.5306373588364336,
            -1.3686753870678345,
            -0.33644703062456216,
            0.38007117203315904,
            0.4931377959626726,
            0.21168431846180316,
            -0.8549617567558285,
            -1.1280408365231902,
            -1.6225192492149096,
            -1.4134039390743347,
            -0.7024055604430184,
            0.7257176282377772,
            -1.3268551617390492,
            -0.14373558278353488,
            1.502480764092607,
            1.2018221167827379,
            -1.0006068856870713,
            -0.9577111325572724,
            1.2684070106402716,
            -1.5622716487709916,
            -0.6812624333189823,
            0.42395450332399465,
            0.23404113010793642,
            1.2662809888981754,
            -0.9381425587390204,
            0.9282991440347687,
            1.4643822716312311,
            0.5188640934415281,
            -1.4925281240230843,
            -1.617191044666809,
            2.2969375943047465,
            0.3487074554137482,
            0.3100453855946515,
            0.053440071206216896,
            0.6182718596770769,
            -0.06890964010909571,
            -0.009589404318067422,
            3.506314735705411,
            0.6251437665761097,
            1.3539795029243362,
            -1.0924736040435876,
            -0.5376297147210158,
            -0.23574763226808573,
            2.2577261177537555,
            0.5814022140858476,
            -0.4762312374659924,
            -1.6683345043660802,
            -1.360767810129318,
            -0.44125245654713374,
            0.17251419801681583,
            0.5942521711716475,
            0.6139358480350621,
            -0.20733304392445112,
            0.7218802011629648,
            -0.2950752446797574,
            -0.7583761777567627,
            -0.3193407534789487,
            0.32703347127739935
        ],
        [
            -0.22623214314581805,
            0.22755623892009616,
            -0.2328809410671364,
            0.0,
            -1.948674052534156,
            -0.7656100212615514,
            -0.5233388480243888,
            0.28857877996267606,
            -0.6755617622522291,
            0.40406911583264127,
            -0.3327371892027767,
            -0.4646312924598949,
            -0.6763937137939752,
            0.7548126780822391,
            2.2966326603752902,
            0.231108607051974,
            -1.1517168790339516,
            2.462551643375254,
            0.10479502491673917,
            1.087328666855844,
            1.4959896254226073,
            0.03373922570065613,
            -0.39587144483303666,
            -1.5414547009870083,
            -1.7463602755820509,
            0.3887445353424721,
            0.0678377744361487,
            -2.4145712870226883,
            0.7707487190290949,
            1.1717306986704887,
            -0.9320576858138746,
            -0.3401789156713114,
            2.0504562869810434,
            -0.06795067306787013,
            0.8240273969497565,
            0.3928863672294988,
            -1.216455774064258,
            0.7136676037807641,
            -0.9698245455910445,
            0.5865978422614195,
            -0.012465293547846343,
            0.38089627641172114,
            1.2164903493311674,
            -0.22574890017588103,
            0.31188600031968505,
            0.18012797747533005,
            -0.12825688226715695,
            0.47357122963167264,
            1.8565125574276737,
            -0.4639372021558224,
            -0.5515440930171703,
            1.0362666826677864,
            0.8172817342277067,
            0.7014620371300146,
            -0.681727381468973,
            0.22720755242685647,
            -1.3552898303150922,
            -0.5317681537615814,
            -1.3070834797496103,
            0.2756074689560656,
            0.08869577424389079,
            1.175779857286175,
            -1.993938189868455,
            -0.5845165204794519
        ],
        [
            0.37966071836812176,
            -0.309531636719238,
            -0.14269293817477297,
            -1.948674052534156,
            0.0,
            0.5688495015762939,
            0.6880995663837323,
            0.7397137738904723,
            1.5436357588556824,
            -0.754222752603017,
            0.0587047653396914,
            0.46447415373901946,
            0.448646031191702,
            -0.8480469800925634,
            0.8560415617035464,
            0.22368967926170166,
            1.7478855204763593,
            -0.4942192629639058,
            -0.5227376142420275,
            -1.0342019527306516,
            -0.7236265426287053,
            0.35353755809249654,
            0.7936482219731623,
            0.4990255970859621,
            -0.5045360166957001,
            -1.3340131822521777,
            1.0832832761469464,
            0.1214307158222045,
            0.29435130653669,
            1.013253744421796,
            0.40718055155576116,
            1.336579810583185,
            0.6647774919571738,
            -0.19781068309221797,
            -0.5044659250328095,
            0.8606338075099,
            0.7964416528084658,
            0.22980392150381887,
            0.10917035395703167,
            -2.320758244554172,
            0.39145935720604574,
            0.7414310832597527,
            0.48582224800423546,
            1.53731273692884,
            -0.5291067518236486,
            0.2336081938613765,
            1.2140787095703742,
            -0.22956588135380382,
            -1.5221269488876337,
            0.18272403378368685,
            -1.027574117864128,
            0.23784621691487345,
            -0.5632473892457824,
            -0.4685702724210836,
            -0.3799233805442598,
            -0.09978709762790994,
            0.7489422123117184,
            -1.0037427049615903,
            0.36091230980522804,
            -0.7334993413735323,
            -2.896251504184996,
            1.6655137371748425,
            0.3296701671567106,
            -1.5753796903784434
        ],
        [
            -1.1983834096663026,
            -1.2028191398324177,
            -0.6230194463227172,
            -0.7656100212615514,
            0.5688495015762939,
            0.0,
            -0.5474201023364691,
            -0.20389005155234025,
            -1.614339426220482,
            -0.05126478282519616,
            2.4065291917079485,
            1.4959118820380617,
            0.5180689587448155,
            -0.7671759625642478,
            -0.3568250649518698,
            -0.08784118646906926,
            -0.565205107970358,
            -0.6760438962238025,
            -0.8670606643614838,
            -0.14422715461735025,
            -0.030228324944724425,
            -0.2596056699385085,
            0.01344677724105986,
            0.21112329001138863,
            0.15793810939975003,
            -0.7300607985085144,
            1.620512415839822,
            0.686727357882907,
            -0.2704248573547305,
            -1.05573934086167,
            -1.1453054075675542,
            1.9471381171085553,
            -0.030713873034817814,
            -2.687875321267048,
            -1.243432787902109,
            0.022388996343772605,
            -0.5622373530862201,
            0.7477111582328032,
            0.47774342692032573,
            -0.3947988746858751,
            -0.5911821493020379,
            1.1204476718905187,
            -2.855046980115094,
            -0.861579166266211,
            0.1756069453122859,
            -0.5968217769729562,
            0.6607800125888407,
            1.2805198191876843,
            0.3371092108441651,
            1.0616234315178381,
            -1.4555096833566905,
            1.6296280891037012,
            0.1212010455248066,
            0.1325159208254437,
            -1.010791907717967,
            -0.4139732468035252,
            0.2698092024100161,
            -0.25735855697096094,
            -1.2156862138078879,
            -1.1540054944531346,
            0.9260902434802278,
            -1.5300015003454042,
            0.3350580927808903,
            -0.3543186559589154
        ],
        [
            0.9395389847185914,
            -1.6466115151923455,
            -0.5306373588364336,
            -0.5233388480243888,
            0.6880995663837323,
            -0.5474201023364691,
            0.0,
            -0.06503867688027026,
            1.5621369294079799,
            -1.6063452830043552,
            1.9228089003704154,
            0.44966784401105236,
            -0.5600621892057889,
            -1.1860671662831164,
            -1.167023582537702,
            0.7329648302704651,
            -0.35083737640966584,
            -0.3086260556886309,
            -0.603830195433214,
            1.1087725236332986,
            -1.671166771944811,
            0.4638510509360915,
            0.9278123079685539,
            0.422875225434201,
            -0.5892409120079803,
            1.4436474396049015,
            -0.5913410631457183,
            -0.8790323537744418,
            0.5858858742567115,
            0.19605926182558076,
            0.2744273818586272,
            0.5983505077859378,
            -0.20244264115890542,
            -0.7780845191857656,
            0.2582813075532372,
            -1.8750869385853364,
            0.25425363444358046,
            0.9535919036889241,
            0.6542978219021691,
            -1.5273195872552492,
            0.2513749789873997,
            0.17015735456581574,
            0.494373187178409,
            -0.5770347778646813,
            -1.4630916058899612,
            1.03252998196618,
            0.9832409147870823,
            -1.7292328419024428,
            1.1883759105945113,
            0.0019542184838329227,
            -0.26592726864080296,
            -0.8337040156862698,
            0.13856132753272585,
            -1.424699360470067,
            0.26947787840920595,
            -0.35641312162577565,
            -0.7287805451987145,
            0.2716764783652165,
            1.1493340218169337,
            -0.9696337621265639,
            0.4156449555249855,
            0.2918430839198696,
            -0.27802480516015127,
            -1.8387760546040728
        ],
        [
            0.4355013927179417,
            -0.3445584855234914,
            -1.3686753870678345,
            0.28857877996267606,
            0.7397137738904723,
            -0.20389005155234025,
            -0.06503867688027026,
            0.0,
            -0.8131825430580782,
            0.16943649664721083,
            1.0498019502210527,
            -0.7420825357170968,
            -0.24820537277292462,
            2.1326457124982827,
            0.7763723251294354,
            0.5863645528169358,
            0.9275274755597347,
            0.26552045767093224,
            0.7668818940953925,
            -0.28562762404304926,
            1.8275786025738423,
            0.07742654723275368,
            -0.6629498144998476,
            -0.8461207216759091,
            0.6070357951495825,
            1.0056577802218865,
            0.7871080556709537,
            0.9840755347761307,
            0.9015748945151124,
            1.489089601384525,
            -0.9444417236000122,
            0.0031019274095979614,
            -0.07786008954555369,
            -1.2112765192174353,
            2.2043794300783124,
            0.914197125553522,
            -0.45581946494577014,
            0.5912044631258392,
            -0.4542149283750583,
            -0.03749647209652831,
            -0.362091923837112,
            0.443660968382129,
            0.058649716450821295,
            -0.23280668623169581,
            -0.03860261814067345,
            0.5683262286981847,
            -2.3070492194776766,
            0.24758802270300204,
            0.4367151670221785,
            0.42844838113266437,
            0.4682779179439816,
            1.8384709124746317,
            1.5905310339072454,
            -0.6073697559188266,
            -1.665842899143657,
            -1.6474904548700338,
            -0.8528023062283027,
            0.03864521992853866,
            -0.338800792091541,
            1.54918447049868,
            -2.3036781681812917,
            0.4723658159659386,
            0.13939356182020005,
            -0.6516664774498634
        ],
        [
            1.9586889006390584,
            1.0410511531916102,
            -0.33644703062456216,
            -0.6755617622522291,
            1.5436357588556824,
            -1.614339426220482,
            1.5621369294079799,
            -0.8131825430580782,
            0.0,
            -1.2023373469006446,
            -1.2589425390111095,
            -0.3194692538808791,
            1.4607938352720544,
            -0.49027770721739733,
            0.03661543632378959,
            0.681780168439531,
            -0.4588035972046466,
            0.01099945797696331,
            -1.2578275235166143,
            -0.021213015039866587,
            1.3407954470972736,
            -0.23643755987109202,
            0.1440033618047511,
            1.5280931565346025,
            0.048410720729304434,
            -1.1620556752817552,
            0.5665497168883774,
            -0.44938078332559706,
            0.09906839469605824,
            0.3178833660731749,
            -0.4095044312600362,
            0.6344531390296172,
            -0.1303001362185898,
            0.3255291107629482,
            -1.3398588971607237,
            -1.712150328454494,
            0.4906249127320069,
            -2.0421625620718347,
            1.508037164697673,
            -0.2183563932897142,
            1.2182469777109828,
            -1.2816148207729212,
            -0.6975709287726413,
            0.2674824514472309,
            -0.40108182858345676,
            2.4345702981768977,
            -0.6913950999170906,
            -0.8082988965673774,
            0.3872187747112178,
            2.078210804662755,
            0.08027018807269021,
            -0.5299464456981628,
            0.36044670970401005,
            1.1573485081567227,
            -0.2430365553011705,
            -0.36011013731190394,
            -0.16417393214470577,
            -0.6732507515775277,
            1.435943112150465,
            -1.6340152264422265,
            0.47933555994223187,
            1.8286486284829155,
            1.0045409564498067,
            1.6650848665417328
        ],
        [
            -0.03630902636220506,
            0.9159443632236721,
            0.38007117203315904,
            0.40406911583264127,
            -0.754222752603017,
            -0.05126478282519616,
            -1.6063452830043552,
            0.16943649664721083,
            -1.2023373469006446,
            0.0,
            0.9166282822035998,
            1.5001507577061604,
            -0.1986809054654748,
            -1.8481867856061527,
            0.03006357198858953,
            -1.6381756468215867,
            1.2551802435416297,
            -0.9435182542030687,
            2.126121453726566,
            -0.48759429406655613,
            -0.8961560564786245,
            2.664042485916517,
            1.2972328088772624,
            0.35577563861101513,
            0.9284758468782424,
            0.48260475528824137,
            -0.36368271695241616,
            1.267009753679373,
            -1.6758621672887573,
            0.9187243530373411,
            -1.2984077389136321,
            -0.11958813599850081,
            -0.050527164902073284,
            -0.9221182133180569,
            -1.5079471325738583,
            -0.3873498669820768,
            2.6458041088252107,
            0.9317130219715777,
            0.5464327926998994,
            -1.7261506094283363,
            -1.0839393252943916,
            0.2506894587174253,
            -0.1556249162587619,
            -1.094864747066908,
            -0.5097824207834547,
            -0.030571349816623385,
            -0.8332052140816074,
            -0.8312151167058537,
            0.5500134788799517,
            -0.8772169921358806,
            0.7214902722396813,
            1.1126444243038767,
            1.4498655021337465,
            -2.181972773023667,
            -0.7799029942728558,
            1.2697774059777167,
            1.0185143196421471,
            -1.674199506883927,
            0.00042762179237001746,
            0.47881749370426707,
            0.834887221688986,
            -1.2219015964023137,
            -0.7011683601142339,
            -0.34860915622097144
        ],
        [
            -0.5723755797458948,
            1.0077584371828672,
            0.4931377959626726,
            -0.3327371892027767,
            0.0587047653396914,
            2.4065291917079485,
            1.9228089003704154,
            1.0498019502210527,
            -1.2589425390111095,
            0.9166282822035998,
            0.0,
            -1.4152654630128516,
            -0.20356651039150378,
            -0.06130272985720406,
            -0.2625098261924452,
            0.7740098178539387,
            1.460184202907953,
            1.7189762256831613,
            1.8852825864086262,
            0.07320410051756476,
            0.03656866739090066,
            0.6878959406188896,
            -1.9574423551643605,
            0.4090620756979492,
            -0.7160394582449475,
            0.2477749199677729,
            0.8023795512169941,
            -0.41220715787097606,
            -0.041895799504472545,
            2.1999487435224494,
            0.019758897027294903,
            -0.08771473134140954,
            -0.730028576145502,
            -0.31275793071359603,
            0.15577425397366917,
            0.706747665162894,
            2.80057720218267,
            -0.37978655348960916,
            -0.5030713645986742,
            0.9761450396597956,
            -1.3331249487369385,
            0.6671076707321092,
            -0.6175428013062261,
            -1.2882152633625548,
            0.07126642680303186,
            0.27716758821917614,
            -2.3986234422240815,
            0.3028670372201923,
            -3.092309431435704,
            0.4743902013727468,
            0.10113041633138307,
            1.2062515118764694,
            -2.1292775124658645,
            1.65681101929057,
            -1.704935464968284,
            0.4062174983129819,
            -3.680891176764735,
            1.214586768935732,
            -0.07331926242471175,
            -2.292727309764032,
            -0.6086240761225606,
            -1.7599924378742104,
            -1.5001434840577736,
            1.699850947963046
        ],
        [
            -0.04006284325993776,
            0.25572046694238104,
            0.21168431846180316,
            -0.4646312924598949,
            0.46447415373901946,
            1.4959118820380617,
            0.44966784401105236,
            -0.7420825357170968,
            -0.3194692538808791,
            1.5001507577061604,
            -1.4152654630128516,
            0.0,
            0.3301533714806807,
            0.09390389172550445,
            1.4782201384787494,
            -1.1250363734786752,
            -1.288481248220094,
            0.3629019064889424,
            0.07910281160902288,
            -0.6070621247076303,
            -0.995998707278913,
            0.4826470177969326,
            1.9292721032779185,
            -0.5472315994294413,
            1.0089355620530467,
            0.1257666425853672,
            -2.613287390283614,
            1.6600938081213463,
            -0.38215050073701456,
            -1.259879880150079,
            1.3312517791426342,
            1.1573068691076465,
            0.39934731406436796,
            -1.3704707743396947,
            1.4805078104916793,
            -0.7824290435370372,
            1.3893618489132074,
            1.2529432288325608,
            -1.3780040654376635,
            0.7938710506687047,
            0.9677083211887544,
            -0.23235218048037198,
            0.39884412588084023,
            -0.2926308537761501,
            0.41883322639435794,
            -1.1050504937812309,
            0.5922421577694355,
            -0.27259631296175313,
            0.18108092066610454,
            0.6170309295794547,
            0.034764063914653656,
            -1.714952175807161,
            -0.020048817941733597,
            1.842745035556374,
            -0.6414443722734876,
            -0.9227568924649394,
            0.04899597673714008,
            1.1637668593304413,
            -0.16618076654640818,
            0.337419171989684,
            1.4278361559384398,
            -0.36647982796570616,
            -0.5475503570427243,
            1.3549987211391588
        ],
        [
            0.7827015626286233,
            -0.5129800826025511,
            -0.8549617567558285,
            -0.6763937137939752,
            0.448646031191702,
            0.5180689587448155,
            -0.5600621892057889,
            -0.24820537277292462,
            1.4607938352720544,
            -0.1986809054654748,
            -0.20356651039150378,
            0.3301533714806807,
            0.0,
            0.1754924079288335,
            0.41857621336271494,
            -1.7061250788814766,
            -0.494600124241955,
            -0.4547039612852517,
            -0.6896819599552118,
            0.8208434339269784,
            1.3956327459068283,
            -0.15772976892788437,
            0.6914318508075894,
            1.0772164524989165,
            0.6125218174876014,
            -2.0812234784841235,
            -0.8441460266212665,
            0.07011738919789598,
            1.119101301051465,
            -0.9061663825731108,
            -0.00902971063543176,
            2.2341799466914947,
            1.5718388911877448,
            0.08280634290268606,
            -0.49607771528546346,
            0.8725050974387323,
            -0.497679623604999,
            -0.6081982374690595,
            0.26690560586907214,
            -1.0355069555483583,
            -0.20813225384394574,
            -1.8335809370699625,
            0.5359447406012721,
            -0.03183310662272262,
            0.7028678303991585,
            1.362408917304273,
            0.8449870522050411,
            -0.8185587250993371,
            -0.3300712870657849,
            0.08026148986839614,
            0.9801091872907884,
            0.42358353016749667,
            1.483097576939658,
            0.861142188326736,
            0.5917891321486675,
            0.9530816485795603,
            0.03194143605345803,
            -0.46179693430878904,
            0.32803072483930396,
            0.02375223257903932,
            2.7770727864510714,
            -0.5615445808279874,
            -0.2155331612664795,
            1.1849748638616462
        ],
        [
            -1.2218003778346422,
            -0.5861472472126501,
            -1.1280408365231902,
            0.7548126780822391,
            -0.8480469800925634,
            -0.7671759625642478,
            -1.1860671662831164,
            2.1326457124982827,
            -0.49027770721739733,
            -1.8481867856061527,
            -0.06130272985720406,
            0.09390389172550445,
            0.1754924079288335,
            0.0,
            0.10226472268441739,
            -0.11120936201508627,
            1.73477574420391,
            -2.322186051705001,
            3.080149804625153,
            1.228165453469935,
            -0.8087470337500745,
            -0.41623728904454105,
            0.09945885274917306,
            -0.47982666803889473,
            -2.098597076385851,
            -1.2669682437892136,
            0.9038211510595038,
            -0.3513326809899681,
            0.6160949600742655,
            -1.3857482385287163,
            1.1004337444550079,
            -0.8194947060438798,
            0.8865900950040594,
            0.008730857160501378,
            -0.35052155451725864,
            -1.3444967728562214,
            0.29320480572182284,
            0.6498458936496001,
            -0.25026719696745475,
            2.641709565144232,
            -0.1018306864281556,
            -0.8954887256367404,
            0.5482290144895219,
            0.9425748376388644,
            0.37484509582995434,
            -2.0290300584540533,
            -0.9148437931485369,
            -1.5366123722740996,
            1.1909779421010382,
            0.5603120623180752,
            -0.17284708839296808,
            -0.5917924627243882,
            -0.1996337266490331,
            1.0332144450144494,
            0.9596586578846105,
            -1.201725539017581,
            -0.14116635879888345,
            0.5325443462199695,
            -0.16323252841133457,
            -0.37721276028795103,
            -1.4236152119625078,
            -1.7877837038087732,
            -2.263408630319947,
            0.24576147512352026
        ],
        [
            0.4399142208244739,
            0.9764768899801899,
            -1.6225192492149096,
            2.2966326603752902,
            0.8560415617035464,
            -0.3568250649518698,
            -1.167023582537702,
            0.7763723251294354,
            0.03661543632378959,
            0.03006357198858953,
            -0.2625098261924452,
            1.4782201384787494,
            0.41857621336271494,
            0.10226472268441739,
            0.0,
            0.9977586811077978,
            2.0333742951354425,
            2.3333838412814525,
            -1.0137136322491722,
            0.30437723860062804,
            -1.5870571728619332,
            0.5864023335746873,
            0.36231013972638176,
            0.023292558778646704,
            0.3749575195214151,
            -0.048491300072084687,
            0.4112432593174076,
            1.708901628908444,
            -0.5695603778290647,
            0.7439103412947402,
            -0.8670658646854351,
            -0.06625955246397959,
            -0.07588424024422961,
            0.19329060852418017,
            1.2517602335998508,
            -1.019940722908721,
            0.10972612269727494,
            -0.7569851220633904,
            0.6701504276435346,
            1.366639372564568,
            -0.2634547155611279,
            0.2557569563399947,
            0.5918882924228767,
            -1.2289440102913405,
            0.2038321700983251,
            -0.8828126657027389,
            0.45064425886822895,
            -0.45843068757969896,
            -1.5684850156072452,
            2.7791047937210354,
            0.09607699214764084,
            -0.8903129026461772,
            -0.47626716100523725,
            1.4016775095076315,
            -0.22732223862846412,
            -0.057841144730016746,
            -1.1324247367216385,
            0.877454456179298,
            -1.1359658145452027,
            0.3366927317120494,
            -0.26082501678218134,
            -1.6884603665378468,
            1.7861763499725554,
            -1.1270053896129402
        ],
        [
            0.01757579027780278,
            1.0287316650678233,
            -1.4134039390743347,
            0.231108607051974,
            0.22368967926170166,
            -0.08784118646906926,
            0.7329648302704651,
            0.5863645528169358,
            0.681780168439531,
            -1.6381756468215867,
            0.7740098178539387,
            -1.1250363734786752,
            -1.7061250788814766,
            -0.11120936201508627,
            0.9977586811077978,
            0.0,
            2.3285425952132677,
            -0.5260523313709777,
            -0.42669837263194993,
            -0.28461350917809114,
            1.2774921168935627,
            -0.2060047511724656,
            -1.1168690785025348,
            -1.1016877519877804,
            -0.0369325763642061,
            1.7397042325736873,
            -0.9835027957801817,
            -0.421483722788061,
            -0.7978625207214946,
            0.20252058544332244,
            1.0777575734401703,
            1.6409665011983585,
            0.8246963071887131,
            -0.3843615685768131,
            1.059526816995419,
            0.14297077428933477,
            -1.0181984228491707,
            0.404430168514455,
            0.6255731411393571,
            -0.8537306886877688,
            0.9942131845229115,
            0.09410350796862367,
            -1.7135762341425478,
            -2.6666999661313695,
            0.2919782556433106,
            -1.5505109222001752,
            0.7979568999796854,
            -1.2055932125898075,
            -1.450959655236941,
            1.2316384852441447,
            -0.8838479213187822,
            0.11850425836597402,
            1.9249253561119883,
            -1.648695595895519,
            0.9172577012861861,
            -1.7145730481047767,
            1.9784610760132648,
            -0.2095814008811443,
            -0.6670441136201865,
            -0.9369054392865324,
            -0.008461665372628756,
            -0.37959773471120395,
            1.981877360323455,
            0.49211615673341697
        ],
        [
            0.9144016015886259,
            0.7403127376471972,
            -0.7024055604430184,
            -1.1517168790339516,
            1.7478855204763593,
            -0.565205107970358,
            -0.35083737640966584,
            0.9275274755597347,
            -0.4588035972046466,
            1.2551802435416297,
            1.460184202907953,
            -1.288481248220094,
            -0.494600124241955,
            1.73477574420391,
            2.0333742951354425,
            2.3285425952132677,
            0.0,
            0.03974644658613722,
            0.5969012648688643,
            1.803903567451085,
            -0.535827740172156,
            -0.7723471568540405,
            0.26134856321992006,
            -0.6014709733725809,
            -0.26835653614074867,
            0.8276677300041816,
            0.6064938142261448,
            -0.7429888486129076,
            0.34637783198029515,
            -1.1952312613593457,
            0.09286537577165999,
            0.77973333521813,
            -0.3837132157498739,
            -0.4133435434250963,
            0.2929283510247209,
            0.7324440129244574,
            -0.6189576041872409,
            0.5243079781690161,
            -0.242374321607487,
            1.4550390409164622,
            0.16118775193811008,
            1.4655831269131347,
            -0.8894932792877349,
            0.3683288137996188,
            0.8147920439999395,
            0.433125904647662,
            0.4761493453834896,
            0.9468843935552202,
            -0.25742469443898724,
            0.7777156004258948,
            1.1980332030928158,
            -1.4715723415777588,
            -1.4532706285085875,
            -1.207288231518551,
            1.5999046974495195,
            -0.32945196812319716,
            0.903818174150269,
            0.9093131953699957,
            0.7529218157608173,
            1.265599705105566,
            1.1788727684535205,
            -0.3880189390656646,
            -0.23695304143510007,
            -1.8750793648963624
        ],
        [
            -0.8048214761024234,
            -0.22591338946550482,
            0.7257176282377772,
            2.462551643375254,
            -0.4942192629639058,
            -0.6760438962238025,
            -0.3086260556886309,
            0.26552045767093224,
            0.01099945797696331,
            -0.9435182542030687,
            1.7189762256831613,
            0.3629019064889424,
            -0.4547039612852517,
            -2.322186051705001,
            2.3333838412814525,
            -0.5260523313709777,
            0.03974644658613722,
            0.0,
            1.2109763228192576,
            0.49673770699324726,
            1.0205953385617899,
            1.1307709565892785,
            0.5873846442993456,
            0.8121576273521078,
            0.431611610858317,
            0.5415672761225576,
            -1.0511107836046316,
            -0.9466910702449076,
            0.39960833046358707,
            1.9926943008926714,
            -0.5594028179106538,
            1.1288283295296793,
            1.2077339376122895,
            -0.25797728563113853,
            -2.0505750128316786,
            1.2134376938135127,
            -1.3592555284623804,
            -0.28727050901147877,
            -0.9458371031893268,
            -0.9521215281134027,
            -0.21211733937412477,
            -0.2702870750909726,
            -0.5510949067762502,
            -3.658361019729553,
            -0.6005020267118669,
            1.3010858531780556,
            -1.8869659317993719,
            0.3894335009296644,
            -0.7998280301790934,
            -0.5572242315706094,
            -0.8044485782082806,
            -0.4462109921439949,
            -0.9890508481329093,
            -0.042217585841925406,
            0.5088662329659197,
            -0.7545840646082402,
            0.38122582285639706,
            -0.30087298921609074,
            0.5280267613141024,
            0.17926381541638123,
            0.7648116157517582,
            0.42395901279992115,
            1.2540683595493844,
            0.7070946786738674
        ],
        [
            -1.421655471265759,
            0.4094455832277523,
            -1.3268551617390492,
            0.10479502491673917,
