{
    "N": 64,
    "id": "527c5c1c-4269-4e4e-8cc0-1ad98b953188",
    "problem_type": "SK Spin-Glass",
    "distribution": "gaussian",
    "spins": [
        1,
        -1,
        -1,
        -1,
        -1,
        1,
        1,
        1,
        -1,
        -1,
        -1,
        -1,
        1,
        -1,
        -1,
        1,
        -1,
        -1,
        1,
        1,
        1,
        -1,
        -1,
        -1,
        -1,
        -1,
        -1,
        1,
        1,
        1,
        -1,
        -1,
        -1,
        1,
        1,
        -1,
        -1,
        1,
        -1,
        1,
        1,
        1,
        -1,
        -1,
        1,
        -1,
        -1,
        1,
        -1,
        1,
        -1,
        -1,
        1,
        1,
        1,
        1,
        1,
        1,
        1,
        1,
        -1,
        -1,
        -1,
        -1
    ],
    "couplings": [
        [
            0.0,
            0.49116610504959896,
            1.359475626225361,
            -0.3939679623513865,
            -0.7311007242033251,
            0.19053526251003702,
            1.2261225942701923,
            0.4384510225801025,
            -0.23952765430955836,
            -0.456513729969555,
            -0.345865454396637,
            1.1943814479364518,
            -0.024536182199157063,
            -0.40577314931462477,
            -0.9632478917374673,
            1.286412281831198,
            -2.354468635039758,
            -1.5999947079779844,
            0.768393341412378,
            1.555884873361053,
            0.6923279301021327,
            0.9285117313387471,
            0.7285746129993371,
            0.15624794900424588,
            -0.3027347451984109,
            -1.039172965060363,
            0.19358127621608337,
            -0.6359176062511548,
            -0.07971626896114388,
            0.7933014656410056,
            -0.21363793837932374,
            0.8484023423427787,
            0.4203332846778404,
            0.7637799238215495,
            -0.9209678010100268,
            1.0489984160019394,
            -1.9797488452913907,
            0.2402769525302753,
            -1.1077336850502353,
            -0.15580022219001913,
            0.6409692649032914,
            0.007402749190620071,
            -1.430614620420257,
            0.26226442875130695,
            0.11169194182201753,
            -0.5267676114553483,
            -0.02914330870871668,
            0.5199487768151566,
            -0.45868434968478194,
            0.5797114706705283,
            0.06865603855107384,
            1.9596413539190054,
            0.7779189601159848,
            1.7774044991923879,
            1.6596054004199887,
            0.05740396345696067,
            0.5586823898320186,
            -1.5372058643594089,
            -0.28085188693042523,
            -1.4417947007216647,
            0.5576659151636328,
            0.09438467452413113,
            0.276951442568607,
            0.8615515126503648
        ],
        [
            0.49116610504959896,
            0.0,
            -1.6181790432078502,
            1.2454469423572945,
            -1.165769606588496,
            -1.2491832475648068,
            -1.3666926946722557,
            -1.0251232784728321,
            0.15767926538271376,
            -0.26355075518893706,
            -0.03666838524822048,
            0.12047679392885789,
            -1.1802056392375975,
            -1.2218111502056808,
            -0.27608840491969966,
            -0.5830358057514567,
            -0.1427915257231354,
            0.27509758506855797,
            -1.2433076744563842,
            -0.29285146465302253,
            0.1699045921207025,
            1.4083718913793553,
            0.33186276042026847,
            -0.7026148083219558,
            -0.5745297932943032,
            0.21291148319887626,
            -0.507438372969928,
            0.21023536315108043,
            1.2761626276446276,
            1.438038281942178,
            -0.048841753562343763,
            0.08643314742131812,
            -0.5728547995726397,
            0.11607334014439775,
            1.2413309701688497,
            1.628238861755693,
            -0.11595468597453257,
            1.880283035849634,
            -0.6507730631598129,
            -0.7055748512073776,
            0.29053862085124516,
            0.010303351930284825,
            1.7353152403717729,
            0.5857425234805966,
            0.42680283973294303,
            -1.1077553854364683,
            -1.979631010191694,
            1.011210199564809,
            -0.033982294186464375,
            1.2649224274671622,
            -0.09430516766866479,
            2.4897587608363403,
            0.5217334334587701,
            -1.3467633858423478,
            1.0187369741074466,
            0.10547981926085093,
            2.163167723335999,
            -0.8362735339469698,
            -1.938995399633261,
            -0.05431352606039385,
            -1.3426466671482593,
            0.460267236221657,
            0.5065864564522554,
            0.6692503724968939
        ],
        [
            1.359475626225361,
            -1.6181790432078502,
            0.0,
            0.1861870864439515,
            -0.6013325700041352,
            0.5718994944720823,
            -1.011234379685492,
            0.8984783074026794,
            1.0615388491790196,
            -0.37440641742458647,
            1.7675422005025911,
            2.423063206312565,
            -0.5347070700491878,
            0.9802669123883255,
            -1.4020228851628551,
            -2.137442669003828,
            0.2814570671855435,
            -0.398747320175071,
            -0.5633701392617992,
            -1.3667443507122854,
            -1.4565241349467468,
            -0.012291476792142984,
            1.4622607851690148,
            -0.03981453875676879,
            0.7362354910744889,
            0.32365949419980466,
            -0.16261676474800052,
            -0.3206923471736514,
            -0.15638800492750946,
            0.8534377942275724,
            -0.3898816105114912,
            -0.42120742845769754,
            -0.9907319898478308,
            -0.03227954044030672,
            -0.5716591999385944,
            -0.7066669849014937,
            0.46333238285046063,
            0.2426758228253247,
            0.015008515051637193,
            -0.3116918502220662,
            0.5530673029435674,
            -0.6459432669665278,
            0.013071438941221593,
            1.5883099249700312,
            1.148203583978254,
            -0.14479343862586683,
            -1.5344972066577767,
            -1.0202450172957573,
            2.854745880120155,
            -2.131478437759607,
            0.37723840085350546,
            0.7922698586802718,
            -0.44529351910225384,
            -1.3019209890568795,
            -0.8013863910238872,
            0.8052352113149099,
            1.1981747473030577,
            -0.12158154551443252,
            3.752091719851406,
            -0.10647007712942007,
            1.3531142627096335,
            0.4191829679549658,
            -0.5678222395686344,
            -0.8588418207268046
        ],
        [
            -0.3939679623513865,
            1.2454469423572945,
            0.1861870864439515,
            0.0,
            1.2840502495333885,
            0.43063175889803446,
            -1.1925915671382235,
            0.19768483207998702,
            -1.902561784488353,
            -1.6694546307046432,
            0.6061479488213374,
            0.9545002665295983,
            -0.2626776988285302,
            0.5381639755734929,
            0.15649550378777263,
            -0.5757840630749637,
            -0.9964797232053276,
            0.10137213997127859,
            -0.4164195804290972,
            0.9940531437298448,
            1.905613477168963,
            -1.0713652832519944,
            -0.1900748087370539,
            1.589985380676046,
            -0.43991364434555846,
            0.8483768324771871,
            1.0888961282349994,
            -0.20012374638587482,
            0.4817516152567318,
            -1.4987636461048104,
            1.909280485355401,
            -0.6560209548970669,
            1.6586709688940062,
            0.5015262773107451,
            -0.8988730817253114,
            -1.7420049315735,
            -0.5232223971607672,
            0.43550236718800794,
            0.9758758565655821,
            -1.2965610447849467,
            -0.8501602690815229,
            -0.8997399528262183,
            0.8623470257292501,
            1.7779091643429958,
            -0.21636731946149207,
            1.2481735374213443,
            -0.9203249838937744,
            2.2199919682485585,
            1.1078169376503828,
            1.0812290983696875,
            -0.7149023784521976,
            -0.9193071348641935,
            -0.34777333655701037,
            0.11678133056843785,
            -1.0320357524925408,
            0.2297906952216763,
            1.1680017050464706,
            0.5818505595418948,
            0.5815625998474083,
            -1.0642516678182181,
            -0.2307933707486613,
            0.2747767920509025,
            0.35067549595911607,
            1.1826534730141751
        ],
        [
            -0.7311007242033251,
            -1.165769606588496,
            -0.6013325700041352,
            1.2840502495333885,
            0.0,
            0.7148939170276096,
            -0.17605274545795682,
            -0.6509584935844663,
            1.1578082400425413,
            0.549142537588811,
            1.5733217130326305,
            -0.25321645523129976,
            0.22139547591599362,
            -1.3030389456735225,
            0.30825468581886506,
            -0.28828337337374593,
            -1.5576451312002344,
            -0.7214511861673633,
            0.11941288971655993,
            0.9249927026652573,
            -0.7608524504143388,
            -0.3453014845256157,
            1.1146670752557482,
            0.8705508005525976,
            0.23032287469099402,
            0.8108143132633204,
            0.1056733334601224,
            0.44675724406057776,
            -1.0174805474403217,
            1.2503178946575844,
            0.4512646354308028,
            -0.1520071703781853,
            0.41659762271317896,
            1.9102713602419708,
            1.1170812672101307,
            -0.37459072756771555,
            1.0674359913936204,
            -0.2235315461020204,
            -0.8121227112539117,
            0.3862513559645044,
            -0.2922585408410329,
            -0.6808938248483042,
            -0.49044691559338444,
            0.1810121380471499,
            0.02625525402550299,
            1.028615460775366,
            -0.2455934388405871,
            -0.7222063657231202,
            -0.4929371962884453,
            1.6224914055614341,
            -1.6825568652515863,
            0.32521962695643064,
            0.8651175037734979,
            -0.19524874798604697,
            1.830408389034891,
            1.7751499573158422,
            -0.7191416729369092,
            1.9881463420329806,
            2.6322275716762173,
            1.4338757942352924,
            1.3077160351057542,
            -1.297264904440077,
            -0.8848455084114398,
            -0.7649969182298639
        ],
        [
            0.19053526251003702,
            -1.2491832475648068,
            0.5718994944720823,
            0.43063175889803446,
            0.7148939170276096,
            0.0,
            0.3353353141097126,
            -0.3892771696455636,
            2.5357834782968687,
            -0.9523889237381772,
            -0.2950200709730367,
            -0.5107842057828843,
            1.3453498319646504,
            -0.5739426607858541,
            1.1776770002393162,
            0.5292172313184693,
            0.8755852600554554,
            0.8502265999187997,
            0.1831486611319749,
            0.8523296430177745,
            -1.1334095517477945,
            0.6204870257347069,
            0.2028566715903555,
            -0.0038249906388208316,
            1.7889448500631935,
            0.2598443911827011,
            0.40789930839459654,
            0.22545657964455126,
            -0.22068431731530944,
            1.2891277125084155,
            -0.27184321734466105,
            -1.6523534753581155,
            -1.363631819559795,
            -1.2990437509693327,
            0.17007220488599017,
            -0.07965659901906393,
            0.10943630153504343,
            0.7963816157169246,
            0.11800861653449013,
            0.024483839812323778,
            1.5650400262077206,
            0.3255299782512939,
            1.0025315373820762,
            0.4333417764062016,
            0.9305621262776036,
            0.7875360251464387,
            -0.04279532463950692,
            -2.079316347518318,
            0.48891082446403306,
            -1.705015302754316,
            -0.615109538763095,
            1.4341948997434781,
            0.7381272074654125,
            -1.1749548651769506,
            2.394045828251008,
            0.2385238455317785,
            -0.23281384039740494,
            2.2293219204253747,
            0.2592778428235613,
            -0.7769787951226533,
            0.25175117830147575,
            1.9459432169296462,
            -0.23821293226009435,
            -0.43486793098367377
        ],
        [
            1.2261225942701923,
            -1.3666926946722557,
            -1.011234379685492,
            -1.1925915671382235,
            -0.17605274545795682,
            0.3353353141097126,
            0.0,
            0.27521932052615267,
            0.015091598528375516,
            1.1291555793274615,
            -0.3928260699270273,
            2.5880036071545236,
            -0.5576538570171676,
            -0.254671498802227,
            -0.5180534888829593,
            1.5619127342277426,
            -0.8942089604008053,
            -2.6268069501057383,
            -1.4053222452275704,
            -0.3109179923162884,
            -0.6662719070662201,
            -0.6663359358372436,
            0.8507666024247829,
            0.021015848588920628,
            -0.542751217707688,
            -1.7078469787875064,
            0.296376458880979,
            0.5511299263105724,
            2.5145015141011,
            -1.9067956916971576,
            0.7805165841950854,
            -1.2473259110159514,
            0.5387714527616043,
            2.0287868532903923,
            0.5552750455054201,
            0.9876617085051217,
            -0.17018675382739373,
            -0.0014307655496418362,
            1.6983418534427583,
            0.7944811320859999,
            0.3866034106414485,
            -0.653767463448525,
            -0.16965869625717775,
            -0.15004187218054596,
            1.3549744635036702,
            0.9482573444417745,
            -0.34667154357921237,
            -1.386379548593522,
            0.2310769357169144,
            1.2469467987212464,
            -1.5739149365575757,
            0.41923534358259806,
            -1.666412851308641,
            -1.5197142670857033,
            -2.708321791538207,
            0.6613125402837459,
            -0.03351631594768058,
            1.5041929208330451,
            -1.9213036830657513,
            -0.579793588199229,
            -0.0823963354632456,
            -1.0087321871101007,
            1.9024864567349047,
            -0.2350864488657054
        ],
        [
            0.4384510225801025,
            -1.0251232784728321,
            0.8984783074026794,
            0.19768483207998702,
            -0.6509584935844663,
            -0.3892771696455636,
            0.27521932052615267,
            0.0,
            -1.4376016336810153,
            0.7328406994081429,
            -0.5736867893059705,
            -0.9134001432691188,
            -0.7066157897398975,
            0.2999032522456094,
            0.2761081635827302,
            1.341798669964627,
            -0.46922029417704864,
            -0.6325055519183896,
            -1.2450671202495374,
            2.176408381117115,
            -2.4978909829665823,
            -1.7683780855148306,
            -1.059585726681424,
            0.36720724193024423,
            0.28479633499855234,
            1.2734542671608642,
            -0.8171907627904421,
            0.46091757263575645,
            -0.588727726606689,
            -0.8823079416559624,
            -1.659762719494536,
            0.11255389440847942,
            -0.3485669213708664,
            -1.7963396342249462,
            1.3316479087030302,
            -0.38816276061884547,
            0.9595903706522575,
            0.3242147565648761,
            0.19705267354144843,
            -1.1022491234933895,
            0.09906966330517705,
            -1.8312729897606093,
            -0.6983124976604339,
            0.4884521457654154,
            -0.25926787888094854,
            -0.17702132345107655,
            1.206111406310303,
            -0.21898961792343166,
            -0.34737404874333827,
            -0.14386943055893342,
            0.6156204161621724,
            1.3759484176773293,
            -0.21681686038705328,
            0.3544192057801438,
            -0.5320054918937304,
            -0.026541091713136594,
            -0.2523043527124983,
            -1.7966672524236793,
            -0.189820216480976,
            0.4257071890998977,
            0.6923048283944477,
            -0.4276914653088551,
            -1.850461686479687,
            -1.5357238507488744
        ],
        [
            -0.23952765430955836,
            0.15767926538271376,
            1.0615388491790196,
            -1.902561784488353,
            1.1578082400425413,
            2.5357834782968687,
            0.015091598528375516,
            -1.4376016336810153,
            0.0,
            0.4058251939143323,
            -0.9399092064518277,
            0.09315749831836337,
            0.8804421672183881,
            1.0074235828401137,
            -1.581413897570614,
            0.9495701409885599,
            -0.6891091421839873,
            1.9717221636112399,
            -0.31930747936489956,
            -0.7165486118288407,
            -0.7656054093668447,
            0.30375753276897394,
            0.738131519744418,
            0.20606193634525233,
            0.3637578496393784,
            1.1765424404123623,
            0.2004911491264242,
            0.4066807885576453,
            -0.9732445827196711,
            1.0511295268144212,
            -0.2700701897577344,
            -0.8849505536698411,
            -0.09641974098887357,
            -1.5259945159376227,
            -1.3202009943054973,
            -0.8367498461980653,
            0.558683522282378,
            0.919924842010185,
            -0.2757034044279717,
            -0.10148905228432775,
            -0.07289441350474941,
            0.9389616300661625,
            0.762805573659912,
            1.857887683191285,
            1.2160982894012522,
            -0.3799447266831175,
            -1.0729251635256618,
            -0.0425451525772424,
            0.6502948870472881,
            0.6884319675142715,
            -1.5971995817278055,
            -0.042720966431711346,
            0.26803311049092987,
            -1.6586866139908423,
            -0.241145741109343,
            -0.14907361816097411,
            0.002845421866862071,
            1.3360852418374902,
            -1.411186459746787,
            1.3282600139088359,
            1.4115460610405335,
            0.20798912368943467,
            0.006821526812130901,
            -0.42475950941151386
        ],
        [
            -0.456513729969555,
            -0.26355075518893706,
            -0.37440641742458647,
            -1.6694546307046432,
            0.549142537588811,
            -0.9523889237381772,
            1.1291555793274615,
            0.7328406994081429,
            0.4058251939143323,
            0.0,
            -0.7847026623439949,
            -0.19627138613849973,
            -0.44302384710849524,
            0.9847424716353907,
            0.5585571139166301,
            -0.18597023919392608,
            -0.11924107977545956,
            -0.9951388844207218,
            0.05096555714235444,
            -0.7552993039432124,
            1.0016892173142193,
            0.38381323325137423,
            0.5888645810806803,
            -1.9280018108956718,
            0.5825477152431445,
            -0.28799987139782285,
            -0.11559388820997508,
            -2.0147961166575437,
            -0.03160554842476249,
            -0.018194413480463103,
            -0.3836889524648171,
            0.3488614598094982,
            1.3221887731349475,
            2.0205288839964037,
            0.10131107457449692,
            -0.22223165525717228,
            -1.7143443405399033,
            -0.32783707596651,
            -0.506281823801411,
            0.07837933801997357,
            0.7785093499234489,
            -0.1176765211531223,
            -0.8980916113918408,
            0.14874787341310478,
            0.33924003185324414,
            1.2154837476897409,
            0.8056951004679781,
            -0.4882546964882043,
            -1.734453955085649,
            -0.09485720612599303,
            1.8571434231925141,
            -1.2398476993109508,
            0.3445067384381923,
            -0.5685406829701888,
            0.7504675292061457,
            1.821788614198076,
            0.05850577870847563,
            0.45552895863006504,
            -1.4786939001389403,
            0.5750722570504765,
            -0.33651298388203876,
            -0.2963621836475611,
            0.01907728685728186,
            -2.753694490235576
        ],
        [
            -0.345865454396637,
            -0.03666838524822048,
            1.7675422005025911,
            0.6061479488213374,
            1.5733217130326305,
            -0.2950200709730367,
            -0.3928260699270273,
            -0.5736867893059705,
            -0.9399092064518277,
            -0.7847026623439949,
            0.0,
            0.23537533204425365,
            -0.5590940251780566,
            -1.022380667838226,
            -0.060940008598200694,
            -0.9007178865058503,
            -1.0849285305711018,
            -0.33765475570982856,
            0.35291925709713895,
            -1.4755828970980849,
            1.2113196349259752,
            1.562993497135954,
            0.18384151396699575,
            -0.9137386351299992,
            0.7488798908897939,
            -0.3691231160804587,
            0.06886840763613238,
            -1.4661371263099983,
            0.28462321442573885,
            -0.19413967394362067,
            0.28750070622394674,
            -0.6102826335280536,
            -1.237136237954048,
            0.8350369798878506,
            0.28039031022155975,
            -0.5046031475821307,
            -0.3871526169640352,
            0.06235161361519205,
            0.5705149948324144,
            -2.0304860179342277,
            0.8546965517392394,
            1.3746630351390183,
            -0.9935375590243816,
            0.02852577766576006,
            1.4763850365389115,
            0.670146628255562,
            -1.0410851108023988,
            -2.0427906729558645,
            0.5811966167614318,
            -1.0604108317329912,
            0.4633099126300095,
            -1.2012607604828758,
            -0.7123975758133312,
            -1.284738081961785,
            -0.5906816214860204,
            0.6446355921517236,
            -0.5121089600471098,
            -0.29781141228644575,
            -0.8449614017128747,
            -0.7056834844185483,
            -0.3376598846659575,
            0.408928388165944,
            -2.5577693322916026,
            1.8962630586870368
        ],
        [
            1.1943814479364518,
            0.12047679392885789,
            2.423063206312565,
            0.9545002665295983,
            -0.25321645523129976,
            -0.5107842057828843,
            2.5880036071545236,
            -0.9134001432691188,
            0.09315749831836337,
            -0.19627138613849973,
            0.23537533204425365,
            0.0,
            -0.2579303514506857,
            -1.941374641291358,
            0.6872467792993235,
            -1.3216974851543268,
            -0.7716057944489276,
            -1.0628170079128065,
            -1.7660260688519298,
            0.8634290769399062,
            1.287190123085664,
            1.5405097119666191,
            -0.7410096627505087,
            1.7325672927368299,
            1.257613402618722,
            0.20230067928643675,
            0.3701915146804332,
            1.4809642827090048,
            0.6840474946176728,
            0.08490887585850299,
            -1.200428982480826,
            -1.2508643810623923,
            -0.1465566713429877,
            0.4398119730266966,
            -2.8115544092866847,
            0.8922521168149306,
            0.8795636127674472,
            0.7834748334968448,
            -0.7520573098862277,
            -0.43538413353259786,
            -1.7961008779764338,
            -0.07931451133626004,
            1.0171711300635593,
            -0.9098924323456106,
            1.6619111431168008,
            2.151870656157209,
            0.7549767742537337,
            -0.9175094412955455,
            -1.9074838145291977,
            -1.2994724038011627,
            0.1704242567796816,
            0.952303279361757,
            -1.4709419537730146,
            1.6118266203637606,
            -0.9621613653932841,
            0.7558809501979528,
            -2.287915678591719,
            0.27386839928641016,
            -0.5882197611058275,
            0.39602350350656934,
            0.6153395914365263,
            -1.5032597914123977,
            -0.01653093161451975,
            0.06927558250517979
        ],
        [
            -0.024536182199157063,
            -1.1802056392375975,
            -0.5347070700491878,
            -0.2626776988285302,
            0.22139547591599362,
            1.3453498319646504,
            -0.5576538570171676,
            -0.7066157897398975,
            0.8804421672183881,
            -0.44302384710849524,
            -0.5590940251780566,
            -0.2579303514506857,
            0.0,
            0.07887301923921688,
            -1.4619219314329936,
            -0.4012661822173352,
            -1.6256062307705272,
            1.489400247873532,
            -1.0364487324061533,
            0.49912070956160753,
            0.23975449318960199,
            -0.3557952579294082,
            0.8358364082440454,
            -1.8272593427278572,
            -0.3142831797664476,
            0.06222597256099107,
            -0.3901409880875112,
            -0.8723644764626295,
            -0.9875126387687447,
            0.9352611838601119,
            1.4884188493913355,
            1.0469450349435372,
            -0.23076862773704776,
            0.3277376748450565,
            0.3169057518203888,
            -0.7588643935614956,
            -0.053064418979864296,
            -1.7614497822922228,
            1.5407473664994005,
            -0.46804093948778464,
            -1.4982659961269598,
            0.8906751992000129,
            -0.15105774422327967,
            -0.6563165785534083,
            0.29787433695436827,
            -0.4533022759211135,
            -0.6699313951627642,
            0.4737691831607886,
            0.41347075164171926,
            1.2218090897812381,
            0.21745068418189933,
            0.1952874301758271,
            -0.18932880337535957,
            -2.0295690116122937,
            1.485876034326618,
            1.0491836430347157,
            -1.5472103138383648,
            0.6539940092563997,
            -0.028521216277471846,
            0.2816021500891047,
            -0.8416653881992852,
            -0.46630890213770315,
            -1.039495137607665,
            -1.0652036082218228
        ],
        [
            -0.40577314931462477,
            -1.2218111502056808,
            0.9802669123883255,
            0.5381639755734929,
            -1.3030389456735225,
            -0.5739426607858541,
            -0.254671498802227,
            0.2999032522456094,
            1.0074235828401137,
            0.9847424716353907,
            -1.022380667838226,
            -1.941374641291358,
            0.07887301923921688,
            0.0,
            1.6683228757400497,
            0.3563108223002902,
            1.2600358767428144,
            -0.15183277945137383,
            0.0792209894518345,
            0.7082954004580309,
            1.0364336521083108,
            2.6350669870741816,
            -0.9849215491616943,
            -1.361726448303424,
            -0.5933906564943654,
            0.7642303099138592,
            0.12963186961325038,
            -2.0345475615705153,
            1.3240085164335234,
            0.777560039160233,
            -0.33132085524704674,
            0.6651449976329593,
            0.31262543527361025,
            -0.23922730339815457,
            1.211324878516988,
            1.0083038798885566,
            -0.9442359137055365,
            0.07378226560739201,
            0.43600119178721325,
            0.1787873625228184,
            -0.05523512892239755,
            -0.2773353762489442,
            -0.5110104903635491,
            -1.0005724882311733,
            0.1337194244634974,
            1.0198565788000533,
            0.2292529154822065,
            1.2418246497221666,
            1.753146007226805,
            0.3792199902436939,
            0.5509035140884562,
            1.4076672984940766,
            1.651942759178672,
            -1.3963196158687776,
            0.7955244820126068,
            -0.9000701946630745,
            -0.727557727072377,
            -0.43605949968742436,
            0.4549267056497492,
            -0.7426968318620186,
            -1.5768192554861673,
            0.7071041305558954,
            0.9221709489077666,
            1.5981234906655097
        ],
        [
            -0.9632478917374673,
            -0.27608840491969966,
            -1.4020228851628551,
            0.15649550378777263,
            0.30825468581886506,
            1.1776770002393162,
            -0.5180534888829593,
            0.2761081635827302,
            -1.581413897570614,
            0.5585571139166301,
            -0.060940008598200694,
            0.6872467792993235,
            -1.4619219314329936,
            1.6683228757400497,
            0.0,
            0.1414404706337157,
            -0.133354490475026,
            0.7711453494044009,
            0.2812358053604791,
            -0.8447627109573935,
            -0.9625962846658485,
            1.7987927929280298,
            0.8988439494792945,
            -0.1029321486477085,
            -0.49513542898195234,
            1.2838112438978695,
            0.5477138274829245,
            0.5917665302691397,
            0.30429373877190424,
            0.6905104130892309,
            -0.06076443564593877,
            -2.0019834761906705,
            0.8833395372057014,
            0.770055687449991,
            -1.549173243220463,
            1.7948094963000596,
            -0.31604362202630537,
            -0.5814299365423968,
            -1.1502467232200582,
            1.5799019451408352,
            2.0271372464864825,
            0.2129517765587096,
            0.857543722730376,
            -1.5359971028258912,
            0.013442514033099807,
            0.23929413226376917,
            0.4967426789433006,
            0.6345056891581403,
            -0.7554944853669391,
            -0.40384961021556876,
            -1.6962017408846521,
            -0.20359166501704296,
            0.8960018028872894,
            -0.8831687098368499,
            -0.5478182757437987,
            2.4592542336837386,
            -1.2907662574475878,
            0.8527310607340294,
            0.323524686146361,
            -1.009443344798375,
            -0.10729152136919144,
            -0.38975772597933966,
            0.41184725759556723,
            -1.4659955648095353
        ],
        [
            1.286412281831198,
            -0.5830358057514567,
            -2.137442669003828,
            -0.5757840630749637,
            -0.28828337337374593,
            0.5292172313184693,
            1.5619127342277426,
            1.341798669964627,
            0.9495701409885599,
            -0.18597023919392608,
            -0.9007178865058503,
            -1.3216974851543268,
            -0.4012661822173352,
            0.3563108223002902,
            0.1414404706337157,
            0.0,
            -0.5902530346200779,
            -0.09275217773212772,
            1.1227445609613234,
            -1.154058788478786,
            0.8133208679793342,
            -0.7446890376318032,
            -1.5885903532680747,
            0.27894408861907366,
            -0.305779813719784,
            1.2812812420548338,
            -1.2128046269872983,
            -1.2697326901050185,
            -0.718780006622365,
            -0.0823862204642516,
            -1.5056785517245401,
            -1.4790412821181003,
            -0.8199259815923786,
            -0.5477292147795912,
            0.8588553313283144,
            0.25165309221708804,
            0.10018227131142833,
            0.8387796995442995,
            -1.1789877142386556,
            -0.6778010684786732,
            -2.058276727637571,
            1.0535009876258115,
            -0.5351325293399748,
            0.5736043312291897,
            -1.6086212863793015,
            -0.8390706011693351,
            0.6620978464059795,
            -1.077304876714745,
            -0.8306955627061431,
            -1.6587098529553983,
            -2.111184092228936,
            0.3561898984304103,
            0.21163881216555103,
            -0.5381572309948374,
            -1.4253080708774153,
            1.231073873746828,
            -1.7297488422009035,
            1.9020700387862146,
            -0.4503601284217161,
            -0.9460223152232416,
            1.1286634058784608,
            -3.0896994651223717,
            -0.7457397611470699,
            -0.07956107929474504
        ],
        [
            -2.354468635039758,
            -0.1427915257231354,
            0.2814570671855435,
            -0.9964797232053276,
            -1.5576451312002344,
            0.8755852600554554,
            -0.8942089604008053,
            -0.46922029417704864,
            -0.6891091421839873,
            -0.11924107977545956,
            -1.0849285305711018,
            -0.7716057944489276,
            -1.6256062307705272,
            1.2600358767428144,
            -0.133354490475026,
            -0.5902530346200779,
            0.0,
            0.6297527164195308,
            0.25844836482272493,
            -1.3809857471178297,
            -2.770651653922599,
            1.8588743937912875,
            0.5267313470493451,
            -1.125248820244661,
            -1.7298955012376418,
            -0.4848669259391706,
            -1.431287912721498,
            -1.205378507830462,
            0.32021140600731884,
            0.3415882592479434,
            -0.9761600861675259,
            -0.1781807228540488,
            0.21235218312419266,
            -1.3001607914712208,
            1.499672722371718,
            -0.7159766615457327,
            -0.7563307757963526,
            0.9034001320188834,
            -1.6563506744308345,
            0.006749550259832389,
            -0.7509857467094602,
            1.09015066037655,
            -0.8976138653761512,
            -0.8854482711363797,
            -0.5011238622400807,
            0.38241633130148117,
            -0.7075814445512061,
            -1.2967510217013387,
            1.770174299367059,
            -0.8996530287433454,
            0.6291029966232204,
            -0.18919445382867495,
            -0.4531659904336365,
            0.041383411582717584,
            0.06510500433915892,
            1.0250409256208382,
            0.3233583380273925,
            0.01482948668815432,
            0.780672666562407,
            0.4762137182296673,
            1.0601542733243492,
            1.3383310888705808,
            -1.0512170880044178,
            -0.13127973330066223
        ],
        [
            -1.5999947079779844,
            0.27509758506855797,
            -0.398747320175071,
            0.10137213997127859,
            -0.7214511861673633,
            0.8502265999187997,
            -2.6268069501057383,
            -0.6325055519183896,
            1.9717221636112399,
            -0.9951388844207218,
            -0.33765475570982856,
            -1.0628170079128065,
            1.489400247873532,
            -0.15183277945137383,
            0.7711453494044009,
            -0.09275217773212772,
            0.6297527164195308,
            0.0,
            0.6254899013778932,
            0.4855460343069829,
            0.0016509758090030046,
            0.0703514107583077,
            0.4470960373117414,
            1.098199080881896,
            0.02271602691270412,
            -0.4145690127443627,
            0.7733520765613641,
            0.6672319443035971,
            -0.7059902671387794,
            1.323839049178088,
            1.0805418495661512,
            1.7998062795416092,
            -1.1696988908225388,
            0.4296599338472729,
            -0.4202231408998005,
            0.6912251329824929,
            0.9108931047962157,
            0.3990167525264806,
            1.8831641248052449,
            0.3542618094678727,
            -0.9758707883119448,
            -0.023967692372675063,
            -0.21885260658366443,
            0.7258386220028565,
            2.0857861553624044,
            0.07119533256161813,
            -1.5416894040132156,
            -0.11084771195804603,
            0.07948850076735721,
            -0.9164611246882545,
            -1.122393461390118,
            -0.3690654530703751,
            0.6762601342387143,
            0.4352270158882736,
            0.41604485531627355,
            -0.41266518009075676,
            1.1180150074039956,
            2.1149198059024243,
            1.2781415594684888,
            -2.5007840303424773,
            -0.3096433599132715,
            0.001352435700483194,
            1.8654902447915478,
            -1.1906726902602731
        ],
        [
            0.768393341412378,
            -1.2433076744563842,
            -0.5633701392617992,
            -0.4164195804290972,
            0.11941288971655993,
            0.1831486611319749,
            -1.4053222452275704,
            -1.2450671202495374,
            -0.31930747936489956,
            0.05096555714235444,
            0.35291925709713895,
            -1.7660260688519298,
            -1.0364487324061533,
            0.0792209894518345,
            0.2812358053604791,
            1.1227445609613234,
            0.25844836482272493,
            0.6254899013778932,
            0.0,
            1.4013593897437469,
            1.1242902064942837,
            0.2797802281926869,
            -0.2530068988199667,
            -0.32144495548935414,
            1.7391504407733949,
            -1.0681676692258808,
            -0.040076542119424,
            -1.2492508677777452,
            -0.10984672050724337,
            0.9729552049248981,
            0.05974605305822468,
            0.49150027011246444,
            -0.3558138525739958,
            0.13005376819178804,
            -1.3434008795569654,
            3.5385145348132663,
            -1.715948881387079,
            -0.2715958477256835,
            -1.7373257321509967,
            -0.9163201878068346,
            -0.01755017707177681,
            -0.5482932620890655,
            0.8669056022366928,
