{
    "N": 64,
    "id": "39f29ed9-022d-4482-ae1d-e070f748371e",
    "problem_type": "SK Spin-Glass",
    "distribution": "gaussian",
    "spins": [
        1,
        1,
        -1,
        -1,
        1,
        1,
        -1,
        1,
        -1,
        -1,
        -1,
        -1,
        1,
        1,
        -1,
        1,
        1,
        1,
        1,
        -1,
        -1,
        -1,
        1,
        -1,
        1,
        -1,
        -1,
        1,
        -1,
        1,
        1,
        -1,
        -1,
        1,
        1,
        1,
        1,
        1,
        -1,
        1,
        1,
        -1,
        -1,
        1,
        1,
        -1,
        -1,
        1,
        1,
        -1,
        1,
        1,
        1,
        -1,
        -1,
        -1,
        -1,
        1,
        1,
        -1,
        -1,
        1,
        -1,
        1
    ],
    "couplings": [
        [
            0.0,
            -0.3874260004567539,
            -2.268510183196895,
            0.8209914559843299,
            0.7637583576450253,
            0.9047043549892397,
            0.3460386298856176,
            -0.3833967966275911,
            -0.43185087535926686,
            -0.18347170745017563,
            -1.5920795694991514,
            -0.04666783533030575,
            1.241989076699654,
            -0.8387029430549147,
            -1.2391990784267974,
            -0.3346257554135991,
            -0.023553658879473704,
            -0.6195628122761757,
            0.9005994559464998,
            1.0075872695275088,
            1.5356877573305294,
            -0.8343108578775529,
            -0.9664938151328281,
            -1.216923918801712,
            1.052573897766234,
            1.2983742064885497,
            -0.36191901179007513,
            1.1738209702410198,
            0.5060761834604911,
            -0.5079380040779347,
            0.9674909161745807,
            -1.8364940339457583,
            -0.7698371870900848,
            0.7838944944493204,
            0.6888799414502063,
            -1.7019110258208208,
            0.20195316272499647,
            0.9076626755526805,
            0.5074235410070927,
            -1.187490962703441,
            -0.41636298669921645,
            -1.2116741206643107,
            -0.9025971692386764,
            1.3493341919476345,
            0.46451745628101054,
            -0.6614804194413125,
            -0.2299397280268993,
            -0.41062599943849654,
            -0.00046277032092073713,
            -0.24347166960072616,
            -0.8297051977082128,
            0.13170735946322693,
            -0.11080810217592962,
            -1.989826558857429,
            -0.046223985015227245,
            0.736663939254213,
            1.696315429942158,
            1.412239580777324,
            0.0365467825891356,
            -0.6549033608158249,
            -0.6256468853553746,
            -0.6983949200894285,
            -1.0686017303047919,
            -1.051435315051839
        ],
        [
            -0.3874260004567539,
            0.0,
            1.6338820021373195,
            0.12472654164467015,
            1.0135355801960586,
            0.07585275519802222,
            -0.2642524252279406,
            0.21565662822537027,
            -1.1122063127251116,
            -1.7058529311105743,
            -0.8038611317163339,
            -0.345752355570476,
            0.3039437295268186,
            -0.3957631017185371,
            -1.5942313700195037,
            -1.2462558556830827,
            -0.30955496291039514,
            -1.3901596473931304,
            -0.7288824453347806,
            1.3229659042673911,
            -1.326034724151731,
            1.4765641010090382,
            -0.2276760043046607,
            -1.8912050481665528,
            1.6172241409656676,
            -0.1365773587719824,
            0.060363341448477284,
            0.13383788360185356,
            -1.5515611099591784,
            -1.5948200089781712,
            0.6324365053572024,
            -0.3655530093294191,
            -0.4038402857895475,
            -0.09666042398896682,
            -0.7213927191096317,
            -0.7857300664440957,
            0.0370055198382932,
            1.47762592988887,
            0.31031845457740614,
            -0.49003051818202814,
            -0.4757453203599249,
            -1.6995663418678084,
            -0.07863128420257763,
            0.5305396818372516,
            -0.6600357302424734,
            0.047681713718523706,
            -0.6938363438982579,
            -1.319411934426421,
            -0.31266268800262725,
            -0.525141430534592,
            -1.234037509702611,
            0.1277200833034914,
            -1.0239643692367635,
            1.012604666906401,
            -0.49892558238313367,
            -1.0268073007319938,
            1.1629559971191321,
            0.9049565017278427,
            0.391713104742701,
            -1.7229388870885913,
            1.7536348892736766,
            -1.321127321480327,
            1.8858391052361405,
            0.9192715868199669
        ],
        [
            -2.268510183196895,
            1.6338820021373195,
            0.0,
            0.4490954284559299,
            0.506097677384018,
            0.47945339406943527,
            0.044397044487637705,
            -0.6537445866651072,
            -0.5294091035153571,
            -1.6127343487582946,
            1.6550532267257045,
            0.5648216826841098,
            -1.1527262718553426,
            -1.0396417845440713,
            -1.345698444952057,
            -0.8783953512982905,
            0.1123082444454939,
            0.5596517586756778,
            0.21061789060590227,
            0.9750489286951413,
            -1.0147262443963887,
            -1.0995557071661817,
            -0.4485965511766788,
            1.3435679430161893,
            1.197108366387583,
            -0.22452611894180088,
            0.1050074155916651,
            1.5979079897327968,
            0.1311657101229391,
            -0.2325195417729376,
            -0.6733501176718052,
            -0.011627412036601998,
            -1.2376924784376397,
            -0.6932445138532674,
            1.4531066257505816,
            -0.14710899313366185,
            -0.40075535445277566,
            1.3687421767198364,
            0.6550153794479209,
            1.2733239047200617,
            0.296568779694429,
            -1.7258104157176157,
            1.050087441255762,
            -0.09048331697023865,
            -0.6839586516165922,
            -1.3387887754582453,
            0.7501128008031303,
            0.658168047692572,
            1.649671134237115,
            -1.3355963035589993,
            0.9667122760318624,
            -0.0001519492499240903,
            1.165309484889531,
            0.16255839601201832,
            -0.7746169897621312,
            0.8096438448679302,
            -0.17812171491526577,
            -0.29322002245969137,
            0.2666662401829358,
            -0.4681456633393859,
            -0.6011023005327948,
            0.3844559215818563,
            -0.5982576562624483,
            -0.31094652390915883
        ],
        [
            0.8209914559843299,
            0.12472654164467015,
            0.4490954284559299,
            0.0,
            0.3458408647635609,
            -0.7240884170096633,
            -0.10620275811720709,
            0.3394885626544415,
            0.6667809117371961,
            -0.5398533079791598,
            2.0738252895183544,
            -1.5941234369225252,
            -0.8855791937249772,
            -0.7676266964944808,
            -1.0163762046218032,
            -1.493581126272153,
            1.2977952520291292,
            2.7261328698560066,
            -0.48387917827151333,
            -0.2436453433321026,
            2.3978119058544523,
            -0.003235271309276497,
            0.6302219116709503,
            0.4721583558197878,
            -0.13714720182840465,
            1.6362854043208366,
            -0.6818909851133701,
            0.5517892476214035,
            -0.25297147145220933,
            -0.842616145488181,
            -0.15830189381526097,
            -2.4731941416350858,
            -0.6418920642589183,
            -0.5575203237889735,
            -0.30650359866519034,
            -1.3572297480852151,
            -0.3959176412324069,
            -0.23914567661840827,
            0.551580202699545,
            -0.8641854993925927,
            0.8305544445368828,
            0.0370463400149956,
            -1.1176553764529098,
            -0.21691941799662218,
            -0.9514632949418549,
            0.6134748107280061,
            0.2427614592766124,
            -0.9477567620895992,
            -0.9853678550888008,
            -1.1354104778167473,
            0.8841500782609439,
            1.2310475124188984,
            -0.8441487305524289,
            -0.6757223787434288,
            -1.344648544947063,
            -0.9447589458595914,
            -0.34266063053531814,
            -0.3762467356586305,
            -0.8530776529276267,
            0.7929917927007333,
            -0.3802781387509596,
            -0.07216249639981631,
            -1.0498747009624245,
            -0.6658641501554481
        ],
        [
            0.7637583576450253,
            1.0135355801960586,
            0.506097677384018,
            0.3458408647635609,
            0.0,
            -1.1404289221817578,
            -0.8661677410060481,
            -0.5588120107959905,
            0.6469851347085002,
            -1.497903501415677,
            -0.8515798092691919,
            1.5447537028793437,
            -0.04314196697859544,
            -0.26861902487183525,
            -0.2749793951103292,
            -0.015975532207325865,
            0.8105591442411605,
            0.5138452080025497,
            -0.5977921900690193,
            0.2848802733573302,
            -0.5509692288905246,
            -0.5926592629139689,
            -0.42039110066989094,
            0.19539534205858572,
            0.665502601721222,
            1.2357040690638308,
            -1.8272546051750889,
            0.24943432469742133,
            -0.7618124403173906,
            -0.9916541284861838,
            -0.7580196287901471,
            1.555332151335104,
            -0.9123917571522162,
            1.4026256292302663,
            -0.14088759434846812,
            -0.2592828501588352,
            -0.7676910764377467,
            -1.0491091465827,
            1.3978975496460142,
            0.6200643039715442,
            0.8209614221367667,
            0.6409832107071379,
            0.590735645530796,
            0.1700577487226173,
            -0.3277098436371107,
            1.0307722813644247,
            -1.2230521305567297,
            0.09655595975354125,
            -1.1365502440213566,
            0.717598829531623,
            -0.9037609912214832,
            -0.626523905255588,
            0.6089555385833403,
            -1.260904215686933,
            -0.32136618527062333,
            0.13139366003976663,
            -2.0191873682698813,
            0.15290347037778182,
            0.653733081658577,
            0.4806532549660249,
            1.8353771712819025,
            0.4687079736847626,
            -0.3318938681612967,
            -0.9246039400824999
        ],
        [
            0.9047043549892397,
            0.07585275519802222,
            0.47945339406943527,
            -0.7240884170096633,
            -1.1404289221817578,
            0.0,
            2.0517529857582084,
            -0.5010158144957341,
            0.05270809963192777,
            0.3631855400236183,
            -1.4085259412795703,
            1.8015398163996883,
            0.9201835581193779,
            1.656647922821816,
            -0.41750422379430846,
            0.509397608919139,
            -0.47972409408690053,
            0.2634181633451441,
            0.7366643564665999,
            -0.5237705420146535,
            0.9639482413091837,
            0.08336423193251606,
            0.9298622243716554,
            1.2489371003794847,
            0.5267591580153217,
            -0.15350178138244058,
            -0.9179615885651117,
            -1.3023252552628475,
            -0.23199006955858986,
            -0.8018674661853744,
            -1.3107836612783887,
            -1.485315540196459,
            -2.219891460636477,
            -1.473197027421738,
            0.17988812741933854,
            -0.5590488829791602,
            -0.05021683668286222,
            0.1400638257348038,
            -1.1003118211307716,
            -0.6666622566302265,
            -0.015920920691440764,
            0.14539657350270835,
            -0.051907618707756106,
            -0.8976544238465206,
            0.0756288742772646,
            0.6730481157301078,
            0.08983689053068913,
            -1.522637145312433,
            0.564236097108895,
            -1.6972687460201077,
            -0.26252550454719253,
            1.7630036003211504,
            -0.32322718972251513,
            1.1823808100029407,
            -0.08604221745618819,
            -1.202465012801165,
            0.557283791862282,
            -1.3061638914838556,
            -0.26542582981468216,
            -0.3886396982506279,
            1.3528268232849656,
            0.4618110721637564,
            -1.8775215276072534,
            1.6754236669847782
        ],
        [
            0.3460386298856176,
            -0.2642524252279406,
            0.044397044487637705,
            -0.10620275811720709,
            -0.8661677410060481,
            2.0517529857582084,
            0.0,
            -0.075676711142025,
            0.81128468963312,
            0.9843164629250731,
            -0.22804833686760567,
            0.34679051817441514,
            -0.995490376583014,
            -2.1917056009099123,
            -0.23998291052949594,
            -0.9866332000255599,
            1.180410154239051,
            -0.7420064536747307,
            -0.9872863518553437,
            1.0376661889114305,
            -1.356942918454752,
            -0.5257333718036721,
            -0.7260030518525672,
            -0.3306848981052982,
            -1.1039257664264681,
            0.32026881887211345,
            -1.9772504103831605,
            0.21176317832042976,
            0.12815273695929064,
            1.0173907864344678,
            0.727198191647231,
            1.0525243906000785,
            0.2695527988816457,
            1.3351329549970885,
            -0.04958972545461451,
            -1.1252004006117675,
            -0.6408404566154017,
            -1.2139956524776416,
            0.21599867498646852,
            -0.008235407060408068,
            0.6697497104042278,
            0.7625111610395282,
            -1.0872173944241936,
            0.14550013334295117,
            0.2503801122766326,
            1.3378422962119025,
            -1.8360227530062978,
            -1.1665491580086809,
            -2.1921235979084646,
            -0.8063720428043978,
            0.5209867830719002,
            1.284949641614178,
            0.48323507934090026,
            -0.06914794056853084,
            0.7853325897594495,
            0.5830325900544082,
            -0.2887416107186916,
            0.11887108374272687,
            0.9949282350751423,
            0.318929030904329,
            0.21886630085869374,
            -1.2248257527152668,
            1.3665072824389557,
            1.1542771265079053
        ],
        [
            -0.3833967966275911,
            0.21565662822537027,
            -0.6537445866651072,
            0.3394885626544415,
            -0.5588120107959905,
            -0.5010158144957341,
            -0.075676711142025,
            0.0,
            -0.6960935078914239,
            0.027221144656513208,
            0.7539667996189842,
            0.8564113576198981,
            -1.8389400041380373,
            -0.2606770050727741,
            0.9491299721853951,
            -0.022272452562566103,
            2.002991746119508,
            -0.3498639356888134,
            -1.4608721958401232,
            -1.2187068696786492,
            -0.26043803449464903,
            0.44605811462767664,
            1.1257948772727873,
            -0.6341684924834424,
            -1.388502432323365,
            1.52939143510262,
            -0.9084296809672014,
            0.1016884015577394,
            0.5071663657239622,
            -0.5242331850060351,
            -0.9502703567225615,
            -0.5039333262183403,
            0.33372964770344943,
            -0.19029021012173888,
            -0.10935143949552661,
            1.1688930260804178,
            -0.9442639856252338,
            1.5216904954421293,
            0.976776904031388,
            0.6928295555770541,
            0.17463028125382296,
            0.6380119796609939,
            2.904487198525583,
            0.0200055740665977,
            1.1068198621524685,
            -0.06051082954099693,
            -0.32786353919581934,
            2.385310808868545,
            0.08961965072842669,
            2.0113975527010712,
            0.17835316113270971,
            -2.317128361519265,
            -0.2599442811431395,
            -0.9246259970374113,
            -0.6156934335692558,
            0.49247430344899534,
            1.1061854665823858,
            1.259365033873694,
            -1.300385947113987,
            0.6845357376131399,
            -0.7419036875583509,
            -0.5624417523594111,
            0.017176944066822276,
            0.8295060637031704
        ],
        [
            -0.43185087535926686,
            -1.1122063127251116,
            -0.5294091035153571,
            0.6667809117371961,
            0.6469851347085002,
            0.05270809963192777,
            0.81128468963312,
            -0.6960935078914239,
            0.0,
            1.9191544973362336,
            1.0080912388071381,
            -1.0966232123602488,
            -0.32590247086633406,
            0.5336167570562586,
            -1.483284446200365,
            -0.7116087722703612,
            -1.988494175348279,
            -0.8905512190826458,
            0.11434865566560803,
            0.9291141827931961,
            -0.6871340633516898,
            0.831285344571169,
            -1.9662903715628717,
            1.4538318108178698,
            -0.3137025068797235,
            -0.5775157144653772,
            0.9547846083415855,
            -1.8436947313915595,
            -0.3390386214788632,
            1.3622056521628572,
            0.3099799942431142,
            -1.3067241460066392,
            -0.25446349541982244,
            0.14168045530907306,
            -0.29078398124162463,
            -1.4987727606039927,
            -0.8700833001982972,
            1.0164099279803298,
            0.2929274728274207,
            0.6784928127775657,
            -1.3983117371287352,
            -0.3839842887031274,
            0.4286687307405431,
            1.4960996268951285,
            0.3870009141566828,
            -1.1566325255900434,
            -0.9646936091869555,
            -0.4119104900407939,
            -0.0985813398385607,
            1.0153581802208396,
            -0.2495207888178525,
            0.9381525383929112,
            -0.4075295502596134,
            2.267005061637873,
            -0.7112929214437412,
            -0.34653444518497994,
            -0.24028561683443153,
            -0.8984433886400133,
            -0.3764919161171289,
            -0.975051875185226,
            -0.6595688731881231,
            -1.971385113570277,
            0.6992429652043706,
            0.18426952696549587
        ],
        [
            -0.18347170745017563,
            -1.7058529311105743,
            -1.6127343487582946,
            -0.5398533079791598,
            -1.497903501415677,
            0.3631855400236183,
            0.9843164629250731,
            0.027221144656513208,
            1.9191544973362336,
            0.0,
            0.06425100064357646,
            -1.5520138443263904,
            1.6773622780856488,
            0.8290284871289454,
            0.7446425227655067,
            1.8394058064829193,
            -1.2264931754001556,
            1.883198609998633,
            3.0786659906320906,
            0.9792101259796608,
            -0.5707401126291132,
            -0.4229863651667199,
            0.06792685069141506,
            1.2797209223293986,
            2.2929769716794373,
            1.4862732227405584,
            -1.8000170806245848,
            2.1134014831807844,
            -0.2771989308767853,
            -2.3703196573564687,
            1.3594539212978352,
            -1.0355806698017582,
            -0.17961377108683066,
            -0.5599391278427216,
            -1.152204232514176,
            0.5631602546434765,
            -1.787561036693866,
            -0.27426587870168345,
            -0.9985050162698662,
            1.063862994645383,
            -0.11462065191517337,
            -2.075814866755742,
            -1.311071973617876,
            1.0953566123434602,
            -1.3339393368316905,
            0.12520028313849543,
            1.5804380359274177,
            -0.6294788755228612,
            -1.609748048771784,
            -2.0776087681413067,
            -0.0755623642301279,
            -0.39245114639177703,
            0.1733794522361183,
            -0.9286473354248678,
            0.1925819415532061,
            -0.4161696677545586,
            -0.9978987715054936,
            -1.074810762045746,
            0.9413910137363731,
            -0.9654505825459204,
            0.469991828023952,
            1.0737351217139883,
            -0.8760569093654139,
            0.3620368132758091
        ],
        [
            -1.5920795694991514,
            -0.8038611317163339,
            1.6550532267257045,
            2.0738252895183544,
            -0.8515798092691919,
            -1.4085259412795703,
            -0.22804833686760567,
            0.7539667996189842,
            1.0080912388071381,
            0.06425100064357646,
            0.0,
            0.0418282442996512,
            0.8223723883599799,
            1.7159670499506718,
            -0.8276929622150828,
            0.39487509276607907,
            1.8882415141101145,
            -0.7403085063488339,
            0.031782373624104514,
            -1.5451452117595486,
            0.5550402305407998,
            -0.5751876569550235,
            -0.16626544945138108,
            1.5151395418300184,
            0.04031071179259949,
            -0.5259925084885293,
            -1.1725612724928747,
            0.138889306315463,
            -0.3127857284332721,
            1.7476495044884564,
            -2.0445362081265817,
            -0.5171523131746953,
            0.3715003366506766,
            1.2397909737656265,
            2.397872576636968,
            -0.6821741753301184,
            -0.7631623565769265,
            1.5615640106291704,
            1.0184891529846016,
            -0.8438723808670254,
            -0.8004243831360711,
            -0.4314516072730546,
            0.908274496172545,
            -0.1058523827904224,
            -0.5566899863740732,
            -2.1552129441267307,
            1.591566456916491,
            0.21616496822145348,
            -1.9737055471863818,
            0.27636417604269536,
            -1.516514809527399,
            -0.4320260257363705,
            0.5890985372551253,
            0.17558212239766322,
            -0.44319790135403353,
            0.3936659267937909,
            0.1265315978398881,
            0.4547043367787083,
            -1.4476493053676847,
            -0.19123877858439534,
            1.2978413745723647,
            -0.2097708629775035,
            -2.3522083881819853,
            -0.1314298676369947
        ],
        [
            -0.04666783533030575,
            -0.345752355570476,
            0.5648216826841098,
            -1.5941234369225252,
            1.5447537028793437,
            1.8015398163996883,
            0.34679051817441514,
            0.8564113576198981,
            -1.0966232123602488,
            -1.5520138443263904,
            0.0418282442996512,
            0.0,
            -2.6803554193268027,
            -0.04166149036406135,
            -0.8542787596434878,
            1.1915871351624403,
            0.5513568691836451,
            -0.8141891852958363,
            -0.582059536433019,
            -1.989786603647443,
            -1.6566045901465867,
            -1.812309463649838,
            -0.2692545477528621,
            -1.9490370127980554,
            -0.379903011966104,
            1.4772484376598827,
            -0.4092576691613448,
            0.23122639685395788,
            -1.7308235031918946,
            -0.12770228642836745,
            -0.3333194304405067,
            -2.3970411760384476,
            -1.1344076009336832,
            1.7859145870812825,
            -0.8458413417897281,
            -0.8537950664600802,
            0.3532153812325985,
            0.12602510900148506,
            -0.4297307308008925,
            0.04066875703605261,
            -0.3844122517997043,
            -0.06229485194224216,
            0.7582035311013064,
            1.1089772249391243,
            -0.7233019733786841,
            0.8850735560892934,
            0.3917142683127914,
            1.3482995457131333,
            -0.15499240807330478,
            1.3129920068518617,
            0.20133288882142195,
            -1.1128283186475016,
            1.9773027658972595,
            -1.862126896049451,
            0.46961373971248604,
            -0.9334095894560905,
            0.12190038322677113,
            0.6765160155321397,
            0.9847477630227953,
            -0.4709317893985126,
            -0.11441236822142488,
            0.49945487472264144,
            0.02118451340121836,
            -0.3417002424947257
        ],
        [
            1.241989076699654,
            0.3039437295268186,
            -1.1527262718553426,
            -0.8855791937249772,
            -0.04314196697859544,
            0.9201835581193779,
            -0.995490376583014,
            -1.8389400041380373,
            -0.32590247086633406,
            1.6773622780856488,
            0.8223723883599799,
            -2.6803554193268027,
            0.0,
            -1.0909756891227227,
            0.4825660403197057,
            -0.7042166889167296,
            1.452188260082922,
            1.0697290902021848,
            -0.6818448630511114,
            2.1347771788423224,
            -1.645006227217124,
            -0.5536850520689488,
            -0.7020899841244927,
            0.4073415036322455,
            0.2609058102983683,
            -0.07692594167469638,
            -0.984591159642811,
            -0.25286834618622944,
            0.02845207834413686,
            2.033134244842433,
            0.48867186677885316,
            0.4491556658020615,
            -0.11223290446455991,
            -1.4131905832400633,
            1.3500070498053007,
            0.9776973155389893,
            -1.195173402909814,
            0.44795294794091145,
            -0.9622847586947199,
            0.9390277830524787,
            -0.5009296475295558,
            -1.2751675965041251,
            1.1791222192434576,
            1.1276054738207586,
            0.21032391251168997,
            -0.6745275793071233,
            0.8814999423230582,
            -0.23118670981594797,
            1.8485928719355116,
            -0.06583304881861524,
            -0.25172750471659333,
            -0.44820513126624506,
            0.626641190202731,
            1.3248584801277912,
            0.10665866033881424,
            1.1164756556500726,
            -0.332989174221232,
            -0.334288417725035,
            0.4233367035251702,
            0.8124149521155289,
            -2.829650377429988,
            -1.3747915790121699,
            0.41356129995930435,
            0.825844427857856
        ],
        [
            -0.8387029430549147,
            -0.3957631017185371,
            -1.0396417845440713,
            -0.7676266964944808,
            -0.26861902487183525,
            1.656647922821816,
            -2.1917056009099123,
            -0.2606770050727741,
            0.5336167570562586,
            0.8290284871289454,
            1.7159670499506718,
            -0.04166149036406135,
            -1.0909756891227227,
            0.0,
            0.41035529709127344,
            -1.1498485501067308,
            1.4235358520972645,
            -0.1204341944145021,
            -2.309756944395203,
            -1.1259314731679648,
            -0.45091255100990596,
            -0.01667191137836806,
            -1.0080157252312336,
            0.3924183189996744,
            0.6428232953652155,
            -0.08422140442219843,
            0.22089867659119095,
            -0.1901414248898507,
            -0.11494346247256511,
            -0.3126269845353766,
            -0.7202814254072316,
            -1.0742430853307465,
            -0.382956037274362,
            0.8040033026647729,
            0.9675016035757116,
            -1.2500803631939015,
            0.9539356399725688,
            -0.13293252772292383,
            -0.6992369657145411,
            -0.2693701800248516,
            0.5618988582470834,
            -0.5083752844261941,
            1.866026379256212,
            0.7414577697725001,
            -0.5976907569304923,
            1.3553082706494863,
            -2.273135454541309,
            0.06556432238423589,
            0.7161755954974516,
            0.43631489322577105,
            0.22504527920314377,
            0.5009554305770485,
            -0.9768913841480156,
            1.0562333691909565,
            -0.7178012973602833,
            1.944792462209079,
            -0.4965920672447667,
            1.2204128036783815,
            -0.12306855944131649,
            -0.5409243387407505,
            1.383866139762938,
            -0.3036061692300992,
            0.33944082714660273,
            0.6845307443922396
        ],
        [
            -1.2391990784267974,
            -1.5942313700195037,
            -1.345698444952057,
            -1.0163762046218032,
            -0.2749793951103292,
            -0.41750422379430846,
            -0.23998291052949594,
            0.9491299721853951,
            -1.483284446200365,
            0.7446425227655067,
            -0.8276929622150828,
            -0.8542787596434878,
            0.4825660403197057,
            0.41035529709127344,
            0.0,
            0.6750068552902609,
            1.5063898646522451,
            0.5835154695545789,
            -1.221171913361147,
            -0.011011588229163378,
            0.8477008896909495,
            0.7102905176029903,
            0.057709474473419536,
            -1.5352607480516725,
            1.3900944533168529,
            0.017295870201162574,
            -2.1009713943503674,
            -0.37592705323482783,
            1.0012378976116232,
            -0.7783527855805724,
            -0.18660580125139883,
            -0.3465158483813043,
            -0.26016613497775487,
            -0.8283498937306707,
            0.0830104401196262,
            0.1457045425739027,
            0.3268961559881973,
            -0.34399892619642,
            -1.6402241895849083,
            1.5172368422907174,
            -1.0129146479160467,
            0.18493528185989927,
            0.8934190211880139,
            1.5465178237133543,
            -0.02944416770664874,
            -0.7465658655755326,
            0.7887451120945258,
            -2.770473869878555,
            0.9774247737202489,
            0.8372710326853267,
            -1.0110023496839304,
            1.2772097069757693,
            -0.9275157955914619,
            -0.14869497546067184,
            -1.3205738463143157,
            -0.7822530848793244,
            -1.0609690992133936,
            -0.6203987182130041,
            0.7326563141086238,
            0.15013948709942862,
            -0.3366334908544521,
            0.9843919859289568,
            0.37121258385310446,
            -0.06396902508541265
        ],
        [
            -0.3346257554135991,
            -1.2462558556830827,
            -0.8783953512982905,
            -1.493581126272153,
            -0.015975532207325865,
            0.509397608919139,
            -0.9866332000255599,
            -0.022272452562566103,
            -0.7116087722703612,
            1.8394058064829193,
            0.39487509276607907,
            1.1915871351624403,
            -0.7042166889167296,
            -1.1498485501067308,
            0.6750068552902609,
            0.0,
            -0.3850387464878504,
            0.0931229961466613,
            -0.3735567663961794,
            0.9649366774740887,
            0.28432794513970333,
            -0.03705394953187307,
            -1.215457911492218,
            -0.26861432941035696,
            -1.8629633231465894,
            0.13118956681472255,
            -0.21937008191358967,
            -0.9114323602176961,
            0.7414335723047405,
            0.32293238517043843,
            -0.808476278591927,
            1.6401359557846706,
            -0.6807519398120394,
            -0.7068417622893332,
            0.24239443683910933,
            -3.008966280912991,
            2.341864874829067,
            -0.027376728248610545,
            -0.7846347573007998,
            1.1451252716840001,
            -0.2072819120305394,
            -1.3690582150990223,
            -1.4604192598811674,
            -1.2168438723143673,
            1.8657511384102876,
            0.461693434994656,
            1.3658194993563533,
            -2.125015565688739,
            -2.222081436121411,
            -0.6132398641572812,
            -0.5725799956049686,
            0.08199370335233229,
            -0.7389205635914748,
            0.5214675839500775,
            -2.4608832229515283,
            -1.069385382180684,
            -0.3100712437096325,
            0.14448225945489074,
            0.2871551821214815,
            -0.24566148615648492,
            -1.3113725719263578,
            -0.5642041113309049,
            1.2533663216572901,
            -0.48122799823015305
        ],
        [
            -0.023553658879473704,
            -0.30955496291039514,
            0.1123082444454939,
            1.2977952520291292,
            0.8105591442411605,
            -0.47972409408690053,
            1.180410154239051,
            2.002991746119508,
            -1.988494175348279,
            -1.2264931754001556,
            1.8882415141101145,
            0.5513568691836451,
            1.452188260082922,
            1.4235358520972645,
            1.5063898646522451,
            -0.3850387464878504,
            0.0,
            0.04667045265684775,
            -1.1995998738572133,
            1.4640080543659262,
            3.045982352308771,
            -0.19839838336397378,
            -1.248006684890089,
            0.17498858092655903,
            0.5099968646506061,
            0.5088871059511236,
            -1.282829343885149,
            1.202503598123035,
            0.1111918748235803,
            -1.0141396701996521,
            -0.5622390230801185,
            -0.5866585810348195,
            -1.293222387754592,
            -1.5533838838952077,
            -1.0125683831777557,
            -1.2537455956562353,
            0.6118517558153997,
            -0.1911895480197557,
            0.9966678885796643,
            -0.5253685098537881,
            0.5956496986577111,
            0.9051003913765436,
            -0.950035189972933,
            -0.9580791785673011,
            1.0842555031113799,
            0.629497982555743,
            -0.5448517419377583,
            0.7248826047140555,
            -1.5498550779560751,
            -0.3704159142781469,
            -1.2592151856079183,
            3.0086873827279446,
            -0.7602698209738021,
            0.2238276722579946,
            0.36595268338541614,
            -0.08562357720647254,
            1.26097349524155,
            -0.14843495413787633,
            -1.2025311394741007,
            -0.8739815776284867,
            -0.6609268196525125,
            1.843751685333291,
            0.5673992513943744,
            0.05320069324413864
        ],
        [
            -0.6195628122761757,
            -1.3901596473931304,
            0.5596517586756778,
            2.7261328698560066,
            0.5138452080025497,
            0.2634181633451441,
            -0.7420064536747307,
            -0.3498639356888134,
            -0.8905512190826458,
            1.883198609998633,
            -0.7403085063488339,
            -0.8141891852958363,
            1.0697290902021848,
            -0.1204341944145021,
            0.5835154695545789,
            0.0931229961466613,
            0.04667045265684775,
            0.0,
            0.839475582533509,
            -1.477072570370555,
            0.2007471660688911,
            -1.165960516933473,
            0.8503613740069664,
            0.7636166381658195,
            -0.3680391611298797,
            0.4065676473058087,
            -0.1880120136609655,
            -0.20538249198705616,
            -1.0409250511853287,
            -1.7549494992128238,
            -0.775029895689968,
            -3.157890111284233,
            0.29631321157501284,
            0.15449125578469297,
            -0.7007383198851719,
            1.796861730035463,
            1.2970441771134311,
            0.11467508896898153,
            -0.05413988213938598,
            -0.39379940363272303,
            -0.6588329303746309,
            1.1016549363839094,
            0.6171821262273619,
            0.661129028526964,
            0.4345226929853779,
            -0.7291266142435577,
            -0.23730645949411242,
            -0.10443571786732801,
            -2.3219250660172674,
            -0.35776297733928736,
            -1.2865993608124215,
            -0.4103945624211813,
            0.5612203696714477,
            1.4968619434320871,
            0.03287256253257987,
            -1.234026190297733,
            0.7096032596731716,
            -0.5020662331599246,
            -0.30111354632495124,
            -0.03049964369735244,
            -2.5931896235432843,
            -0.7482502644834657,
            -0.04799511293982307,
            0.5334635567412207
        ],
        [
            0.9005994559464998,
            -0.7288824453347806,
            0.21061789060590227,
            -0.48387917827151333,
