{
    "N": 64,
    "id": "407952d2-27d4-4820-9d72-991c97acff53",
    "problem_type": "SK Spin-Glass",
    "distribution": "gaussian",
    "spins": [
        1,
        -1,
        1,
        1,
        1,
        -1,
        -1,
        1,
        1,
        1,
        1,
        -1,
        -1,
        1,
        -1,
        1,
        -1,
        1,
        1,
        1,
        1,
        -1,
        1,
        -1,
        1,
        -1,
        -1,
        -1,
        -1,
        -1,
        -1,
        1,
        -1,
        -1,
        -1,
        -1,
        -1,
        -1,
        -1,
        1,
        1,
        -1,
        -1,
        -1,
        1,
        1,
        1,
        -1,
        1,
        -1,
        -1,
        -1,
        -1,
        1,
        1,
        -1,
        1,
        1,
        1,
        1,
        1,
        -1,
        -1,
        1
    ],
    "couplings": [
        [
            0.0,
            0.427704463399377,
            -0.34718658323462026,
            0.2675420817180122,
            -0.45852281628831565,
            1.8559102525756228,
            -0.6845820089953173,
            -0.8707777334927977,
            -1.1161038464042712,
            -0.24233776681665165,
            0.8977437469523379,
            -0.23630317622794575,
            1.2210168343751857,
            -0.28803784827301143,
            -1.424814087747591,
            -2.0058348347350274,
            0.6478966730448865,
            -0.5494303524174595,
            -1.1697956932288178,
            -0.45535525666827653,
            0.1749515767396561,
            -0.40739513694069457,
            0.19409173113591116,
            -1.5351512406343135,
            -1.1923559048504857,
            -0.669141283113711,
            0.003988349452956378,
            0.2172465722338218,
            -0.3817316581127466,
            -1.474355923794698,
            0.2870598944910551,
            -0.4263936900022583,
            0.3574919296441035,
            1.0824881965152484,
            -0.977081157028334,
            1.1276838156862354,
            -0.9337532210826519,
            -0.3694541605202968,
            0.5623477742639663,
            1.198975472465175,
            0.42814975435348457,
            0.017410828696144933,
            -0.5825004991499138,
            -0.8379633473510952,
            0.3624438371178936,
            1.6031488584444904,
            0.3357395613698771,
            -0.025254887240536577,
            0.32897593175152884,
            1.373700283964186,
            0.023238617418898926,
            0.5711636294422867,
            0.5457615478124476,
            0.10452804858792018,
            0.6479243135577477,
            0.874380517136873,
            1.6102083639351656,
            0.5731016134521116,
            -0.1543315867566338,
            -1.189828360621345,
            -1.0030473825584145,
            -0.36757916994211565,
            0.17934589777469018,
            -0.00902437344088983
        ],
        [
            0.427704463399377,
            0.0,
            -1.1137278239427424,
            -0.19887160729367406,
            0.5392023612167816,
            0.14574435501158933,
            0.4734370495586868,
            -1.4774873669755029,
            0.9245542987383342,
            -1.1799793986415066,
            -0.5222604763779705,
            0.4445589774847911,
            0.8780511456257482,
            -0.48009667512215315,
            1.4347703590709942,
            -0.9177172769258742,
            0.40602037786317197,
            1.0864177418582466,
            0.6395983562545433,
            -0.4014374328870988,
            0.9239106655982274,
            1.129150759891006,
            -1.735030830183344,
            -1.210130600754804,
            0.2886692760208276,
            -0.2189586931058093,
            0.7531029521067869,
            -0.24116785487883347,
            -0.2753016302118358,
            -0.7528562738361363,
            -0.21277652235774025,
            0.07075965305630448,
            0.9782472758115,
            1.5044161559256617,
            0.12572130823201064,
            1.2915646658571687,
            -1.8568047263781426,
            0.5416736666600224,
            -0.45922104431159416,
            0.06234652445437618,
            -0.13492208259721503,
            3.163202829317195,
            1.2806229759410956,
            -0.41916965518384336,
            0.3401230070689236,
            0.1811991358206962,
            0.2941927636576601,
            0.8099512450897692,
            0.7410298467581268,
            2.140349155820653,
            -0.2633316675441158,
            1.2760927850723311,
            -0.02897265264741665,
            0.8742984935531688,
            -0.7786423703632626,
            0.1800857881532176,
            2.0628618745620044,
            -0.615365955632975,
            0.851004211124829,
            -1.0839852706499333,
            -0.09766827353573625,
            1.5202850929647522,
            -0.603795447548878,
            0.6735056890577721
        ],
        [
            -0.34718658323462026,
            -1.1137278239427424,
            0.0,
            -0.4333213078090305,
            0.5766330804884915,
            0.3739240621915033,
            -0.4131105030908507,
            -0.00793893078415411,
            -0.4008837228211725,
            2.024406723432044,
            -0.05133231831059692,
            -0.9170307895838311,
            -1.943821881008053,
            1.138867424173616,
            0.7635842967119275,
            -1.4367652481550146,
            -0.46213305142428207,
            1.3307800937990637,
            -0.9268542763285063,
            0.06860330987620042,
            -0.37473628276713283,
            -0.11377305077339883,
            0.32428677976563947,
            -0.3219516054142109,
            0.8872025399003323,
            -1.6514730962223394,
            0.28316427528310933,
            0.40815226609911665,
            -0.030763788844261404,
            0.7966736657546899,
            -2.445892126094708,
            0.455969048580347,
            -0.21052212281975072,
            0.22488979880290116,
            -0.06567741982572643,
            -1.7079230890290216,
            -0.6560798292971896,
            -1.8736012104980784,
            -0.4020660115950379,
            0.11199876199798835,
            0.44426064400714943,
            1.2304687896974198,
            -0.5743094318879098,
            -0.4998950554343902,
            0.12306681504918213,
            -1.3361748519818977,
            0.3727263498550608,
            2.2093630744413577,
            -0.036382873825962926,
            -1.5014180475786412,
            1.4321873481806877,
            -1.134894014485607,
            -2.862187688445067,
            0.7435672966555346,
            -2.0456820630205312,
            0.1602686347474688,
            1.1850037750173301,
            -0.00022367436278907833,
            -0.42940417673212383,
            -0.9954785665719106,
            0.9934673539163116,
            -0.4949654501970084,
            1.2065505339337956,
            0.19869464012813057
        ],
        [
            0.2675420817180122,
            -0.19887160729367406,
            -0.4333213078090305,
            0.0,
            -0.39103969515265996,
            -1.665331072196094,
            0.32145896269552,
            0.7112609106527914,
            0.625208243029956,
            -0.1930698598394115,
            1.0552149656389076,
            -1.04338845402046,
            -1.660507346569897,
            -0.8421545862852314,
            -1.1274874409827902,
            -0.22371620687706817,
            0.32557898264258234,
            0.17033905673888244,
            0.6919693732372454,
            -1.0897770661048893,
            0.5044318312498464,
            -0.24726252327943657,
            0.22869568593045184,
            -1.136843260566223,
            -1.8892001127933904,
            2.060368773821503,
            -0.05591837286962577,
            -0.44990869342659884,
            -0.9600639007893731,
            -0.6440893009831379,
            -0.7415333261902413,
            -0.7679934067518008,
            0.1793648786799107,
            -0.08402824123458505,
            -0.09366003325964892,
            -0.3908469091482741,
            0.18825125106407015,
            -1.4639828048565535,
            -0.1690028308479442,
            1.4465124409061703,
            -0.39745953752210944,
            0.25106750289804786,
            -0.45370995573302697,
            2.03390442359412,
            2.141763990961383,
            -0.36152534367557615,
            -0.8802172681458738,
            -0.10185867929810656,
            -0.16058874104725684,
            0.6995421138800467,
            -0.9429860015100507,
            -0.9252974191456369,
            -1.0156167669200478,
            -0.4600355787153101,
            -0.26984235443168264,
            -0.2743300090773321,
            -0.673666249988534,
            0.20616874225911166,
            0.15844660788142026,
            0.58775646902955,
            0.4992614416503686,
            2.1290531316085723,
            1.9890405515000353,
            0.7490641345493283
        ],
        [
            -0.45852281628831565,
            0.5392023612167816,
            0.5766330804884915,
            -0.39103969515265996,
            0.0,
            -0.08158946024020741,
            0.07601924344209328,
            -0.8507494740448264,
            1.5622281495014232,
            1.3473276586819671,
            -0.7837475311537835,
            0.708313822335072,
            1.4153467124203223,
            0.44842253217397887,
            -0.15647348231652844,
            0.7590763255473372,
            1.5637448982696505,
            1.0993053490343412,
            0.33549381121602245,
            1.2861719832918945,
            -0.5151968955905478,
            -0.23807635694490492,
            0.7016723110373924,
            1.6389653676816796,
            0.30581185162445407,
            0.11619662954510131,
            0.14310983062285224,
            -0.5467973071580284,
            0.6642684310317355,
            0.3051096157798661,
            1.1938435171139092,
            0.5034762392517134,
            1.1164048560310713,
            -0.2452931708796102,
            -0.5817516140652516,
            1.4036418226445087,
            1.0966228482844678,
            0.20069217425242017,
            -0.362410769097354,
            0.19519296577719708,
            1.2744571832371347,
            -0.3688867402002736,
            -0.1660647020260502,
            0.6806929641042827,
            0.1374164876866849,
            -0.3180675606067679,
            0.9905775642887097,
            1.800626407746055,
            -0.635301870271091,
            -0.5066806597482708,
            -0.38255060655305756,
            -0.6222590767420317,
            0.58466194937945,
            0.20325206243300561,
            -1.3819717128395217,
            0.37963825647984206,
            -1.1587900679629546,
            -0.9496455231237122,
            -0.7236352583927053,
            -0.06942321486899715,
            -0.4801293883209135,
            1.8641975974474607,
            0.11834658165445039,
            -1.4099420071826387
        ],
        [
            1.8559102525756228,
            0.14574435501158933,
            0.3739240621915033,
            -1.665331072196094,
            -0.08158946024020741,
            0.0,
            -0.39872076681406776,
            0.9308735105408387,
            2.0459739144787226,
            -0.6780011755590176,
            -0.5811875207618611,
            -0.7481567171026043,
            0.6827625276668712,
            0.3720354748305308,
            -0.5132077085381964,
            1.1228456573238643,
            -1.3562535145852401,
            1.3052471089044875,
            2.3698813949151623,
            -0.3503536673978136,
            -0.3695570416888916,
            -1.116048868597988,
            -2.4575824163441586,
            -1.6462947509476429,
            -0.267500489351421,
            0.8002862557401806,
            -0.06989814059362277,
            -0.9316118447526015,
            1.2327148600747793,
            -0.3597603976947725,
            -0.8815627908319894,
            -0.36945088198966264,
            0.8445715988573564,
            -1.0320035646759915,
            0.47875549099548836,
            1.2546231675683366,
            -0.5999003852946865,
            -0.5816754871020162,
            -0.020160233853744703,
            0.5527107350288133,
            0.49222576316171457,
            -2.271723480533687,
            -1.3436700995134054,
            -0.7511198077252097,
            1.8386679152074226,
            0.5737443767335955,
            1.6352072176688053,
            1.9895683038600371,
            0.26590782487268294,
            -0.9323075157079299,
            -1.1370011562717721,
            -1.5314746127463075,
            -0.04130361900178642,
            -1.2049524185474536,
            -0.9054542772421215,
            0.4275310115436096,
            0.7631384694095529,
            -1.0747994700318935,
            -0.7165353850182765,
            -1.4048588099226806,
            1.584392588609987,
            0.8251186801161545,
            -1.7089599640826754,
            -0.08987650889083627
        ],
        [
            -0.6845820089953173,
            0.4734370495586868,
            -0.4131105030908507,
            0.32145896269552,
            0.07601924344209328,
            -0.39872076681406776,
            0.0,
            -1.092109464222278,
            -0.2840456517796075,
            1.544968571734184,
            0.16035586320813838,
            0.8680300611964521,
            0.9525181589653947,
            0.007141889094060508,
            0.891575271950156,
            1.1578530614952447,
            0.47294618556015355,
            0.5309212876533196,
            0.33958432456765003,
            1.1104119670309431,
            -0.3069307337006627,
            -0.5252735853525528,
            0.7786459953940483,
            -0.07173815227903474,
            -0.05309652715003013,
            0.5574659823597933,
            -0.4160648329306499,
            1.8072492044213584,
            -2.034768994427942,
            -1.144817244123815,
            0.0017749081531215729,
            -1.1497483666500976,
            0.6963493376308767,
            1.1579035264871997,
            -0.47035098123011937,
            -0.3459337689877726,
            -1.777184146856247,
            -2.8735957711307005,
            -0.750175312976663,
            -1.0239021207705086,
            -0.5786347204775021,
            0.42860483133183325,
            -1.2456643733409456,
            0.5230751871809384,
            -0.7418911223198135,
            1.0387601955943804,
            0.27742651582391725,
            -0.36180463587855277,
            0.47883366291963236,
            -1.4472245863059674,
            -0.8464892942949159,
            -0.44607772045368826,
            0.5505313230868109,
            0.6998397163607264,
            0.6477523056293679,
            0.8104683438531151,
            0.46649315553033605,
            0.7538445996075951,
            -1.5581395566920706,
            -0.6387196179207633,
            -0.17821450689928073,
            -0.1854314465314425,
            -0.07467207348216084,
            0.3687799131394903
        ],
        [
            -0.8707777334927977,
            -1.4774873669755029,
            -0.00793893078415411,
            0.7112609106527914,
            -0.8507494740448264,
            0.9308735105408387,
            -1.092109464222278,
            0.0,
            -0.605625870637427,
            -0.26495695894364213,
            -0.8468567478549885,
            0.033269930200606916,
            -1.6110407751929214,
            1.705730181322672,
            -1.6115829909988797,
            0.4011048549194829,
            0.08586814906109051,
            1.221992300789253,
            0.1164344921663778,
            -1.229320603585844,
            -1.5026609694709763,
            0.5352658144517146,
            -1.443842798316637,
            1.1842264527758632,
            0.9731460897142739,
            -0.00014892404423822784,
            -1.2440720242168275,
            0.4865805883288125,
            1.7615802775531462,
            0.682745771581934,
            0.9876812827015518,
            1.44285063470161,
            -1.19761706125785,
            -1.0729356305054119,
            1.944492448586516,
            0.8305870150311209,
            -0.09695880284078606,
            1.2022190586332004,
            -1.5221516703210798,
            0.7872878051512183,
            -0.15795676942779552,
            1.3552658677291323,
            -0.428769205205276,
            1.0990810891499059,
            -0.618626025701881,
            -0.23687545064264928,
            0.9761289059797564,
            0.04150228134299547,
            1.0527257668300691,
            0.9558243434487362,
            -1.4852104910759936,
            -2.0121778837371997,
            -0.2312249566363667,
            0.528373563578795,
            0.04325429407474257,
            0.34194662097405726,
            0.8136115951980477,
            -0.36194650329725,
            1.3442119175332006,
            0.03986438730981731,
            0.43410970876291494,
            -0.3411774017860823,
            0.15633532441894665,
            0.603171072833211
        ],
        [
            -1.1161038464042712,
            0.9245542987383342,
            -0.4008837228211725,
            0.625208243029956,
            1.5622281495014232,
            2.0459739144787226,
            -0.2840456517796075,
            -0.605625870637427,
            0.0,
            0.9508064372808709,
            -1.4035717140955384,
            1.0161031748971812,
            -0.8495634246873023,
            -0.04288248080238725,
            1.5853189723895293,
            -1.0054049453489968,
            0.6831027770048023,
            -1.2934719629868778,
            -0.09454787494870497,
            -0.17544516386570363,
            0.4069282049927742,
            0.4943824398688049,
            -1.4566282666871893,
            -0.009745656488606336,
            -1.2404244581269783,
            -1.2339281866681904,
            1.0629594179735244,
            0.35725176586795,
            -0.41066447805697737,
            -0.1889307473803991,
            0.496015872264113,
            -2.259377423238356,
            -0.6593032544932258,
            -0.07660908360873343,
            -0.25029057930997933,
            0.551484293677767,
            -1.7394414722943288,
            -1.265580264396854,
            1.82407521448412,
            1.0194510965843069,
            0.07655267060480524,
            -0.2784284431558863,
            0.19547966781816775,
            0.9029781377905507,
            -0.16128068153383526,
            -1.500428635074313,
            -0.05370848232502631,
            0.09654110738013673,
            -0.058701368636968565,
            1.2113032388704743,
            -0.575213405888889,
            1.5450911639018887,
            -1.8588065229022737,
            -0.9649450901699999,
            -0.3855960108361949,
            1.7530113608221332,
            -1.5202053791674937,
            0.9451430138131837,
            1.342654122613502,
            -0.6146779487701053,
            1.496699791589809,
            -2.417447969574755,
            -0.8923746436456497,
            0.5443203275387163
        ],
        [
            -0.24233776681665165,
            -1.1799793986415066,
            2.024406723432044,
            -0.1930698598394115,
            1.3473276586819671,
            -0.6780011755590176,
            1.544968571734184,
            -0.26495695894364213,
            0.9508064372808709,
            0.0,
            1.0694351882654483,
            -0.4622171568229959,
            -0.34508925424787257,
            0.06276375133460359,
            -0.7142923447317467,
            1.1102958939666234,
            -0.006858694711308443,
            0.3386350263732847,
            -0.6562342295659382,
            -1.0107856436025295,
            0.4006805565098474,
            1.3033003348764438,
            -2.5215801689304,
            1.014592847272423,
            0.7505343301029104,
            0.8244131189574836,
            1.4179230229067024,
            -0.20311604978563563,
            0.9931801076569609,
            -0.7751706004626973,
            -1.1281275625420604,
            -0.5680764887774792,
            1.5921817770340496,
            -0.5448600497271228,
            0.8202927346338815,
            0.6574866785459806,
            -0.1469291385677668,
            0.04524589292363778,
            1.5417555267664231,
            -1.500432554334868,
            1.1880873175489859,
            -0.06717068629811238,
            1.3970448637192083,
            1.1707944390985,
            0.43036857477719614,
            0.12455963329120845,
            -0.08433185635304948,
            0.3372676053958739,
            0.9881881684220655,
            0.2376075671439982,
            1.5090446419824701,
            0.2392627844201423,
            -0.8192329660778259,
            0.22718561861066594,
            0.5007611841611659,
            -1.1753039359988289,
            1.2823659080956102,
            -0.7558777881760202,
            1.057773412307084,
            1.7486612296396764,
            -1.066457422366311,
            -0.17858309604086747,
            0.9659298254320329,
            -0.6245992926298135
        ],
        [
            0.8977437469523379,
            -0.5222604763779705,
            -0.05133231831059692,
            1.0552149656389076,
            -0.7837475311537835,
            -0.5811875207618611,
            0.16035586320813838,
            -0.8468567478549885,
            -1.4035717140955384,
            1.0694351882654483,
            0.0,
            0.11751797049223436,
            -0.6131133737351195,
            -0.0841590898854337,
            -0.1668408709431705,
            -0.546474011141152,
            0.6529047383684405,
            -0.12956010316072758,
            -0.3706429597819434,
            0.2444141254104364,
            -0.2269953568331443,
            -1.1155066347366176,
            0.19479033221097983,
            -0.9260496026256256,
            -0.7360643721705699,
            0.14667359211663644,
            -1.264544658921775,
            -0.4627523928271161,
            0.5744136840348448,
            -2.3073399975379334,
            -0.7676721127624201,
            -0.4042332925325198,
            0.14414236522236107,
            -0.5570722413035236,
            0.003999163301735666,
            -0.21895234718344772,
            -0.037846948212932524,
            0.5058583733318285,
            0.5709430756736368,
            1.3112140735676456,
            1.1315355906925673,
            0.5534107302440081,
            -0.8523960425801234,
            0.9720749667282315,
            -0.7532641718111184,
            0.16981672155343436,
            -0.32238667626858786,
            -0.20479119383713545,
            -0.7860188898567518,
            -0.03405952976667989,
            -1.1957678483292289,
            -0.26044917851923666,
            -0.2737888275667343,
            1.2449882305397095,
            -0.6672431435395939,
            0.37745482080665577,
            0.05287624623132926,
            -0.6826386464424741,
            -0.6495810653956609,
            -0.6848434115827053,
            -0.7415063088378394,
            1.442211026291711,
            -0.08734861516883718,
            0.0027116730007001612
        ],
        [
            -0.23630317622794575,
            0.4445589774847911,
            -0.9170307895838311,
            -1.04338845402046,
            0.708313822335072,
            -0.7481567171026043,
            0.8680300611964521,
            0.033269930200606916,
            1.0161031748971812,
            -0.4622171568229959,
            0.11751797049223436,
            0.0,
            0.12353720420593393,
            0.7158721257616024,
            1.7943249384070863,
            1.1310590832115326,
            -0.4457528027266655,
            1.718766895732739,
            -0.6973806740304898,
            1.6080447770174504,
            -0.42229458069172393,
            0.5676697540670976,
            1.6039535072383357,
            1.310640228751929,
            0.08797427375509607,
            0.4469034800844014,
            0.30375484422164173,
            1.1770313364734957,
            -0.3831103719850224,
            -0.5740767646529156,
            0.6349736476937221,
            -0.26399429565449933,
            0.2450179923791222,
            -0.2375910585302443,
            -1.6521869920563534,
            -0.8547679810140866,
            -1.1550614774179986,
            -0.2714552876948518,
            0.21155216328932247,
            1.3950695130772925,
            -2.5204047116032755,
            0.22956532616338932,
            0.06367773688209256,
            1.5207724492351924,
            -0.2003572181383527,
            -0.5907162213865982,
            0.7591602440730141,
            1.0469092595043732,
            -0.6004524649391796,
            0.10131918118933683,
            0.905974564516434,
            0.49594066118269126,
            0.1776779884279598,
            1.1415184517958088,
            1.3757681518176932,
            1.4628513170777102,
            0.7122135623266798,
            2.016669372963856,
            1.232306173610613,
            0.5389752124703747,
            -1.0036150899748597,
            -0.9094064132286209,
            1.1383515674567806,
            -2.202009104643564
        ],
        [
            1.2210168343751857,
            0.8780511456257482,
            -1.943821881008053,
            -1.660507346569897,
            1.4153467124203223,
            0.6827625276668712,
            0.9525181589653947,
            -1.6110407751929214,
            -0.8495634246873023,
            -0.34508925424787257,
            -0.6131133737351195,
            0.12353720420593393,
            0.0,
            1.4296787862365912,
            -2.2599152884642066,
            0.2690913538892092,
            0.652788442570153,
            1.0739433902832907,
            -0.6185079162236342,
            -1.1251374788218664,
            -0.5169623076948074,
            -0.30629518498025,
            0.9725313425217079,
            -0.9437906579388522,
            0.22125936190126175,
            1.0684286806432974,
            0.246700476668377,
            0.6923871549330894,
            1.1655014604906397,
            0.7248611416284582,
            0.16116136285076235,
            0.1046232542776373,
            0.38432344522188416,
            0.3787107711753715,
            -1.3369912549248992,
            1.837489791721019,
            1.031554251907618,
            0.5188815896465148,
            1.2385108044178672,
            0.32319750094034827,
            -0.1824917503673385,
            -0.5211620009846634,
            0.2951439006023518,
            0.47465002354171676,
            -1.2912728041870492,
            0.4025741621950675,
            0.25075690629183617,
            -1.282738682280867,
            0.13329596393098297,
            0.47900969340014676,
            1.0089346623015063,
            -1.3961310173658394,
            0.6779305661432223,
            0.8570835364515647,
            0.46104851512874867,
            -0.35797838712049174,
            -0.5109193594671562,
            -1.0390033391073206,
            -0.4153600232206035,
            0.23606962733829306,
            1.7051018662945447,
            2.3080668727010303,
            1.8603415170998963,
            -0.430022497743838
        ],
        [
            -0.28803784827301143,
            -0.48009667512215315,
            1.138867424173616,
            -0.8421545862852314,
            0.44842253217397887,
            0.3720354748305308,
            0.007141889094060508,
            1.705730181322672,
            -0.04288248080238725,
            0.06276375133460359,
            -0.0841590898854337,
            0.7158721257616024,
            1.4296787862365912,
            0.0,
            -2.209700825949765,
            -0.9240765617994373,
            -0.8443408923992909,
            -2.109665571036291,
            1.3475058558671553,
            0.6773245280924491,
            -1.1115249497429118,
            -1.7949568977586157,
            -0.49616147308717684,
            -1.24971351969906,
            0.5014797115803493,
            0.40343880655438624,
            -0.228142494310234,
            -0.38598579055464505,
            -0.3631805268265017,
            -0.4424728105191776,
            -0.9606150907022171,
            0.6292637854892137,
            -0.8422233321203911,
            -1.0861771203684523,
            1.0787758264822682,
            -1.704468956903383,
            -0.6768111542246142,
            0.8566646002152397,
            0.5122363528570116,
            0.3219901608717429,
            0.9572582951683647,
            -0.6764648300249155,
            0.8982230290216843,
            1.770469510704077,
            -0.17745167701211015,
            -1.160847912219084,
            -0.0647713334869663,
            0.19045636546098174,
            -0.9826903395087724,
            0.38769534443162657,
            -2.678281181504527,
            -1.4138224201943759,
            -0.683595656837688,
            0.12832050726317026,
            0.11273105021637486,
            -0.7061014575528616,
            1.5703003125440607,
            -1.400211145556952,
            -0.6876180976162388,
            1.3694294120163133,
            -1.0770968747596605,
            0.02594404763051904,
            0.3855466193247914,
            0.6406214479120551
        ],
        [
            -1.424814087747591,
            1.4347703590709942,
            0.7635842967119275,
            -1.1274874409827902,
            -0.15647348231652844,
            -0.5132077085381964,
            0.891575271950156,
            -1.6115829909988797,
            1.5853189723895293,
            -0.7142923447317467,
            -0.1668408709431705,
            1.7943249384070863,
            -2.2599152884642066,
            -2.209700825949765,
            0.0,
            0.22703581791343574,
            -0.6572481433788657,
            0.49088226693033826,
            -1.4013533369393807,
            -0.04869694037767724,
            0.3239466194705425,
            0.6127143250405824,
            -0.2193679122996155,
            1.366572733845642,
            -1.0567225352090328,
            -0.37458116060290925,
            0.9836074094356745,
            0.4001053103860833,
            -0.8450316595784854,
            -2.918383478351873,
            1.4345758347878537,
            -2.1803650553038647,
            1.2983037506990203,
            1.8950830891533164,
            -0.44593665484501827,
            0.6957553681387912,
            -0.006667250996641053,
            0.8613372478123957,
            0.8919876974621114,
            1.9534138462881625,
            0.015744165272260906,
            1.2122126121994474,
            0.37455551126715836,
            0.8857212712193075,
            -0.30958680710061315,
            0.7243793833691463,
            -0.008525145516810313,
            1.7609345952613447,
            -0.1998479885216616,
            0.2411722619555038,
            -0.1699576656500895,
            -0.5347669437313501,
            -0.8105787033020487,
            -1.3375605663859909,
            1.0207542694484562,
            -0.14856451489118394,
            -0.324051562353459,
            0.7373268482475852,
            -0.0806304525217652,
            -0.21043284659711034,
            -0.38954704689874137,
            -0.821211328480258,
            1.5471126483372895,
            -0.048269191961605985
        ],
        [
            -2.0058348347350274,
            -0.9177172769258742,
            -1.4367652481550146,
            -0.22371620687706817,
            0.7590763255473372,
            1.1228456573238643,
            1.1578530614952447,
            0.4011048549194829,
            -1.0054049453489968,
            1.1102958939666234,
            -0.546474011141152,
            1.1310590832115326,
            0.2690913538892092,
            -0.9240765617994373,
            0.22703581791343574,
            0.0,
            -1.2750428755757741,
            0.3262987365605957,
            0.4709176005179401,
            -0.30160730250564616,
            1.5848760920302285,
            -0.31620040695574486,
            1.112405077146211,
            -0.5159262704127904,
            -0.27052368370861307,
            -0.002281370713603797,
            0.9840087762883376,
            -0.8544840800724529,
            0.9670156840572667,
            0.0537776024543327,
            0.3341056639843692,
            -0.16688952904902435,
            -0.3689021940292607,
            -1.571466049368229,
            -1.2005084228991898,
            2.2923645521991736,
            0.03605099465294676,
            -2.8541223322835236,
            -0.4326579052417113,
            -0.18116719626179972,
            0.5582696547916158,
            -0.15397911745874815,
            0.36251401360892216,
            -1.196333993232476,
            0.4805092803781366,
            -0.25626349927404035,
            -0.34486071689633646,
            -1.6175103542247762,
            -0.3431197511428461,
            -0.23723383143806703,
            0.09471342087526576,
            1.287720731963849,
            0.7071986493803634,
            1.2279432668304415,
            0.6767908236454783,
            0.13722568864721768,
            -0.8453731905412621,
            -0.8357591501483285,
            0.9115066760213268,
            1.1705335040987896,
            0.4067584826909875,
            -0.43091447033937835,
            1.2589058528254211,
            -0.1891144898506886
        ],
        [
            0.6478966730448865,
            0.40602037786317197,
            -0.46213305142428207,
            0.32557898264258234,
            1.5637448982696505,
            -1.3562535145852401,
            0.47294618556015355,
            0.08586814906109051,
            0.6831027770048023,
            -0.006858694711308443,
            0.6529047383684405,
            -0.4457528027266655,
            0.652788442570153,
            -0.8443408923992909,
            -0.6572481433788657,
            -1.2750428755757741,
            0.0,
            -0.6656593600904215,
            -0.9323837300927466,
            -0.42237839109340347,
            2.000831645879905,
            0.11980754103284338,
            0.629685773054102,
            2.4907865111308656,
            -0.2760506857340256,
            1.653257500765525,
            -0.33623962587838097,
            -0.7100386877926361,
            -0.017987277811344005,
            -0.1065767972015268,
            0.06553604257359344,
            -0.26441768761140955,
            -0.11472146014483124,
            -0.2851816047740142,
            1.4370955549434459,
            -1.4303233823329655,
            -1.0353145118624827,
            2.212754018061406,
            0.2119994082378577,
            -0.3939825679488574,
            -1.3741199001716042,
            -0.2988094225224341,
            0.7612244973902407,
            -0.9780661683973196,
            -2.013642242566015,
            1.4753423331118372,
            1.134033524587002,
            -0.313958994588282,
            0.6246402704903666,
            0.5084902667500931,
            -0.41358586219491894,
            -1.3509972260399057,
            0.8015568480038402,
            -2.3476862417279394,
            -0.33767907211701403,
            1.0749116285013487,
            0.5277496604820776,
            -0.0668032070343584,
            1.2027802324806631,
            0.8830385172701928,
            0.24364017368881202,
            2.2209914235359185,
            -0.7202551313684956,
            0.4977846921973017
        ],
        [
            -0.5494303524174595,
            1.0864177418582466,
            1.3307800937990637,
            0.17033905673888244,
            1.0993053490343412,
            1.3052471089044875,
            0.5309212876533196,
            1.221992300789253,
            -1.2934719629868778,
            0.3386350263732847,
            -0.12956010316072758,
            1.718766895732739,
            1.0739433902832907,
            -2.109665571036291,
            0.49088226693033826,
            0.3262987365605957,
            -0.6656593600904215,
            0.0,
            -1.6467443975446097,
            0.20818918788374235,
            0.33605077007921114,
            1.6351255123498685,
            1.3643402339608022,
            -0.27018439034359915,
            -0.012178927686251397,
            -0.7353660406510043,
            -0.7046803168156331,
            0.22429645033650905,
            1.6460199078193865,
            -0.4486995221027732,
            -2.380402096446013,
            1.2489062010632075,
            0.3550860915892856,
            1.3865279219533375,
            0.8310936069855046,
            0.38905951207129164,
            0.44323208109368534,
            0.012285339383527404,
            -0.3958079706877069,
            1.2965931270487503,
            -0.40704648110654795,
            1.2494725588132873,
            -0.9103614653079625,
            -0.1560473353596919,
            -0.019894006759235455,
            -0.7366126632158501,
            1.2358910250741648,
            -0.3423770687521327,
            0.4912573736358761,
            -0.37898410007699984,
            0.21183218301486287,
            1.2573966730712132,
            -1.3856054785518408,
            -2.0491070239560774,
            0.42381056642367565,
            -0.4132203314538342,
            -0.7743209085836469,
            -0.6848095947407632,
            1.0111713600067818,
            0.31020563620330416,
            -0.018373396085091635,
            -0.8025179991650051,
            0.5787119515525799,
            -0.3755130791683009
        ],
        [
            -1.1697956932288178,
            0.6395983562545433,
            -0.9268542763285063,
            0.6919693732372454,
