{
    "N": 64,
    "id": "642aff2b-f6c7-4e77-b6f0-c74465f2c9ca",
    "problem_type": "SK Spin-Glass",
    "distribution": "gaussian",
    "spins": [
        1,
        -1,
        -1,
        -1,
        1,
        1,
        1,
        -1,
        -1,
        -1,
        -1,
        1,
        1,
        -1,
        1,
        1,
        1,
        -1,
        1,
        -1,
        1,
        1,
        1,
        1,
        -1,
        -1,
        1,
        -1,
        1,
        -1,
        -1,
        1,
        1,
        1,
        -1,
        -1,
        -1,
        1,
        -1,
        1,
        -1,
        1,
        1,
        1,
        -1,
        -1,
        -1,
        -1,
        -1,
        1,
        1,
        1,
        1,
        1,
        -1,
        1,
        1,
        -1,
        -1,
        1,
        -1,
        -1,
        1,
        1
    ],
    "couplings": [
        [
            0.0,
            -0.20635951741096953,
            0.33698408383414113,
            -1.5629356124474598,
            -0.7910460025564936,
            0.7275930981874216,
            0.30587291664414695,
            -2.429781162120186,
            -1.2829812593768355,
            0.39757199920305175,
            0.5221918384576557,
            0.29273063283220674,
            0.9654157115205843,
            1.7007224322545424,
            0.1389412225335124,
            1.3074527997373977,
            2.311053477665642,
            -2.6082685858904675,
            -0.05893709285692724,
            0.12152806952961993,
            0.6476347620513192,
            1.008797165806534,
            -0.16969646327339336,
            -1.2135268747269734,
            1.7769559872423364,
            -0.19182943070850203,
            1.5517704727365549,
            0.7485689582065971,
            0.741205845853584,
            -1.5669319707912968,
            -0.6479548060855258,
            -0.2275835410109028,
            2.140247941438091,
            0.8764052986644597,
            -0.8356934767268314,
            -0.3895306535590076,
            0.4811762168123985,
            -0.5474673016426369,
            0.5859594731652188,
            -0.06251812927497485,
            -0.2558997468532778,
            -0.4345275671076135,
            1.0868247352558815,
            0.08189817295911049,
            0.9176013117942449,
            -0.30062437324185565,
            -1.4243009782830716,
            -0.7527899235604393,
            -0.3889173538639545,
            0.247109803026522,
            2.3902488833413322,
            -0.2101080096138096,
            0.34843145276339293,
            0.39610935213077303,
            0.709496993234122,
            -0.1966028193049507,
            -0.7474942466653866,
            -0.7744221963900332,
            -0.5387205164450442,
            -0.09725590164243668,
            -0.5600528679253775,
            0.0895788527567603,
            -1.7357371089799607,
            -0.24408898438752089
        ],
        [
            -0.20635951741096953,
            0.0,
            -0.3926054762314921,
            -0.8647126850290038,
            -1.3202935549793346,
            0.284157018497847,
            -0.3950474699873391,
            -1.1018043293480826,
            -1.6425366770194552,
            -0.6289793043195712,
            -1.7942273053115825,
            -0.04900851226150695,
            0.5849978921967969,
            -0.46957853243675407,
            -2.1725310848504993,
            0.15455196375602565,
            1.0795766219764467,
            -1.3300115418932221,
            0.4865802745622246,
            0.34249198943343856,
            1.1952490692922402,
            -0.002486452544807731,
            -0.36125800528273005,
            -0.9907060632097274,
            -0.3346613016343038,
            0.746063180533291,
            -1.8500290166594378,
            0.641637809429261,
            0.05462259500382699,
            0.3926916096177913,
            1.4173468044203343,
            -0.707754827174328,
            -1.2422408067507178,
            0.7531466157028975,
            0.962172760451295,
            -0.5846207954023466,
            -0.12483448656120068,
            0.7506812456087327,
            0.7276649314126951,
            0.23492231502050245,
            -0.8293437015778339,
            -1.0999797675230325,
            0.9907664297192647,
            -0.12477571867013618,
            0.5649433336793335,
            1.3957456367027539,
            0.9106933467045968,
            1.0176173157320205,
            0.6273322145911083,
            -0.7729410606501622,
            0.20763091098284636,
            0.14925210297501287,
            1.0460646000146887,
            0.420113756948171,
            -1.564307282768876,
            1.583984229668349,
            0.8141916528527072,
            0.8883928047254931,
            -0.09642422949231436,
            -0.29337816514856974,
            0.3435726485405475,
            -0.8812495563997728,
            0.060836051996866335,
            -0.2891614007952197
        ],
        [
            0.33698408383414113,
            -0.3926054762314921,
            0.0,
            -0.4110829191537329,
            0.6531013033228555,
            -0.46853617265969183,
            0.5519957628792744,
            -0.4780486952510485,
            2.517125452774689,
            -0.18937508322770663,
            -0.04198614478510312,
            0.46918969304838026,
            0.07335400740644515,
            1.0297217887615877,
            1.0270908062463706,
            -1.1281193112190262,
            1.0532431903430475,
            0.716264911273121,
            0.5304633439578208,
            0.8253131366468,
            1.331840039749925,
            -0.4671090508479428,
            -0.061341279468569994,
            1.3388778256255884,
            -1.4121745769615903,
            -1.195833879782853,
            -1.5417898207181755,
            -0.032819073114369865,
            0.06575237526298615,
            0.09053197887590832,
            0.18953516856585934,
            -0.08101714159556325,
            0.609768539621069,
            -0.0415714897537657,
            1.1725538523744272,
            -2.797330739924616,
            -3.0186440362311306,
            -2.4250081365857925,
            -0.5446087056402019,
            -1.1845534432076457,
            0.04393847150956583,
            -0.26342451404759964,
            -0.9227750851570881,
            1.0762525388495467,
            0.5606333470839735,
            0.8094369969988996,
            -0.2708964394121689,
            -0.3358604677351566,
            0.6178931292620692,
            -0.9505816641485655,
            1.0632468542326374,
            1.1399894923605116,
            1.8198004489975692,
            0.4072634563601899,
            -0.7481117384881989,
            -1.141790952373257,
            -0.49480104387043605,
            -0.5306177257751455,
            -0.7442092053315078,
            1.5084111672066787,
            2.113203179533829,
            -1.176415129556058,
            0.1059786985664004,
            1.5573452652305064
        ],
        [
            -1.5629356124474598,
            -0.8647126850290038,
            -0.4110829191537329,
            0.0,
            1.0828977690276989,
            -1.3107672496745413,
            -1.2687374542393874,
            -0.3230418210427503,
            -0.25567996402979204,
            -0.7483887608409189,
            0.8435539562439308,
            -1.7206081840554426,
            -1.5523103873949395,
            1.1647683056420803,
            -1.2537257711658534,
            -1.0957656041269763,
            0.9626800145822187,
            -0.006996560524213017,
            -0.8748554807817646,
            -0.07570600967667976,
            1.5705498495238184,
            -0.0837401917290609,
            0.2348842968512703,
            0.7318631292187365,
            0.9074990697377247,
            -0.970637979793724,
            1.3063738393671749,
            0.8893139737123467,
            0.4696148730017395,
            -0.2908810372798528,
            0.42454410099920115,
            0.27138034932253796,
            0.9048904773404258,
            -0.8401060646430603,
            0.8094802148322393,
            -0.589127927819258,
            -0.5295960407899636,
            -0.6531147421682141,
            1.108833347392748,
            1.8003746270889458,
            1.0998760274620323,
            0.0635252984343414,
            -0.4521098483043558,
            1.0186056289556888,
            -0.39374707851523727,
            1.3625177969564548,
            -0.03824491791972086,
            -0.5385549937871552,
            -0.41126887301844367,
            1.6689746420903802,
            0.45370273686378504,
            0.9904498738300326,
            0.1251933443759313,
            0.6377962616388652,
            -0.8512196706357784,
            0.1375820903517178,
            0.22275078813839208,
            1.8319560834085826,
            -0.09824538374509886,
            0.8521340743459405,
            0.5939352273848851,
            0.021557137557254476,
            0.5503542399604938,
            1.9829056597593107
        ],
        [
            -0.7910460025564936,
            -1.3202935549793346,
            0.6531013033228555,
            1.0828977690276989,
            0.0,
            -1.2914719176057594,
            2.498038324225208,
            0.5231245707646957,
            -0.6665419354458194,
            0.7629728940088606,
            1.7045016902764545,
            -0.9683791483458002,
            0.4037316727373399,
            0.8333445356326351,
            0.47897627993684183,
            1.6253548863879366,
            -0.008240880401148907,
            -0.913538656899178,
            0.18301340297028196,
            0.4640095494341328,
            0.5849233439195533,
            0.23772465418108277,
            0.49778163867789815,
            -0.2792003156166854,
            -0.2186392357608949,
            1.522995468481475,
            0.7580753983731605,
            -0.48883744535816986,
            1.2060961688186842,
            1.7181880731086845,
            1.5385634385521358,
            0.35986524021667227,
            -0.3298001170364567,
            1.932021591382768,
            -0.013891090940967408,
            -0.3877151648939195,
            -0.8974051788057872,
            0.8941519855788772,
            -2.6288978297113985,
            0.10209087484217862,
            0.11545727544773977,
            1.295694331265826,
            -1.3968713664786805,
            0.23642206643205915,
            1.7309344223872611,
            -0.2823189326067026,
            0.7845954526981918,
            -2.1557090488164934,
            -0.027062614909287346,
            -1.2666386519922226,
            -0.7947669945257233,
            1.1379279160578013,
            1.8960228058503874,
            0.36215879630946546,
            -1.0658117696215563,
            0.48391280126893255,
            -0.23787937288610497,
            -0.26455405913254165,
            -0.9725406987710977,
            -0.24197104917886675,
            1.3079370199425577,
            0.8614488287068155,
            0.8912466890689582,
            -0.2047356786759143
        ],
        [
            0.7275930981874216,
            0.284157018497847,
            -0.46853617265969183,
            -1.3107672496745413,
            -1.2914719176057594,
            0.0,
            1.0235179646744117,
            1.4524226692178497,
            0.4226884887154583,
            0.30149575505153925,
            -1.1104961266381308,
            -0.7422445908186031,
            1.543544732218975,
            1.9071389444538598,
            0.18836641398412934,
            0.8347210670943658,
            -0.3303299477696099,
            0.8132441011007916,
            0.7282254233521741,
            0.7439297776364392,
            0.2295796987994416,
            1.6680764575669138,
            1.0867307831055555,
            0.5096266704463741,
            -0.14376398085284864,
            0.042699514576369856,
            -2.4991840952340945,
            -0.4227347688984998,
            0.23115106933959267,
            -1.9756849670658663,
            0.14144059105812595,
            0.7129926502878143,
            -0.29043914674854393,
            0.8541557083639527,
            -0.5848191578266209,
            -0.9599850760612724,
            -0.15917095391102834,
            -0.28735916367371567,
            -0.030795841961036515,
            0.4732352280769027,
            -0.7099193758465804,
            -1.1279764534999859,
            0.639375564095499,
            -0.011030980416476665,
            -0.5362525233990072,
            0.16304291677295277,
            -0.03143521708098522,
            0.23456759589024812,
            -0.1156055747183686,
            0.4811827405867421,
            -0.34371343437083346,
            0.25716983727317766,
            -0.5098492389604848,
            -1.7098073810252945,
            1.0638560666249062,
            -0.6516493997473609,
            -0.5101682083133481,
            0.045544690536018215,
            -1.4738529242856462,
            0.008614457985130542,
            0.22375371919346704,
            -0.08212958383679839,
            0.6956449670707128,
            0.9859079900151416
        ],
        [
            0.30587291664414695,
            -0.3950474699873391,
            0.5519957628792744,
            -1.2687374542393874,
            2.498038324225208,
            1.0235179646744117,
            0.0,
            -0.5275229739816883,
            0.6518219022114143,
            -0.36073255725466163,
            0.14312093042185484,
            1.666696036122273,
            -0.2528703067373016,
            1.0980822550792508,
            0.176417411559144,
            -0.6195294001353,
            1.7799283049090677,
            0.32589723977450796,
            -0.22210166727800523,
            0.5878882140118513,
            -0.9958166213539267,
            0.16027717618162787,
            1.1342064602705126,
            1.121158156765456,
            0.8757998412932563,
            -0.9737790831605161,
            0.1166459684722914,
            0.45580772333234126,
            -0.2605235804139429,
            -0.8862372025034201,
            0.784363645334505,
            0.07816710178502616,
            -0.19794027658197202,
            -0.4478421261036936,
            1.4103109053613183,
            0.29770600876186,
            -0.7695701988406451,
            0.993108933629473,
            0.5965970883123718,
            1.3171795107155297,
            0.26313155077311695,
            0.15902883704449217,
            -0.8205835615039296,
            0.8895188253208506,
            -0.6154744211505501,
            -1.1062336466215932,
            -1.0410402952124094,
            0.2057418573709993,
            -0.7458462794543379,
            1.0732836636059289,
            -1.4056457031129495,
            -1.416217517074043,
            0.43006161772793855,
            0.16277072516404836,
            2.5340994172565114,
            -0.6828546957624486,
            1.0318567314913485,
            -1.0983852945499097,
            0.5241788633668517,
            0.27447923934165097,
            0.2806092909795131,
            1.0367754517813685,
            -1.567399836493809,
            -0.45928725478637195
        ],
        [
            -2.429781162120186,
            -1.1018043293480826,
            -0.4780486952510485,
            -0.3230418210427503,
            0.5231245707646957,
            1.4524226692178497,
            -0.5275229739816883,
            0.0,
            0.6319451055629398,
            0.32507665462444774,
            -1.5421025344135046,
            -0.5608836040312042,
            -0.52843131129479,
            0.1106523717486754,
            -0.13943493779145502,
            -0.22237112188046249,
            -1.6490262248083543,
            -0.0012236472348500392,
            -0.33658748550442996,
            -1.2638501488923763,
            -0.046962922087688166,
            -3.1721011027201063,
            2.0092500021353823,
            -0.08500054532877352,
            -0.399863116464021,
            -0.44860863561749775,
            -0.03929542374297527,
            0.36220755290620604,
            -1.3977105372007834,
            1.0898652444853538,
            1.3579854885288845,
            -1.841049726518116,
            0.15016844677237604,
            -0.3893400624146444,
            0.28473785320512707,
            0.7523385892129423,
            0.10876193432917378,
            0.5547896435695976,
            0.271411092517321,
            0.5221293923059891,
            -1.1659593815536318,
            -0.18072486684343328,
            0.6991126077522292,
            0.4802376187478841,
            -0.27855868164488,
            -0.11388895818732118,
            -0.5348256890452243,
            -0.425390041019276,
            0.9948126492627224,
            0.3020199524081153,
            -1.735986698063036,
            0.10171146452425395,
            1.1892089755055963,
            0.8282983911671741,
            0.6890139019294618,
            0.46808318392411613,
            -0.15665597199870424,
            1.5167070810714647,
            0.26957284950259897,
            0.6997451172998641,
            -0.21148933356199742,
            -0.4704235846426907,
            0.7102633157842082,
            1.758624538801138
        ],
        [
            -1.2829812593768355,
            -1.6425366770194552,
            2.517125452774689,
            -0.25567996402979204,
            -0.6665419354458194,
            0.4226884887154583,
            0.6518219022114143,
            0.6319451055629398,
            0.0,
            -0.9509865609873589,
            0.6271612706635495,
            0.49268247653269104,
            -0.7314405871800156,
            0.8088239807760618,
            0.44873435995550415,
            0.9894288823348271,
            -0.4855525818910564,
            -0.8875797859629687,
            -0.6793306438823349,
            -1.495976361870503,
            -1.3693408880778417,
            -1.1120982105526374,
            -0.3464638597464763,
            -0.029788292843572553,
            0.3957924066756116,
            0.05306023906397095,
            -0.4285402534424837,
            0.6278729525611827,
            -0.8917485630599558,
            0.49113106831852243,
            -0.20083597219864455,
            0.11024817103810221,
            -0.6307247265938478,
            -2.0293773331684273,
            -0.03731645304537691,
            0.44702141779509036,
            -1.6576877879184198,
            -1.4505247402629986,
            -0.07860263291257374,
            1.0752536036100935,
            1.0241141976209258,
            0.6832801655692583,
            0.48714298622326474,
            0.252278206108098,
            0.4252761039388853,
            0.657768716973157,
            2.0639322527913184,
            0.6711183181666545,
            0.5744302515161652,
            0.20368029570365792,
            0.4271313428525223,
            -1.432567168718802,
            -2.1201255296980657,
            -0.10337644650713995,
            -0.061726215316153014,
            1.3951249625233344,
            -0.9330833157785666,
            0.6306436883014611,
            -0.08249778949505947,
            -0.500580103684888,
            -0.4374341696897989,
            -0.0007503487172679504,
            -0.49938426655409024,
            -0.5688350496630442
        ],
        [
            0.39757199920305175,
            -0.6289793043195712,
            -0.18937508322770663,
            -0.7483887608409189,
            0.7629728940088606,
            0.30149575505153925,
            -0.36073255725466163,
            0.32507665462444774,
            -0.9509865609873589,
            0.0,
            -0.8361350649875815,
            1.5238352489376397,
            0.5482294848445424,
            1.3408828293804247,
            0.7094345970469955,
            -0.3973578555103079,
            -1.3512824688491323,
            0.6348857436902745,
            -0.0776977857174515,
            0.3911769928210918,
            -2.027797385683686,
            -1.329354074960635,
            0.13816136748889174,
            -0.4223550854878349,
            -0.2824051912271663,
            -1.0996880993549696,
            -1.0017730282682713,
            -1.2416548432191692,
            0.5205984498661523,
            -0.23489209196971386,
            -1.4081786581010627,
            1.496664516153419,
            -0.22959916676199077,
            -2.14458090066902,
            0.23110373983430252,
            -1.1680370322355018,
            0.5651164232786053,
            1.788197316455338,
            1.2550159840206125,
            -0.3473668942551784,
            1.0685020191463568,
            -1.168294358375384,
            0.7539859788602326,
            0.26169055884265013,
            0.556332454499221,
            -0.5874495962860462,
            -0.7916742144950154,
            1.0321468985243698,
            1.327613064644574,
            1.427586308830901,
            -1.203351500993702,
            0.34606820464964,
            2.1204995335682844,
            -1.2164905486947248,
            -1.6461392318477628,
            -0.6419988538685222,
            0.5887089781042943,
            0.3234342540926878,
            -0.7944768050908428,
            1.1515233370356452,
            0.8477661996855471,
            0.6699479943582676,
            0.16496415696311853,
            -0.03504181165082931
        ],
        [
            0.5221918384576557,
            -1.7942273053115825,
            -0.04198614478510312,
            0.8435539562439308,
            1.7045016902764545,
            -1.1104961266381308,
            0.14312093042185484,
            -1.5421025344135046,
            0.6271612706635495,
            -0.8361350649875815,
            0.0,
            -0.702187559891917,
            -1.5493210667143733,
            0.8371658231039987,
            0.32767070057517556,
            1.3955792767789632,
            0.1653573444231925,
            0.8284805353350587,
            -0.5677149475594881,
            0.13674950904294214,
            1.1058237685047358,
            2.710323007027652,
            -0.5206119957001145,
            -1.5727182126430033,
            -1.0316633020542165,
            0.17316787737532424,
            -0.5082454057863018,
            -0.3446659799532629,
            -0.14855214546797216,
            -0.8245648690859727,
            -1.3464785435354036,
            -0.14569121130112705,
            1.320911099771422,
            1.5630529562587172,
            1.67783857049698,
            -1.982486984481532,
            0.5709453226921707,
            -0.5175862322770118,
            0.5790947498381815,
            -0.44504053968442414,
            0.7048905614302737,
            -1.1407667257676493,
            0.5560510850587701,
            -1.3169698995192258,
            -0.9778927678831341,
            -0.359278064651672,
            0.3821624401773789,
            0.6259135311570914,
            1.3283470321708366,
            1.6595071869473847,
            -0.4254187305752913,
            -0.2622624094927753,
            1.5132294638177413,
            0.7866907665062433,
            -0.9893136139274155,
            0.12666316113604792,
            -0.9120041550181189,
            0.808747463245052,
            1.8381124052255018,
            -0.11112687438685433,
            -0.03795419243769175,
            -0.0145519456850316,
            0.8678840997781269,
            1.7465646361630505
        ],
        [
            0.29273063283220674,
            -0.04900851226150695,
            0.46918969304838026,
            -1.7206081840554426,
            -0.9683791483458002,
            -0.7422445908186031,
            1.666696036122273,
            -0.5608836040312042,
            0.49268247653269104,
            1.5238352489376397,
            -0.702187559891917,
            0.0,
            -0.30985053639315346,
            0.8924859405208919,
            0.6954507767804556,
            -0.2781881835083343,
            -0.5064040116662175,
            0.2532421983364328,
            0.24330438055165501,
            -0.31194901339072695,
            -0.31681776180831983,
            -0.4072399482428158,
            -1.3204600886391513,
            -1.2085756179007734,
            0.7338934109520693,
            1.962006490354422,
            -0.9719972387623037,
            -2.1979912706916873,
            0.5098281196446832,
            0.09270278408241389,
            -0.98490667799493,
            0.5031685454403306,
            -2.4296006611607277,
            -1.9416083091266934,
            0.04777410575374119,
            -0.7416370325438258,
            0.943956197837436,
            -0.14137225718224783,
            0.2449990446157225,
            -0.0818562202505287,
            1.727863394775193,
            -0.12134164718369238,
            -1.9279370893202739,
            -1.0969399952271257,
            -0.062450521298852826,
            0.5300260340760541,
            0.35181834094365805,
            0.3204718790576594,
            -0.1625761761251369,
            0.9657475041068562,
            -0.32184873144125975,
            0.3367352599648154,
            -1.1311470576877773,
            -0.02915671539418142,
            0.23976725614034136,
            -0.1603045372411467,
            0.9396831270901589,
            0.08358455898645427,
            0.6498120516996861,
            -0.3594508087652333,
            -1.068504250335715,
            0.42588932748287606,
            -1.1562042208042496,
            1.9174082198271551
        ],
        [
            0.9654157115205843,
            0.5849978921967969,
            0.07335400740644515,
            -1.5523103873949395,
            0.4037316727373399,
            1.543544732218975,
            -0.2528703067373016,
            -0.52843131129479,
            -0.7314405871800156,
            0.5482294848445424,
            -1.5493210667143733,
            -0.30985053639315346,
            0.0,
            -0.21958703902038276,
            -1.437775699760147,
            -0.16858133861163002,
            0.34028404323862566,
            -0.8437160435688843,
            -0.47541038208699293,
            -0.11397887143125582,
            -0.8206512154267875,
            -0.1430428147881574,
            -0.726903238038747,
            -0.29794114176376524,
            -0.8472685092284764,
            -2.6509295881658086,
            2.0104374854221514,
            0.18474737535412994,
            1.3875753612519888,
            0.8534062868500927,
            1.5252747893897705,
            1.332204207669125,
            -1.37763645080196,
            1.0309901400982786,
            -0.9782128258478046,
            0.2754374378199184,
            -0.8927266946796355,
            -0.4334405938759866,
            -0.53469387827852,
            1.5688751118177477,
            1.1023142528495173,
            1.6191118006487577,
            0.9337609206846581,
            0.8893343609625259,
            0.6990535295406176,
            -0.0615055727464179,
            -0.4643015302531727,
            0.3975361260331699,
            1.5640806069621491,
            -0.15544830776560553,
            0.8201459863539013,
            0.35950765820356545,
            -1.0740403095403313,
            0.8977663749484636,
            -0.23346963281777092,
            0.4999952139597561,
            -0.5109931116119506,
            0.1979312428924326,
            0.5850049472490626,
            -0.5486610464550749,
            0.9998656818118669,
            -0.2278373194570749,
            -0.263862955808028,
            -1.2237903467334803
        ],
        [
            1.7007224322545424,
            -0.46957853243675407,
            1.0297217887615877,
            1.1647683056420803,
            0.8333445356326351,
            1.9071389444538598,
            1.0980822550792508,
            0.1106523717486754,
            0.8088239807760618,
            1.3408828293804247,
            0.8371658231039987,
            0.8924859405208919,
            -0.21958703902038276,
            0.0,
            -1.5095173792264058,
            -0.2559703847933047,
            -0.7438394493709599,
            0.2924222306937903,
            0.4081864828827666,
            0.46674807702484544,
            -0.26743387520509887,
            -0.31745069275225013,
            -1.8632367601555635,
            -1.5594249252348875,
            -0.5474109128601718,
            -0.2799337491352826,
            -0.5780461054290329,
            -0.3976965428654613,
            -0.21566964934345184,
            0.2856495515700054,
            -0.8009902499943553,
            -0.5529261086553177,
            -1.1400861474784825,
            0.49935170791140904,
            -0.3117501772783082,
            1.0633170515088433,
            -0.29835852654089107,
            0.13040457186074095,
            -0.7663158977455724,
            -2.95874276518617,
            -0.14559306140141495,
            0.4058751259213826,
            -0.7283425527005379,
            0.5498869214059559,
            0.017626445688995462,
            -0.5909375033535879,
            1.1238918476734714,
            -1.201153774773624,
            -0.5869649109657751,
            0.8360793672772246,
            -0.7075001183417953,
            0.23464950025480363,
            0.16590523696980078,
            0.3944595448449454,
            -2.0079839975043248,
            1.1371713825007372,
            0.40814071401168744,
            1.0907065220481083,
            -0.021236247879744652,
            0.45842903751417907,
            2.0611285412116827,
            1.021655438813077,
            -0.0716647162399823,
            -0.7423020155922294
        ],
        [
            0.1389412225335124,
            -2.1725310848504993,
            1.0270908062463706,
            -1.2537257711658534,
            0.47897627993684183,
            0.18836641398412934,
            0.176417411559144,
            -0.13943493779145502,
            0.44873435995550415,
            0.7094345970469955,
            0.32767070057517556,
            0.6954507767804556,
            -1.437775699760147,
            -1.5095173792264058,
            0.0,
            -0.36428084357021157,
            -0.9667412418684527,
            1.1501859725274113,
            1.475826240207311,
            -0.9102764127857544,
            0.04494831357711621,
            -0.2391171621417349,
            0.2552939863005463,
            1.4775968155590145,
            0.49700897232393915,
            -1.3017494586736138,
            -0.2791142404003297,
            -0.5369906560802544,
            -0.588831415409773,
            0.3126448174554413,
            0.9546435767362542,
            0.6980634334335042,
            0.8358834186379251,
            0.4190111073706567,
            0.0330296258345357,
            -0.8825290450829845,
            -1.2616947861377033,
            1.536794223216283,
            -0.663694460664354,
            0.3733447464387153,
            -1.2456091755567065,
            1.4823808495805222,
            -0.503941016559452,
            -0.1338858482932309,
            -0.6634852924840745,
            0.7319673512271758,
            -0.5295834893725865,
            -0.05016822755326135,
            -1.2925473942466015,
            -1.381652254776429,
            1.2354376729935845,
            -0.6902484006555348,
            0.3114897128496937,
            0.5923170909215579,
            1.9761526069932878,
            -0.3401405964735573,
            -0.36005859822563674,
            0.7134778237823965,
            1.966097707066127,
            1.0820918624280418,
            -0.009151565586829866,
            1.7064975428606122,
            -0.48219668599503357,
            -0.7510105211950487
        ],
        [
            1.3074527997373977,
            0.15455196375602565,
            -1.1281193112190262,
            -1.0957656041269763,
            1.6253548863879366,
            0.8347210670943658,
            -0.6195294001353,
            -0.22237112188046249,
            0.9894288823348271,
            -0.3973578555103079,
            1.3955792767789632,
            -0.2781881835083343,
            -0.16858133861163002,
            -0.2559703847933047,
            -0.36428084357021157,
            0.0,
            0.9807227006809484,
            -0.012189522056706538,
            0.32720096182113484,
            0.5120699550361054,
            1.9585168862051399,
            0.699678698028972,
            -0.8521609472505389,
            -0.8109153545236143,
            0.9137169150019688,
            0.579272616670676,
            -0.9609820132798235,
            1.6613566243264808,
            -0.7609689241276923,
            0.7475822842737457,
            -0.21267645603387259,
            -0.08785175795452542,
            1.931895821468725,
            -0.40377966513501873,
            -0.3216608678012465,
            -1.007455975882418,
            1.3043324338241993,
            1.5700558367678363,
            0.5194989304871607,
            1.3587311102305735,
            2.0188022123924765,
            -0.13166788354130668,
            0.7133794214529121,
            0.6330779276302632,
            -0.4956005619323616,
            1.095250109965538,
            -0.18920084285942285,
            0.005358559951664314,
            0.2124183521072776,
            -0.6059525410032086,
            -2.1543787170895747,
            -2.5758014126762703,
            -1.9836129224962105,
            -0.8199878408443287,
            -0.3872222249235248,
            -1.0899651199240414,
            0.07551815788965151,
            0.01560732023399747,
            -0.782236603620678,
            0.3378261491316925,
            -0.5758064874482189,
            -1.692459429436773,
            -0.7028044755496962,
            -1.7983257943642688
        ],
        [
            2.311053477665642,
            1.0795766219764467,
            1.0532431903430475,
            0.9626800145822187,
            -0.008240880401148907,
            -0.3303299477696099,
            1.7799283049090677,
            -1.6490262248083543,
            -0.4855525818910564,
            -1.3512824688491323,
            0.1653573444231925,
            -0.5064040116662175,
            0.34028404323862566,
            -0.7438394493709599,
            -0.9667412418684527,
            0.9807227006809484,
            0.0,
            2.2100135642753593,
            1.2053537042449258,
            1.5180713443813572,
            -0.6002188843248608,
            0.39764294506809167,
            -0.16895421877806416,
            1.1393628674355731,
            -0.5095645901229566,
            1.6897017934789318,
            -0.6977278374957793,
            -0.8461137234004505,
            -1.366614686004615,
            0.768872193445258,
            0.27206150821752506,
            1.7030753961643998,
            0.7417954090449621,
            -0.7852446463529241,
            -1.4517615831740145,
            0.5319117809832351,
            -0.0055932553246749355,
            -0.03306878630067956,
            -0.4525728161962543,
            -0.29180993159087004,
            -0.00418025184229771,
            1.6949706667120295,
            0.5245040969518882,
            0.1727353778599116,
            0.6395381684653669,
            -1.6174914031555152,
            -0.6187113639807071,
            0.7232491583498721,
            1.6818435515181172,
            0.8917771934641389,
            0.8663315064631942,
            0.724295307704345,
            0.05884686151156591,
            -0.3354887229229101,
            0.05466100611230398,
            -1.6703948262711334,
            -1.171289553629929,
            -0.43793031848699154,
            1.131637871659863,
            0.06275301324891985,
            1.7848901728725053,
            -1.0248439024666312,
            -1.075053544630708,
            -0.8751961051983741
        ],
        [
            -2.6082685858904675,
            -1.3300115418932221,
            0.716264911273121,
            -0.006996560524213017,
            -0.913538656899178,
            0.8132441011007916,
            0.32589723977450796,
            -0.0012236472348500392,
            -0.8875797859629687,
            0.6348857436902745,
            0.8284805353350587,
            0.2532421983364328,
            -0.8437160435688843,
            0.2924222306937903,
            1.1501859725274113,
            -0.012189522056706538,
            2.2100135642753593,
            0.0,
            0.6065342269573707,
            0.9147664676651619,
            -0.8741783922274964,
            -1.0591218808558232,
            -1.1042348598229832,
            0.19583545026582075,
            -1.496685092244673,
            -0.8861900705776897,
            0.3882523294182535,
            -0.10449009008196301,
            -0.49957726001832603,
            -0.22347629511693587,
            -1.213069188947737,
            -0.36483855932602544,
            -0.28867793041515,
            0.243301410957406,
            0.08712960181779,
            -0.5088321887993565,
            0.9993439425524538,
            0.3858208621819261,
            -1.8688930720591976,
            0.6445618139137533,
            0.6825218613679037,
            0.9635328755405577,
            0.34070789028332576,
            1.8075056402031304,
            -1.5547809867214255,
            0.08924565632137614,
            1.8832139553897016,
            0.02116933779792052,
            -0.5073880035351961,
            -0.4295905198838861,
            0.389738662646723,
            0.7751457347075683,
            1.5336086951653212,
            -0.8168846635493905,
            -1.4743938044406908,
            -0.5362115769353208,
            -0.07628887691351639,
            0.08367735094271882,
            0.02630870838261815,
            -0.7805632893039365,
            0.7767502354718379,
            0.2854202020361286,
            1.7704835765153677,
            2.167322875535895
        ],
        [
            -0.05893709285692724,
            0.4865802745622246,
            0.5304633439578208,
            -0.8748554807817646,
