{
    "N": 64,
    "id": "957cfa97-4342-4241-9461-ae372baae1af",
    "problem_type": "SK Spin-Glass",
    "distribution": "gaussian",
    "spins": [
        1,
        1,
        -1,
        -1,
        -1,
        1,
        1,
        1,
        -1,
        -1,
        1,
        -1,
        -1,
        1,
        1,
        -1,
        -1,
        -1,
        -1,
        1,
        1,
        -1,
        -1,
        -1,
        1,
        -1,
        1,
        -1,
        1,
        -1,
        1,
        -1,
        -1,
        -1,
        1,
        1,
        1,
        -1,
        -1,
        1,
        1,
        1,
        -1,
        1,
        -1,
        -1,
        -1,
        1,
        1,
        -1,
        1,
        -1,
        -1,
        1,
        1,
        1,
        -1,
        -1,
        1,
        -1,
        1,
        1,
        1,
        1
    ],
    "couplings": [
        [
            0.0,
            -0.6031241294995987,
            0.4888092657036774,
            0.5602365586508571,
            0.11270340245023425,
            0.14199314027937437,
            -0.7394638709607467,
            0.4447706462717591,
            -1.404690075676854,
            0.13290056510775336,
            -0.8926891648936712,
            0.8145361719956228,
            1.1779477460064838,
            -0.9922773255771788,
            -0.32139842614171543,
            -0.6179963690288336,
            0.30168045113920644,
            0.4074292675281708,
            -1.0316054272810242,
            -0.17925114411986764,
            -0.29631401505659766,
            0.9441231515654942,
            0.9108338170608924,
            0.0025121701029309743,
            0.23431306007711417,
            2.039107804599784,
            0.3383304192653655,
            0.999296345532359,
            -0.3603662615715539,
            -0.4623947263543719,
            0.6274012647995589,
            0.35451312582090233,
            1.0782269984387132,
            0.29275000622271735,
            -0.9370640057604311,
            -0.12366152610276904,
            -0.648914738006843,
            -1.5211283018811774,
            0.9619592130340983,
            -1.7473999520283097,
            1.982954412808263,
            -1.6151812128428675,
            1.0898470350376526,
            0.7972785242629232,
            0.2141830612278541,
            1.9536379291076822,
            -2.1525063390357784,
            -0.23310922822296867,
            0.8386418156347286,
            1.1951537898856353,
            1.5768099240507059,
            -0.34397305091010855,
            -1.2868037494850753,
            -0.5346691078106863,
            0.4463321388098872,
            0.995390522379853,
            0.07818501541768756,
            0.9556086578990907,
            -0.33386964928042173,
            -0.07018602346925422,
            1.7582492912216294,
            -0.8583752154276146,
            1.7066315186455556,
            0.7773938617865866
        ],
        [
            -0.6031241294995987,
            0.0,
            -0.04031199135721544,
            1.0267933301240733,
            -1.3675513782899185,
            0.2955881254110709,
            -1.1270028300776813,
            0.8279066574018532,
            -2.159817400102806,
            0.795543041592106,
            -1.140978725486852,
            -0.2576397656331427,
            0.1274539146668295,
            -1.5105317148352508,
            0.8868702096359647,
            1.3601114275948505,
            -0.46946294619226364,
            0.490880063582872,
            -1.6046170135935511,
            -0.5241909626267334,
            0.4047885629757265,
            -0.0009346800370452543,
            -0.7104699987731322,
            -1.759419185428398,
            0.47247059173974604,
            0.30447202995849465,
            -0.2826946353468117,
            -0.8069690100628362,
            0.9702700420088418,
            0.7058234324411286,
            1.560546828023234,
            0.3745335173138017,
            1.3603549260121828,
            0.14990994473660027,
            0.23788090049877159,
            -1.12134896519014,
            -0.4199411828703271,
            -0.21591219186587332,
            -1.4075556768688235,
            1.6406224332104868,
            -0.2127076043903425,
            0.17326113168675686,
            -2.1900457557564317,
            0.9720344621932512,
            -2.087957224450929,
            0.624158954546933,
            -0.4201162362612927,
            -0.2336759104461366,
            -1.8604710396927207,
            -1.2647067116827224,
            0.8064592250126345,
            0.07674284411165423,
            -1.680092493845655,
            -0.602835832451782,
            1.481457395985769,
            1.3058015277696118,
            0.23453363138174096,
            -0.46604864007184965,
            -1.2070210688850125,
            -0.47980390930622696,
            -1.5446696005779175,
            -0.6219337004548435,
            -0.7536968512273244,
            1.0225889059262592
        ],
        [
            0.4888092657036774,
            -0.04031199135721544,
            0.0,
            0.10047128922498971,
            0.04764767608093955,
            0.09807205860841205,
            2.140232825480784,
            -0.913386408261619,
            0.22589200927876815,
            0.7509226447534414,
            -0.21777315783712767,
            -0.0628264631493736,
            -3.545743758547089,
            -0.9122461229344583,
            -0.36919136813995207,
            0.4327486310597494,
            -0.5529336365577618,
            0.07880734190011218,
            1.5355416048993262,
            -1.6724051892493466,
            -0.5626780689525778,
            -1.0447365393229522,
            -1.3605082471603676,
            0.35417474912443603,
            0.49554815174344286,
            1.4572994139202702,
            1.3629533227950665,
            -0.2522537743012153,
            -0.3814177153406373,
            1.0367300302995104,
            1.3238606574216516,
            0.20375826565277505,
            0.07556275902149295,
            -0.24275369740388356,
            2.594296614260912,
            1.2429075977099338,
            -1.61611122527864,
            1.2035494732169008,
            -1.4441456201817522,
            0.04148324921989691,
            0.49091603033298936,
            0.5251912666485141,
            0.037082545385040085,
            0.5176529439752728,
            1.6787306638801929,
            -0.22128878190296233,
            1.2808265249093165,
            0.9542153371756084,
            0.26458426894884807,
            1.3963833153510463,
            -0.8461950296463675,
            1.3624679404904274,
            -0.24258776410878244,
            0.8586809012360909,
            -1.0410439647586904,
            1.4907634424837741,
            0.8806570956510769,
            -0.3556820553831151,
            -2.1288803842927524,
            -0.6855714695591993,
            -1.0242574680314822,
            0.5081187682260404,
            -1.3027097372201857,
            0.41571392017675285
        ],
        [
            0.5602365586508571,
            1.0267933301240733,
            0.10047128922498971,
            0.0,
            0.8025536713229808,
            -0.6446312867308287,
            0.8607057767159677,
            -1.1041987791946848,
            0.4718310301429358,
            -1.6902525495253224,
            0.9955106543868261,
            -1.732376943362044,
            1.2808932795061234,
            -0.7827863764855936,
            0.10548897625038689,
            -1.0773696449130508,
            1.061032148155456,
            2.42840498661194,
            1.2824316154853244,
            0.8300433566825357,
            -2.732931986241919,
            -0.06942741224158724,
            -0.02299437251992117,
            1.7220608770502084,
            -0.12011910332850644,
            0.1872543833239946,
            1.501536012232155,
            1.7570140654101332,
            0.2371907636105699,
            -0.7230685009738387,
            0.9739655110240175,
            0.22890199707261022,
            0.2282501908270933,
            -1.5324142381317085,
            0.3007976112674384,
            -1.1092708407232277,
            -0.8042928630558591,
            0.4008232088973293,
            0.6099018032922376,
            0.7192974202748782,
            -0.4287693106035945,
            0.871636847226355,
            0.7035691111065593,
            -2.2261160102290596,
            -0.28699336762606675,
            -0.7909010988609179,
            1.4234852024762412,
            0.020482876575232147,
            -0.024447567066394404,
            -0.9005771966449597,
            -0.743002779036561,
            2.228156967865901,
            -0.45613970028590306,
            -0.7448412042206352,
            -2.022621524423083,
            0.4456911426027083,
            -1.3446820285612702,
            0.2820362975335838,
            -0.49089498555770356,
            1.1959480243954,
            -0.6049335103645522,
            0.009248398566320329,
            1.4580677472962003,
            0.6274325987019482
        ],
        [
            0.11270340245023425,
            -1.3675513782899185,
            0.04764767608093955,
            0.8025536713229808,
            0.0,
            0.5298618042005739,
            -0.4283019820764473,
            -0.6200912947488508,
            1.6201286438388496,
            1.1695408669039,
            0.5393975022760392,
            0.4644617707132626,
            0.7749962623581976,
            0.33919136899893926,
            0.6312459026103806,
            0.5894277314088748,
            -1.4909285292975143,
            0.8668549534531724,
            1.1323988592129781,
            -0.5183988142513852,
            -1.8548454618884689,
            -0.5403688947256619,
            1.0446061547845646,
            1.7532568182423833,
            -0.8358187085896766,
            0.6968091641592218,
            1.2018965487678752,
            0.4652467783407692,
            -0.4464466779785765,
            0.37837018008860834,
            0.3477850197601606,
            1.5780847704227716,
            0.6549008160039725,
            0.8356369997070885,
            0.28855882884360257,
            -1.552919986245986,
            1.138254663252771,
            -0.5318777206432228,
            1.476582918688271,
            0.599567431364171,
            -0.9992781240288129,
            -1.1272647199029937,
            -0.5897804299449559,
            -0.08789941628439557,
            -2.1498824286077287,
            -0.6848855464642563,
            0.14729617476261292,
            -0.22564031741141707,
            1.2719395056552312,
            0.5376678534120491,
            1.7899783390728583,
            1.2407792408407154,
            0.10088885082783593,
            -0.7839519033443713,
            -0.20456718210858602,
            0.7351054434016214,
            -1.1092733273680166,
            0.9536937831375184,
            0.18639138301871433,
            0.30220453234524597,
            1.1788564998726085,
            -1.496771381572588,
            1.6439301423223858,
            -1.5704485514548614
        ],
        [
            0.14199314027937437,
            0.2955881254110709,
            0.09807205860841205,
            -0.6446312867308287,
            0.5298618042005739,
            0.0,
            0.8360601884134445,
            -0.10015597336122628,
            0.7132711239287852,
            -0.1031116562312638,
            -1.3621623109549008,
            0.8495840510565893,
            -0.45867059510907915,
            -0.5584062641962262,
            0.7955439854461559,
            1.5775307409583674,
            1.2475697373469665,
            1.230373797943059,
            1.5033073817245544,
            0.194204000837433,
            -0.5093093378483837,
            0.7727897229839693,
            -1.424849982543358,
            0.48862502537879476,
            0.28654103565080985,
            0.5140954523223064,
            1.6285733427506977,
            1.037495400166974,
            0.8920351242976783,
            0.1868101750866556,
            -1.475880449125319,
            -0.769062045021763,
            -1.1873689830300318,
            -0.3547655063255675,
            -0.7076399741352025,
            -1.7102593661268033,
            0.5852810327032801,
            0.23391809311156583,
            -1.650868742266436,
            0.6804653270103721,
            -0.6924043714922657,
            1.2458391082302027,
            -0.8232731047072508,
            0.9291700394969127,
            -0.5342896024562944,
            0.05306630847445268,
            -0.09881593643965972,
            -0.7810558295667807,
            0.9654175200337206,
            -1.2808606998229255,
            1.1132867748950952,
            0.8436771673408847,
            1.5185266742599255,
            0.6138017987042608,
            -0.17463561620050566,
            1.0036401719720627,
            0.5796729016543154,
            -0.9506137685797419,
            1.342208951249539,
            -1.1776901808340967,
            1.0210207273811522,
            0.2769097755150535,
            -0.09617033022506125,
            0.7993321812336807
        ],
        [
            -0.7394638709607467,
            -1.1270028300776813,
            2.140232825480784,
            0.8607057767159677,
            -0.4283019820764473,
            0.8360601884134445,
            0.0,
            -0.741049792653343,
            0.9244599350113599,
            -0.6025671768625445,
            0.563571970015846,
            0.21681020416672545,
            -0.7140558831322342,
            -0.32974583642252037,
            0.4608546267578126,
            -1.7718066076609533,
            1.2348717435984315,
            0.05895691813909882,
            0.5924123298023771,
            0.4621864486331155,
            1.3289926381918362,
            3.122021169515143,
            0.07335599362581477,
            -0.4529884987615369,
            -0.3470637863758035,
            1.715334264863345,
            0.42645810436731324,
            1.0759459575562433,
            0.1877196377097093,
            0.2966131985510093,
            -0.2444820413037984,
            -0.279045706552966,
            -0.669279921094748,
            1.1117126998835507,
            -0.09453747465121186,
            0.14883765819965517,
            -2.5243085570193493,
            0.3362697941996289,
            -0.40394402037059035,
            -0.5614733452293182,
            2.1989591320135506,
            1.559901056730306,
            -0.039409755821642224,
            0.7897565921668761,
            0.11348211982489474,
            0.8643694031573183,
            1.1857623406589035,
            -1.502769712544876,
            0.09388685343314937,
            0.040138006963499534,
            0.8817760734251952,
            -0.4338592818648491,
            0.35258003070135696,
            1.2902114359674615,
            0.9842487594918329,
            -1.9343813552288573,
            1.2855838357578309,
            0.8880889268130521,
            1.1924603831143157,
            2.612083995565081,
            -0.3547445736882118,
            0.7630984794667643,
            0.4286781739277743,
            0.7853581006152079
        ],
        [
            0.4447706462717591,
            0.8279066574018532,
            -0.913386408261619,
            -1.1041987791946848,
            -0.6200912947488508,
            -0.10015597336122628,
            -0.741049792653343,
            0.0,
            -1.825883037346856,
            1.1399926859425036,
            0.2251586632012316,
            0.8836547806656544,
            0.8307419820475768,
            0.0574452479187674,
            1.524781185005581,
            0.9503263830157302,
            -0.27364509182495284,
            1.1194894819551515,
            1.6170489478276953,
            -0.44948696746000605,
            -0.9097421161644346,
            0.5583159494199238,
            1.5731891901028494,
            0.5359296385810042,
            -0.06586803031141707,
            -0.34810798648106595,
            2.018380276136584,
            -1.446296483723415,
            -1.0314530160638107,
            1.1198201230222926,
            0.6706479714501657,
            -0.06601938402264902,
            1.2128298493265617,
            0.06326402981897537,
            -3.2765311062211664,
            -0.13287542071833808,
            -0.260437527079983,
            1.2477185686126318,
            0.3462682762214063,
            0.5453891728859114,
            0.6505888773933853,
            0.3708050506499362,
            -1.0760187441241467,
            -0.2311396178020964,
            0.7680704095957234,
            0.19756792071409165,
            0.5535343887431382,
            1.0940693085176951,
            -0.10262477336790751,
            -0.987946482199195,
            1.7211455169752694,
            0.6284116989755669,
            -1.3851961288974524,
            0.02429732119239484,
            0.9812255845533945,
            0.8986484654421537,
            0.3648551734082029,
            -1.0674474074053397,
            0.30573042305218806,
            -0.3612629452222496,
            0.20158270826964456,
            1.1751278535483116,
            -0.5180682943466904,
            -1.1958106111854692
        ],
        [
            -1.404690075676854,
            -2.159817400102806,
            0.22589200927876815,
            0.4718310301429358,
            1.6201286438388496,
            0.7132711239287852,
            0.9244599350113599,
            -1.825883037346856,
            0.0,
            -1.115815719812323,
            1.8311675734609234,
            0.2843027677926836,
            -0.0031671075666609037,
            -0.10566487033051485,
            0.13375699853479234,
            -0.5663930516510416,
            0.37770160310445033,
            0.9765059671899906,
            1.86377239367823,
            1.056181123729183,
            0.02058555892400803,
            0.7812579614408385,
            -0.7515364736386261,
            0.3264793935958223,
            -0.8100038056744053,
            1.0880227886703668,
            0.1658212990411649,
            -0.7125175355122707,
            -0.1808850329289229,
            -0.38509356886594076,
            -0.2965326541227299,
            0.7152776378830807,
            0.3698097887414035,
            0.7715759237552805,
            -1.3023305863537389,
            -0.3455323297044187,
            -0.20432128442942274,
            1.3898810814738831,
            -1.1486446273174802,
            -1.0578104466510394,
            0.5260476570138256,
            2.5840764219774846,
            2.7443381485271914,
            0.41255143349844164,
            -1.0239682110620532,
            1.7278539697532604,
            0.3225550841249304,
            0.7534687547854974,
            1.8488168932046825,
            -0.14815715142163802,
            -0.4035948581217178,
            2.712227885573089,
            -0.5242551923960418,
            0.3405273491841754,
            -0.3683700790798964,
            0.029845999107088187,
            0.11776402039865386,
            0.6719277845059496,
            -1.5947463433291234,
            0.2858464689147821,
            0.16500066906683056,
            0.3201173213685952,
            0.526266988586676,
            0.45018298300792203
        ],
        [
            0.13290056510775336,
            0.795543041592106,
            0.7509226447534414,
            -1.6902525495253224,
            1.1695408669039,
            -0.1031116562312638,
            -0.6025671768625445,
            1.1399926859425036,
            -1.115815719812323,
            0.0,
            -0.2843448080888948,
            -0.38848425908913264,
            -1.137384243448456,
            0.15432759030999862,
            -1.4603731657736128,
            1.3047212132484654,
            -0.5433021482202635,
            -1.39783065495602,
            0.12174722812040192,
            0.14000652474236108,
            0.28051860384352356,
            -0.628580521634634,
            2.1260458418016386,
            0.17443263426638347,
            -0.7551026916081196,
            0.5956126315794205,
            1.5895287178343867,
            -0.5139986910880653,
            0.689838622556097,
            -0.02202864164990573,
            0.020941852492692845,
            0.02170946638006039,
            -0.34193666205523254,
            0.6303188579826065,
            1.1722496591125182,
            1.002080488400149,
            0.3900660767117929,
            -0.06467939524611045,
            0.44069749216270454,
            0.36280630780934964,
            1.526829385530381,
            -0.7223826132090525,
            -0.7025023520045026,
            -0.9447756504938437,
            1.4291346297714198,
            1.566956626274497,
            0.4261978410003089,
            -2.2023464266342874,
            -1.515061234130136,
            -1.8821556697221113,
            -0.5541152116148484,
            -0.6559178900263387,
            -0.553702719715709,
            0.5814621011694494,
            -2.4359445771569566,
            0.2708217786043464,
            0.386207832824662,
            -0.5572667989815768,
            0.28754526837821454,
            -0.09008816998360882,
            -1.299053588682328,
            2.114541585727938,
            -0.4060786212273424,
            -0.15368409668754604
        ],
        [
            -0.8926891648936712,
            -1.140978725486852,
            -0.21777315783712767,
            0.9955106543868261,
            0.5393975022760392,
            -1.3621623109549008,
            0.563571970015846,
            0.2251586632012316,
            1.8311675734609234,
            -0.2843448080888948,
            0.0,
            1.9248435927685832,
            -0.27986375304174876,
            -0.4604825560404337,
            0.27572974713954085,
            -0.10804979590245527,
            0.7592503155679692,
            -1.4515087903913955,
            1.8397271614677824,
            -0.33313980117531794,
            0.7202791030579917,
            0.7898245564723451,
            -0.5673761632033536,
            -1.5213572532199624,
            0.08696672820023835,
            0.09404329717283534,
            1.7372286667950048,
            -0.8972446646461675,
            0.04841933013773239,
            0.6733725757910952,
            1.5293069496942528,
            -0.19026336576299432,
            -0.17216154317654916,
            -1.1428493230379968,
            -1.049071398763336,
            0.6963380300939342,
            0.03917240846936521,
            0.8492084585144749,
            0.1929584429948259,
            0.9431907200401058,
            -0.734983716486305,
            -1.2972427455782136,
            1.0433049093310225,
            -0.8544045974671374,
            0.2665613881173857,
            -1.2024233031078948,
            -0.49430576771126655,
            -1.336824606825315,
            1.105653919640542,
            2.2792251157968884,
            -2.3457028090145475,
            0.06514862912911239,
            -0.4885601220259487,
            -1.0389821048685022,
            -0.40521257871997607,
            -0.4814442601155291,
            0.6045892717788378,
            0.4125927779616538,
            -0.06877090740999633,
            -1.156360058128995,
            -0.21469972499069326,
            -0.1444514689972908,
            1.2374480824130734,
            1.935431529113608
        ],
        [
            0.8145361719956228,
            -0.2576397656331427,
            -0.0628264631493736,
            -1.732376943362044,
            0.4644617707132626,
            0.8495840510565893,
            0.21681020416672545,
            0.8836547806656544,
            0.2843027677926836,
            -0.38848425908913264,
            1.9248435927685832,
            0.0,
            0.5286723772423195,
            0.24984607697519434,
            0.3196223532469812,
            -0.5329059117580192,
            -0.696454862718883,
            -0.479335388802141,
            -0.8145181418506825,
            -0.5391721957890642,
            -0.6978529698077932,
            0.7101090970723832,
            0.007651088127860408,
            0.21884698770552355,
            0.7122554358804103,
            0.10893042971639837,
            0.4931193818804231,
            -0.5331240654212706,
            0.6420306164053442,
            -0.8342752499214171,
            -1.2482676006202165,
            -0.33889643243636336,
            -0.17390454595583865,
            0.1793076811272371,
            -0.1772615007425233,
            -0.15659979256809295,
            -2.1578867295487516,
            0.25979615835367587,
            1.5459971402248824,
            1.6316651500718615,
            -0.9362490360553364,
            -0.8354390998132986,
            0.2562659881772555,
            0.11434049817642943,
            -0.891475247077454,
            -0.7511328838229399,
            -0.042548442252495114,
            0.8138968145921449,
            1.6291489686689813,
            0.542141545322444,
            -0.21226763150835243,
            1.301404373852171,
            1.7943013246207435,
            1.1179907490010061,
            -0.10639525167598544,
            -0.22372714684570366,
            0.5093853254180616,
            0.017845132573866655,
            0.6563639558278305,
            0.8173278044712422,
            -0.6302157849989763,
            0.5479894487625556,
            0.09451553748132335,
            -0.674643116543096
        ],
        [
            1.1779477460064838,
            0.1274539146668295,
            -3.545743758547089,
            1.2808932795061234,
            0.7749962623581976,
            -0.45867059510907915,
            -0.7140558831322342,
            0.8307419820475768,
            -0.0031671075666609037,
            -1.137384243448456,
            -0.27986375304174876,
            0.5286723772423195,
            0.0,
            0.16658791157950484,
            -0.5045873425746613,
            1.0411530003565383,
            -0.13962639428079862,
            -0.6461965521945614,
            1.2900126004449433,
            -0.1401026539251041,
            -0.2324045920394857,
            -0.04006169619488401,
            -0.2608810108545169,
            0.5387616972396242,
            -0.06916278539393322,
            -0.5213289277522065,
            0.21719459447125447,
            -0.38952717367044365,
            1.8476613189930056,
            -0.0946937305963599,
            -1.6454103117850065,
            0.025742598967678935,
            1.8685874668571025,
            -0.3440348798528188,
            1.2060795748123918,
            -0.6481809249520812,
            -0.8215266145444273,
            -0.9928705260796369,
            -0.20582216627905894,
            -0.5495379813153569,
            -0.019289923454420016,
            -0.24352635678293338,
            -0.13887833871067365,
            0.1173143723336587,
            0.04910280415973429,
            0.220267156007549,
            -0.6984192647543999,
            -0.8399567884893303,
            0.30344897828601464,
            -0.255495501816224,
            -0.8680827100098821,
            1.2013385521707274,
            -1.0200607780456856,
            0.7551523393325692,
            0.23082421717348064,
            -2.0448595221191934,
            -1.0847281821797679,
            0.43953017342249484,
            0.015386485383477777,
            -0.002229687070587717,
            2.3989216962156807,
            0.8794829241020129,
            -1.2415963936540708,
            0.22120584705867716
        ],
        [
            -0.9922773255771788,
            -1.5105317148352508,
            -0.9122461229344583,
            -0.7827863764855936,
            0.33919136899893926,
            -0.5584062641962262,
            -0.32974583642252037,
            0.0574452479187674,
            -0.10566487033051485,
            0.15432759030999862,
            -0.4604825560404337,
            0.24984607697519434,
            0.16658791157950484,
            0.0,
            -1.6936819961391694,
            -0.8024448087007992,
            -0.48255207887880797,
            0.4557953060115966,
            -0.40169452886643164,
            1.7911526014082626,
            -0.8903080943199969,
            0.6728975596930306,
            -0.2591861325712763,
            0.7373923816791244,
            -0.22518871454620348,
            -1.2043566507527814,
            -0.13537706898984433,
            -1.890023514707358,
            -1.2662581632530712,
            0.25209222364036904,
            -0.828807119013977,
            -0.7744839748811267,
            -1.8016669911168843,
            -0.10177527987372802,
            -0.07710130006990246,
            -0.32309634922291913,
            0.4517165110643577,
            1.6617202567991596,
            0.33260119025758,
            0.881004330553202,
            1.4133023648143705,
            1.1884723859997537,
            1.0892324503343054,
            -0.12945009041381259,
            1.647727830590687,
            0.2488264898792165,
            0.2187895707157249,
            0.9859281192921201,
            -0.40896776622977327,
            0.10070899727130883,
            -0.8857166342414601,
            -0.1975382058313344,
            1.3449748629752887,
            -0.06470155220186784,
            -0.47710084823112614,
            0.554301804141344,
            -2.061875947864967,
            -0.15846220509277287,
            -0.07074052621643322,
            0.6763506980160472,
            -0.7300123049375212,
            -1.813540438247954,
            -1.7325894512624296,
            1.9807808751369609
        ],
        [
            -0.32139842614171543,
            0.8868702096359647,
            -0.36919136813995207,
            0.10548897625038689,
            0.6312459026103806,
            0.7955439854461559,
            0.4608546267578126,
            1.524781185005581,
            0.13375699853479234,
            -1.4603731657736128,
            0.27572974713954085,
            0.3196223532469812,
            -0.5045873425746613,
            -1.6936819961391694,
            0.0,
            -0.1489799950159718,
            1.2304452114773337,
            -0.7007598780588945,
            2.3792551759671827,
            -1.1765418175337907,
            -0.48486340221942853,
            -0.41331395527394094,
            -1.4381546192346213,
            -0.20813724257706967,
            -1.0425160729639296,
            -0.427590550443894,
            0.2251897429451123,
            0.1628954142418973,
            -0.058054961677420955,
            0.44200649739185427,
            -1.0129978336070298,
            -0.7611093934960939,
            -0.03591793936646377,
            -0.5383840426213365,
            1.878810599934383,
            -2.5217267598760444,
            1.2713931062875048,
            0.3457507790142229,
            1.994473274249072,
            0.3340632262647575,
            0.2799674862105233,
            -1.292867261063988,
            -0.14965294708490762,
            0.6733427701011443,
            1.9907444788003277,
            -0.6968385485095492,
            0.023739926447307907,
            0.8969447203271887,
            1.649171483899851,
            0.2025437292914446,
            -0.35255870557081664,
            0.49204531512528416,
            -0.08999157726982314,
            0.4353186819331359,
            0.4677694198672644,
            -1.5112921879524246,
            0.2215609910659983,
            -1.0505005933890625,
            -1.8718492186008944,
            0.3635376453280702,
            1.8388559157896904,
            0.05079275113889635,
            0.1988821782261734,
            -0.11747023789811262
        ],
        [
            -0.6179963690288336,
            1.3601114275948505,
            0.4327486310597494,
            -1.0773696449130508,
            0.5894277314088748,
            1.5775307409583674,
            -1.7718066076609533,
            0.9503263830157302,
            -0.5663930516510416,
            1.3047212132484654,
            -0.10804979590245527,
            -0.5329059117580192,
            1.0411530003565383,
            -0.8024448087007992,
            -0.1489799950159718,
            0.0,
            1.0832444285191136,
            -0.7155942805636548,
            0.4052095708555863,
            -1.2326007778319525,
            1.3798518342818358,
            1.1009135249761823,
            0.7237382115141034,
            0.35127252098068557,
            0.02595846805591071,
            1.288731263318763,
            0.6646160288625119,
            1.2185480667370499,
            0.6205352365643771,
            -0.46010455004261297,
            0.1335855772500101,
            0.07734531596095608,
            0.002066473799206307,
            0.7597012181457569,
            0.7361707733818836,
            -0.8010340386299187,
            1.5997388222309703,
            -0.31852641750463206,
            0.714932404631098,
            -0.2925452719625131,
            1.3360597586983625,
            1.103838659280615,
            1.5866920022864912,
            0.8805817469645044,
            -1.0204160769705104,
            -2.3865606381459594,
            -0.33947023777543006,
            1.1155497389408062,
            -0.8463076033148925,
            -1.520534894711718,
            -0.034152983010446836,
            0.7706894816637583,
            1.7613693948644644,
            0.20802838595927461,
            1.0722483262134859,
            -1.0345436573116664,
            0.04580458558666354,
            0.8399916137710617,
            0.43873021866159906,
            -0.768054787420465,
            1.490929247062521,
            -0.5694806081996944,
            -2.414893555610777,
            0.26575489652271017
        ],
        [
            0.30168045113920644,
            -0.46946294619226364,
            -0.5529336365577618,
            1.061032148155456,
            -1.4909285292975143,
            1.2475697373469665,
            1.2348717435984315,
            -0.27364509182495284,
            0.37770160310445033,
            -0.5433021482202635,
            0.7592503155679692,
            -0.696454862718883,
            -0.13962639428079862,
            -0.48255207887880797,
            1.2304452114773337,
            1.0832444285191136,
            0.0,
            -0.6666857785039674,
            -1.4024353612866132,
            0.3676710627497261,
            -0.06977074963317527,
            0.9918916931979401,
            0.9919031236371502,
            1.2744387473862657,
            -2.7665160637173156,
            -1.5870984420294547,
            -1.6253658820057992,
            -0.481474500274984,
            0.1832923625744513,
            -1.3403288222992813,
            0.0817503840383515,
            -0.4993773562122957,
            1.095081027509694,
            -0.8383972728410725,
            0.22693043845913216,
            2.391965469497624,
            0.4760406103638447,
            1.552150789274958,
            0.9767443216485638,
            1.2531178355044699,
            -0.3054216080637821,
            2.338945586950054,
            -0.983828533987719,
            1.0651672828616578,
            0.3805008528047174,
            -0.5634131287035862,
            -0.11708337765266684,
            2.006029666464901,
            -0.05721149768819701,
            -0.0432245000351311,
            0.1105012622796794,
            -0.4206046255756516,
            1.2370182088668071,
            0.5019829751552298,
            0.002598786796793532,
            -0.4080344964879858,
            -1.7399601566373677,
            0.28031886629426433,
            -1.5077296160407863,
            0.6430155202513418,
            0.5702664881205433,
            1.0491324664409682,
            -0.2880550055287629,
            0.5274654135222797
        ],
        [
            0.4074292675281708,
            0.490880063582872,
            0.07880734190011218,
            2.42840498661194,
            0.8668549534531724,
            1.230373797943059,
            0.05895691813909882,
            1.1194894819551515,
            0.9765059671899906,
            -1.39783065495602,
            -1.4515087903913955,
            -0.479335388802141,
            -0.6461965521945614,
            0.4557953060115966,
            -0.7007598780588945,
            -0.7155942805636548,
            -0.6666857785039674,
            0.0,
            0.7572090902829781,
            -0.30164113875750176,
            0.4213893352017807,
            0.007015480470153494,
            -1.0408955531803104,
            -0.8370485200758384,
            1.0732816393335192,
            0.2685808346625142,
            -0.47516008860706305,
            -0.2628923811195995,
            1.7897181583687298,
            -0.8678938194760525,
            0.10832219769136811,
            0.4311898677042583,
            -1.273547103016734,
            0.4409673583982094,
            1.1697399488161513,
            0.6770076624258294,
            0.6169676501029557,
            -0.25798584419960496,
            -0.39293828905366907,
            0.047325064584960136,
            -0.14326003121666586,
            -0.0831661370786087,
            0.6638810493064186,
            0.9540294443361548,
            -1.8997834998087988,
            -0.3763920179169337,
            -1.0090483391170835,
            -1.1751914278043736,
            1.0366066989665703,
            0.5398366531899178,
            -0.1622666493771418,
            0.38364236370775867,
            -0.18461811940457903,
            -1.1949834773776935,
            0.13170828418300343,
            0.394482855766217,
            -0.18386159961606083,
            -0.9898405001224688,
            -0.7423601793900294,
            -0.9534551416595826,
            0.5867560649899578,
            1.1875913824518785,
            0.36417226449618845,
            0.32028321576396485
        ],
        [
            -1.0316054272810242,
            -1.6046170135935511,
            1.5355416048993262,
            1.2824316154853244,
            1.1323988592129781,
            1.5033073817245544,
