{
    "N": 64,
    "id": "87d746b3-bd7c-43d5-ac25-85c3f774e87e",
    "problem_type": "SK Spin-Glass",
    "distribution": "gaussian",
    "spins": [
        1,
        1,
        1,
        1,
        1,
        1,
        -1,
        -1,
        -1,
        -1,
        1,
        1,
        1,
        1,
        1,
        1,
        -1,
        1,
        -1,
        -1,
        1,
        1,
        1,
        -1,
        -1,
        -1,
        -1,
        1,
        1,
        -1,
        -1,
        1,
        -1,
        1,
        1,
        -1,
        -1,
        1,
        -1,
        1,
        -1,
        1,
        1,
        -1,
        -1,
        1,
        1,
        1,
        1,
        1,
        1,
        -1,
        1,
        1,
        1,
        -1,
        -1,
        1,
        -1,
        1,
        1,
        1,
        1,
        1
    ],
    "couplings": [
        [
            0.0,
            -1.085841694411677,
            0.5211552053974882,
            -0.3710227033220888,
            0.9145217798416131,
            0.6942368212019966,
            -1.1930732165660998,
            -0.7814821127722456,
            -1.2017204314796601,
            0.5970057836427642,
            2.6603909422246033,
            -0.684451950595662,
            1.1585331475766107,
            1.0501494371499274,
            1.8271182840383609,
            -0.36304495408053705,
            2.648131084786369,
            0.6078844891161647,
            -1.1660226404393528,
            -0.6859364064560592,
            -1.3536652428728981,
            0.05045823803010589,
            1.6213518429869112,
            -0.8395918158158248,
            -1.4961771311363947,
            1.6067713273244761,
            1.5938416391093555,
            0.280816040616963,
            1.1332497502756973,
            -0.32169905998056203,
            0.034721418541464676,
            -1.5811798234632823,
            -0.9972891141404778,
            -1.643710028933613,
            -1.7318408019022307,
            -0.4790941753794066,
            2.350917971980906,
            -0.5502522058934506,
            1.1817525782417038,
            -0.5779333640287807,
            -0.7980486294076569,
            1.0571435246372032,
            -0.7363292698957725,
            -0.144484976962871,
            0.603433175773154,
            1.443799957159657,
            2.260254269026856,
            -1.110353845751269,
            1.2973304024507455,
            -0.8848185244011808,
            -0.12497532006954683,
            -1.1732261795238537,
            -0.23170182451448756,
            -0.9625338622312818,
            -0.5345570920098285,
            -0.2847580837047228,
            -0.7606578288097595,
            0.7426248558680772,
            0.32536986414439434,
            2.1244694358401675,
            -1.84230173554623,
            0.03880885687808918,
            0.8178021110128576,
            -1.9114535041403904
        ],
        [
            -1.085841694411677,
            0.0,
            0.7839278443918707,
            0.9180243546794049,
            -1.3264676044887285,
            -0.28861366219920803,
            1.3510350613629003,
            0.3422261199116352,
            -0.6519839889634841,
            0.3132233096818477,
            0.7408653779469577,
            0.10757510005605234,
            -1.4219906103759234,
            1.1660790699027541,
            -0.08316130850250954,
            -1.4536796314120246,
            -2.219347250627466,
            0.8484877118326749,
            -1.3322491311807867,
            -0.5651080760512408,
            0.8897700900343211,
            -0.16285057218361773,
            -0.7227022216367859,
            -0.3724311331629294,
            -1.0168988834570976,
            -1.4833386489194809,
            1.0392452489575303,
            0.19573408425204258,
            0.7730800465540508,
            -0.49108404771055986,
            -0.3702788683557993,
            0.8912714934615515,
            -1.637946961059199,
            0.421232202441335,
            -1.2722896287136047,
            0.5687452875869017,
            -0.6495370481735295,
            -1.326777062156053,
            0.4180643107812542,
            0.797933600338468,
            0.027721259748343288,
            -0.40808805441439977,
            1.044552309730527,
            0.30391658324424786,
            -1.8652174054161177,
            -1.8433994285501352,
            -0.2844119510393567,
            -0.5355302465830009,
            -1.5548943377815017,
            0.9558451036330273,
            -1.051528876871946,
            -0.23510132786372037,
            0.4627315452189279,
            -0.41291629630521015,
            1.3222580400247177,
            -1.4234324707197903,
            0.6945579599437767,
            -0.15019660646490848,
            -1.5501623995325104,
            1.1003317742806065,
            -1.0640895584614443,
            0.8288079182031469,
            -1.7438342107105755,
            -1.7225451865445653
        ],
        [
            0.5211552053974882,
            0.7839278443918707,
            0.0,
            -2.534894686997885,
            -1.2784145908261864,
            0.932735573366107,
            0.9320250748478347,
            -1.1643348983500812,
            -0.9079530132395125,
            -0.5673430433625577,
            -0.09511260825725722,
            0.4559563972520652,
            -0.36749549954501615,
            0.7517892400857047,
            -0.907066748154636,
            -0.15437838582069202,
            -0.3158666287852381,
            -0.07332639129249247,
            0.23801327616794332,
            -0.959283192301162,
            0.7045892338887417,
            0.3358280141212966,
            -0.48724913865392194,
            -0.38417230487073556,
            -0.4925483763789915,
            0.7051433447935845,
            0.7018337812225476,
            -0.8982023781437307,
            -1.8417286547836365,
            0.5664907334696808,
            -1.685304973208334,
            0.6324231416170624,
            -0.7956570768925977,
            -0.5780942223293404,
            -0.10883192264827499,
            0.7088059774690767,
            2.3845614390673835,
            0.5074210014150387,
            -0.3747267882214921,
            0.5870860305490458,
            -0.8346070962290717,
            1.1411691821331604,
            -0.9491247660596898,
            0.0705932904176021,
            0.7253282101863554,
            1.2916628157450245,
            -2.0939403962633083,
            0.4352042102003453,
            0.8197712305961193,
            2.0001464698130604,
            -1.3887014465628322,
            1.1632748177914116,
            0.44540534099677526,
            -0.2929623350199007,
            -0.3151206985273493,
            -0.6782018789720563,
            1.489863270035529,
            -1.4721239689364751,
            0.17711562598350136,
            0.15704914673000708,
            0.507146684665247,
            -0.7191146842393866,
            0.5651411154495478,
            -0.2068269384603464
        ],
        [
            -0.3710227033220888,
            0.9180243546794049,
            -2.534894686997885,
            0.0,
            -0.953189911799081,
            0.21781892137840642,
            0.3196270306350523,
            -0.2116236430905909,
            0.30921634538752407,
            0.7563795482227889,
            0.9050713211924365,
            -1.4907183812400344,
            1.0526952546019104,
            -0.8705672161359674,
            -0.036929129617507585,
            -1.0645326109726232,
            -1.0275111249506232,
            2.2447099782920326,
            -2.1903038422411267,
            -1.4563478094575497,
            -1.8633747534362404,
            1.376007580304031,
            -0.02408128645965936,
            -0.7446335674986178,
            -1.027624234599868,
            -0.5002525936871319,
            1.260053153377321,
            -0.4925967236868573,
            -0.7978689033026339,
            0.8309796789638642,
            1.0246172497070567,
            -0.5136857158377638,
            -1.637818090545467,
            -1.7566784659300236,
            -0.3366099021084536,
            1.0171582166803237,
            -0.5813461373371893,
            0.7326636868847838,
            0.126068004268015,
            -0.25958500860963185,
            3.0393527092137465,
            0.28200247892600716,
            -1.3581010514079825,
            -0.7663773344242565,
            0.46259202244400877,
            0.5060897954646135,
            0.6112751784027091,
            0.059467528864936496,
            0.5412448295410808,
            0.15055682455338618,
            -1.2916936095413811,
            -0.1309335466059766,
            0.1477241396901351,
            0.24943499507071917,
            -0.544078782374493,
            0.24070928336310032,
            0.2968370644747625,
            -1.598090987800308,
            -0.40090970772285467,
            -0.30232565183935034,
            0.6609900856609529,
            1.6591943502657314,
            -1.6092546071592329,
            -0.25503990902679335
        ],
        [
            0.9145217798416131,
            -1.3264676044887285,
            -1.2784145908261864,
            -0.953189911799081,
            0.0,
            -0.20976312408264908,
            -1.1069103205445987,
            -0.13986844429210457,
            1.3343205423408175,
            -1.34022898211653,
            -1.4073464407897909,
            0.785613290976559,
            -1.2409725375452252,
            1.2614940497094937,
            0.006905185283233383,
            0.43849843546663747,
            -0.36273084623891305,
            0.12600719122810886,
            -0.8934895694906654,
            -1.0932243556062253,
            -0.8804821810343401,
            1.4424886117008733,
            1.197484288651846,
            0.3419914430291731,
            -1.202174673068433,
            1.108817485933601,
            -0.5533019320223161,
            2.4745889899180735,
            0.5293685891513268,
            2.1175815123736856,
            -0.2587131010730669,
            1.0587423656992103,
            -0.35967184881613284,
            -2.154819665704594,
            1.6766411702207553,
            -0.5495905641454395,
            2.28168059164286,
            -1.025159871314752,
            1.817337375942093,
            -0.3075085870237076,
            -0.33130152969314164,
            0.6339977981834775,
            1.717984204031024,
            -0.40156474773839806,
            1.4180461141413547,
            1.1423146846867949,
            1.2328384771921148,
            0.15172625031368325,
            0.9480764297580441,
            0.8326519065645187,
            -0.11814510728544315,
            0.3586861463253225,
            -0.7271817000743458,
            -0.726891585549979,
            -0.33543142548664423,
            -1.3578757294078112,
            1.5139212379401568,
            -1.469689905394663,
            -0.38631434878449916,
            0.17345216832522936,
            1.0221208030642988,
            -0.4277160254348244,
            0.12909329576018613,
            1.0013599991749293
        ],
        [
            0.6942368212019966,
            -0.28861366219920803,
            0.932735573366107,
            0.21781892137840642,
            -0.20976312408264908,
            0.0,
            -1.1070986099498217,
            1.1728519187056774,
            0.7677081019336289,
            -1.444078958586596,
            -0.6726077552892807,
            -0.4220426925709909,
            -0.08118479381084834,
            -0.06708672521140155,
            0.7282881059402858,
            0.16734871445733104,
            0.4893958675097315,
            -0.5708625268381804,
            -0.06472033148335876,
            0.9302223966817652,
            1.4913840808005983,
            0.16978096221107372,
            0.5830354765621235,
            -0.43857804530922606,
            1.6557978620729015,
            0.5680070236002591,
            -0.28802381877547156,
            -1.5183187453989986,
            -0.10918780047774235,
            1.2399043979311823,
            -0.6909205731157775,
            1.3431610700305088,
            0.5463653140640278,
            1.7007322383462697,
            -0.5617804461989528,
            1.2532012776471575,
            0.19983673799318302,
            -0.15085518079007015,
            1.4126695120549768,
            0.40659328938508826,
            0.2140575269796767,
            0.4312351029490935,
            -0.12138244578372812,
            -2.4441508128239717,
            0.26378350155599745,
            -1.1018057418955127,
            1.1888629768057961,
            -1.219971790292172,
            0.8106993542517384,
            0.32210853096237285,
            0.5511014911696147,
            1.389293266185351,
            0.6035226951859521,
            1.3456105935153724,
            1.1217695086443755,
            0.5170799474435407,
            -0.9281213648155936,
            0.5884133733802637,
            0.04350384085558421,
            -0.29677204350445013,
            -0.37530640691587613,
            0.6082575336877027,
            0.042522344722863606,
            -1.344833973601691
        ],
        [
            -1.1930732165660998,
            1.3510350613629003,
            0.9320250748478347,
            0.3196270306350523,
            -1.1069103205445987,
            -1.1070986099498217,
            0.0,
            -1.5153078385038787,
            -1.1051653989325187,
            -1.1171971081220495,
            -0.7269842024310645,
            -0.6031174012986704,
            -1.4796068446802384,
            -1.4598284468187483,
            0.37837900944455993,
            1.6532418376234201,
            -2.029811560099988,
            0.942050949288261,
            -0.6038652051523608,
            0.5874958174506819,
            1.7196853671459584,
            1.298182975769485,
            0.6469359881494726,
            -0.3753759406619727,
            1.3488235638314081,
            -0.36036574582477593,
            0.1299674093156108,
            0.1906038261777048,
            -1.9054528619856805,
            -2.432837217096516,
            -0.04521330438980053,
            -0.5524343775754954,
            -0.3233602435976014,
            -0.7128247068953192,
            -0.35779120057576563,
            -0.3206411055315892,
            1.3340808795924608,
            0.6384745007175057,
            0.6112539697902366,
            0.0661774869466432,
            -0.3357851634051063,
            -0.6547703805549482,
            -0.10757265865776895,
            -1.864109760570604,
            0.20504261454837044,
            -1.854924009859798,
            0.039184616757972295,
            0.5315775237126075,
            1.805559102908588,
            -1.9141775132966878,
            0.03073086304506225,
            0.45515400834281156,
            0.6491748969027822,
            -0.09410642502215763,
            0.3931487771389623,
            -0.6512848125553261,
            -1.00997387092533,
            1.334708506643723,
            0.23397612822774772,
            0.5212461171042538,
            1.4426692052868628,
            -0.47120586949634313,
            1.1392572133778214,
            0.7806902572225015
        ],
        [
            -0.7814821127722456,
            0.3422261199116352,
            -1.1643348983500812,
            -0.2116236430905909,
            -0.13986844429210457,
            1.1728519187056774,
            -1.5153078385038787,
            0.0,
            -1.996310808778523,
            -0.5475635847055891,
            -0.21525288927820743,
            -1.4499717452894092,
            0.18168854123001282,
            0.03145890808725126,
            -0.6328505264069748,
            -0.6725729957982479,
            0.6997072501175328,
            0.29288785880071505,
            0.8448816858947901,
            0.8852425422369807,
            1.1539595620867926,
            -1.011893591527617,
            1.69302182991607,
            -1.2858626454266322,
            0.08956244477614118,
            -0.2479781155563112,
            -0.025043046769211368,
            -0.08557188873423216,
            -1.5752550838778505,
            -2.91551890494113,
            0.9885742915472896,
            -1.0137124309271028,
            -0.5338888246871876,
            -1.3954340431739896,
            -1.2377768803469442,
            -0.49138346166492697,
            -0.4245814377904032,
            0.5379655447783679,
            1.4488746316648091,
            0.3420731729703705,
            -1.2100477080864576,
            -1.30180849346874,
            0.5922266259679082,
            2.3931296636797326,
            -0.23139199344338018,
            -0.8923456823416961,
            0.3997262229875422,
            -1.0294353953797397,
            -1.9873690809742925,
            0.8482494929022618,
            0.16699597901517743,
            -0.3366369091060716,
            -0.552493612197272,
            -0.19006078004565757,
            -0.14414275309415434,
            -0.08322860810118152,
            1.1957602152071538,
            0.18558511309212505,
            -0.368151863724626,
            -1.8210311259919887,
            2.0357890264781426,
            -0.8987513950108557,
            -1.0653983195405603,
            1.9170758637888574
        ],
        [
            -1.2017204314796601,
            -0.6519839889634841,
            -0.9079530132395125,
            0.30921634538752407,
            1.3343205423408175,
            0.7677081019336289,
            -1.1051653989325187,
            -1.996310808778523,
            0.0,
            -1.1795436438058475,
            1.5522335014007969,
            1.1045831135815851,
            -1.2212114431999608,
            0.4128860936846074,
            -0.24440362535570048,
            0.1508964649764425,
            -0.6820121264348181,
            0.7954198930734074,
            -0.41050434785906065,
            0.05826181615648313,
            2.253177426038951,
            0.2540876184343153,
            0.7643782879470029,
            -0.5246757386160318,
            -1.3658490982636193,
            -2.1912636918410278,
            -1.1868015807115742,
            -0.07735063725213352,
            -0.7469061873278621,
            0.1766849598051145,
            1.7776895435232423,
            -0.6717069431464368,
            -0.710442078192879,
            2.0539655605301954,
            -0.5949606222986895,
            0.32841653622740585,
            -1.5140929088235373,
            -0.20097782940177913,
            -0.4717974011656641,
            -0.3709287419465794,
            -0.11215355879971405,
            0.4238561534857298,
            0.032918467420441376,
            -1.9374130760079704,
            -0.12061170196726995,
            -0.4422082537135175,
            1.0203058148295396,
            1.30464970184198,
            -0.5633622269824142,
            0.3420759681597517,
            1.7261142778667997,
            -0.4285710716387771,
            -0.7289350646836743,
            0.8904702188646642,
            -0.466950913824164,
            -0.6159109645913836,
            -0.8792287925877802,
            0.05590965431436505,
            -0.3120910198460283,
            -2.764723291405532,
            -1.2359799033403491,
            -0.2653619366458815,
            0.4186915891102647,
            0.9992554784519386
        ],
        [
            0.5970057836427642,
            0.3132233096818477,
            -0.5673430433625577,
            0.7563795482227889,
            -1.34022898211653,
            -1.444078958586596,
            -1.1171971081220495,
            -0.5475635847055891,
            -1.1795436438058475,
            0.0,
            0.19938462617806438,
            0.06805392211990806,
            -1.6327809334149734,
            -0.9652010742925322,
            0.33628684210252113,
            0.11073171201795588,
            -2.773379900292782,
            0.503998731848742,
            0.7137541727961794,
            -0.4003263783733858,
            -0.09479530152694288,
            0.680825239781128,
            -1.1072388094934487,
            -0.11228021703155125,
            0.3102773626331027,
            0.6997128749245524,
            -2.357765283273639,
            0.9238991880153405,
            1.225139846388448,
            -0.21797845486031936,
            -1.077934131849056,
            0.9571635884000236,
            -0.16577686922752394,
            0.1110565862200823,
            -0.19377183681591223,
            1.279012970522028,
            -0.29287564655590814,
            -0.26959474971803477,
            0.19651734197130477,
            -0.09640516140985589,
            0.4904593299640665,
            -0.6607177787108326,
            1.1480314807235272,
            0.9555456934715089,
            0.2902791628992748,
            0.7455749011388494,
            0.7624381952899416,
            -0.7347288619025836,
            1.4123568701082447,
            0.5622312465322568,
            -0.6026378637237405,
            -1.3738073938715558,
            1.373686794518298,
            1.803633661889019,
            0.3862171360194907,
            -1.0235645992014728,
            -0.012508026246962404,
            -0.5019938655660938,
            -1.8542072444356341,
            -0.2577797157541813,
            0.5665061297257965,
            0.31717871920834156,
            -0.2663326518752851,
            0.4993025316931448
        ],
        [
            2.6603909422246033,
            0.7408653779469577,
            -0.09511260825725722,
            0.9050713211924365,
            -1.4073464407897909,
            -0.6726077552892807,
            -0.7269842024310645,
            -0.21525288927820743,
            1.5522335014007969,
            0.19938462617806438,
            0.0,
            -1.4144927238263683,
            0.29111352719312084,
            0.6241315746364561,
            0.2396403232827621,
            -1.3238740684488912,
            0.9312660951008895,
            -0.9907147026890298,
            -1.258723825423863,
            0.28943641532385533,
            0.1783421114159426,
            1.1484803789565345,
            -0.5755524857631573,
            -0.13374978329732828,
            0.6379250806636461,
            0.7927032445954012,
            -1.7417307498270513,
            -0.6688010579728603,
            -2.1038817621557953,
            -1.6213741277751785,
            1.2751458001619975,
            -0.32214815325737045,
            -0.08646602130793538,
            1.7677017366966759,
            -1.2203830366206108,
            -0.7692913515884459,
            -0.531912135386111,
            -0.2761083226523582,
            1.7512165849722632,
            0.2417643157334156,
            1.640014676123783,
            1.0708196968636001,
            1.0173353919479498,
            -0.34994394502691795,
            -3.450618998386276,
            0.24029241308958632,
            -0.22750624582542833,
            0.1956241949235698,
            2.0167168509540434,
            0.868465836389951,
            -1.3952631777540745,
            -0.43564366233145035,
            -0.6210981179336009,
            -1.583899830586337,
            0.3665448645364558,
            -0.498239874303497,
            -1.6473113984132854,
            -2.90122550178776,
            0.9008646487532258,
            -0.289956907612637,
            1.5911098559467598,
            0.08172358406698302,
            -1.0683883491025452,
            -0.4286791317527974
        ],
        [
            -0.684451950595662,
            0.10757510005605234,
            0.4559563972520652,
            -1.4907183812400344,
            0.785613290976559,
            -0.4220426925709909,
            -0.6031174012986704,
            -1.4499717452894092,
            1.1045831135815851,
            0.06805392211990806,
            -1.4144927238263683,
            0.0,
            -0.7303573315318583,
            -1.0979163211509937,
            0.12744799716159566,
            -1.3359871662664569,
            -0.7418588883520219,
            -0.37506338510792453,
            0.27151719035355554,
            0.7157921574054894,
            -1.3126765165622194,
            -0.2865601914479635,
            -0.25544942638104773,
            1.275478515727521,
            0.13619736232679192,
            -1.05667237252965,
            -0.17104250248951383,
            -0.7028329999458054,
            0.07904107185067649,
            -0.5015037890442721,
            1.1355859521076979,
            -1.8405493361546104,
            0.23058878617574124,
            -0.22302362685285504,
            0.9382944816305498,
            0.29493277985347033,
            0.6059985673890879,
            -0.08320909772400271,
            0.7137089967312006,
            0.19208210097387343,
            0.5151749811272729,
            -0.1069090360821317,
            -0.08951446515278899,
            -0.82355479330244,
            0.513852773372918,
            1.2134090845311905,
            -0.3781187402390769,
            -1.7683918016812035,
            -0.1458533312813056,
            -1.0858131853896957,
            1.2698683148247543,
            -1.1916218275334969,
            1.3675555905911108,
            0.4819422117123767,
            -1.4308668517078853,
            1.1225625706483537,
            0.17913302766392947,
            -0.2456671330010835,
            -0.9962352098497478,
            1.505057144703454,
            -0.9052528136273648,
            -1.3252438841617726,
            -0.3112120560463637,
            -0.434998840040472
        ],
        [
            1.1585331475766107,
            -1.4219906103759234,
            -0.36749549954501615,
            1.0526952546019104,
            -1.2409725375452252,
            -0.08118479381084834,
            -1.4796068446802384,
            0.18168854123001282,
            -1.2212114431999608,
            -1.6327809334149734,
            0.29111352719312084,
            -0.7303573315318583,
            0.0,
            -0.4749620040392498,
            -0.045045748346347794,
            -1.2187234977458419,
            0.23236004054310028,
            -0.5116067199017265,
            0.3639833050175614,
            0.3359749870982369,
            0.6381818409627412,
            -0.35606722453131767,
            1.2351836978811805,
            0.5109269773145195,
            0.9059423848462405,
            -2.605197633672359,
            -1.0580963366715486,
            -0.3368171265155711,
            -0.6608367752274589,
            -0.8769310727245735,
            0.8474462772861512,
            0.14200324041580673,
            0.7297860768507324,
            -0.42939757451885807,
            -0.6748207688441954,
            -0.29558795866072474,
            -0.7126940740376844,
            0.13769562596935297,
            0.9940835113571024,
            -1.1529334944588745,
            0.7430254533041181,
            -0.3748387215596918,
            -0.9193417320158909,
            -1.6368488687937761,
            -0.5409538767110462,
            -1.4739264215401806,
            -0.9870692303665972,
            1.98858364325443,
            -0.26757765782451637,
            -1.2191613329594013,
            -0.8047818962510856,
            0.058447556590076465,
            -3.1233238344270577,
            2.7808186528973007,
            2.0849218710709025,
            0.03735039085518588,
            0.8736071537358552,
            0.05921960851245366,
            0.26260208327608847,
            1.1351991446722065,
            -0.10930527786973007,
            -0.5297671164177787,
            0.10305356819292011,
            -0.5799419512642681
        ],
        [
            1.0501494371499274,
            1.1660790699027541,
            0.7517892400857047,
            -0.8705672161359674,
            1.2614940497094937,
            -0.06708672521140155,
            -1.4598284468187483,
            0.03145890808725126,
            0.4128860936846074,
            -0.9652010742925322,
            0.6241315746364561,
            -1.0979163211509937,
            -0.4749620040392498,
            0.0,
            0.9564040619641977,
            1.1169768919331928,
            0.5230924245860171,
            0.7321966086445036,
            -0.37550339107655073,
            -1.0229002071162134,
            -0.08181975803332817,
            -0.8199612273178073,
            -0.6134758792047965,
            -2.559525295361063,
            -0.0716846891288031,
            -0.2610545162845598,
            -1.1984599154468032,
            0.30141442129566587,
            -0.233973111206382,
            1.0257518745922587,
            -0.567080219093653,
            -0.5623740845279355,
            -0.615641622048879,
            0.13427489765258885,
            -0.2289246414856694,
            -0.9803803932706506,
            -0.6140912484364774,
            0.9652557044720561,
            -0.2120940779917927,
            1.7139212907834,
            0.42276014412629975,
            0.6499537966956008,
            -0.1049572038692841,
            -1.2878122826495184,
            0.7529274406274508,
            1.3151882747552024,
            1.8041313729938464,
            -0.14410341900187185,
            -0.8748974208689804,
            -0.39628372284779617,
            0.8198866701345413,
            0.8456117711497672,
            1.4215207036723785,
            -0.30835187430350935,
            -0.49479207960274557,
            0.39757875404891163,
            0.7037167931815842,
            -0.6776204368437214,
            -2.030538093408512,
            -1.1719366908834583,
            0.6989081945755289,
            0.2251325749277456,
            0.03341559446538583,
            0.193425125405043
        ],
        [
            1.8271182840383609,
            -0.08316130850250954,
            -0.907066748154636,
            -0.036929129617507585,
            0.006905185283233383,
            0.7282881059402858,
            0.37837900944455993,
            -0.6328505264069748,
            -0.24440362535570048,
            0.33628684210252113,
            0.2396403232827621,
            0.12744799716159566,
            -0.045045748346347794,
            0.9564040619641977,
            0.0,
            0.14923604503243015,
            -1.380263141058714,
            -2.871501696023323,
            -1.6379598337312908,
            0.4029777856849872,
            0.6840963888291753,
            -1.1605873048168323,
            -0.17459698503428575,
            0.7494173296591876,
            0.07542228190703819,
            0.04915210258506829,
            -1.1670596831643942,
            0.06663904984951063,
            0.9867067113698311,
            -0.11813022812078704,
            -0.23881984859067037,
            0.4240224582780062,
            1.3425352360156144,
            0.010167709091057055,
            1.4688802000928667,
            -1.1625173891097271,
            0.303934361556697,
            0.4062366793483912,
            0.48115609215545246,
            0.2770863776291254,
            -0.27752783239417983,
            0.843569476845848,
            -0.19192215715768576,
            -0.8794501213383695,
            1.600453055532287,
            -0.13499340113248268,
            1.0754990150952561,
            0.5314877751848719,
            0.11108777526346311,
            -0.7570804602466187,
            1.2446436818683986,
            -0.2846495893407582,
            -0.2501265559678517,
            0.5787292341922878,
            0.16615871570936788,
            1.893679763409981,
            1.1534144477321564,
            -0.38962523754528605,
            1.9009183523805246,
            2.9378635994255577,
            1.010562776941182,
            0.17251153380262987,
            -0.4424094461607174,
            1.5697126182435672
        ],
        [
            -0.36304495408053705,
            -1.4536796314120246,
            -0.15437838582069202,
            -1.0645326109726232,
            0.43849843546663747,
            0.16734871445733104,
            1.6532418376234201,
            -0.6725729957982479,
            0.1508964649764425,
            0.11073171201795588,
            -1.3238740684488912,
            -1.3359871662664569,
            -1.2187234977458419,
            1.1169768919331928,
            0.14923604503243015,
            0.0,
            1.265243124698522,
            0.08827813086341668,
            0.22069006008408382,
            -0.43625891190292254,
            0.21069586776135418,
            -1.9714802839207008,
            0.18412293366713944,
            -0.30758119016017216,
            0.9880001464594212,
            0.6993469865160207,
            -0.5060309341642346,
            0.03707547810185652,
            0.8079021049184436,
            1.3867793550870398,
            -0.5767371678644638,
            -0.10388280882198286,
            0.36956188383899335,
            -0.19605390124774325,
            1.0620209789112678,
            -0.22160602371502208,
            0.5042536505700318,
            -0.349602520645554,
            -0.5220145781098227,
            0.4318708567356528,
            -1.378529483474052,
            -0.8112863295092793,
            -1.6392381751780358,
            0.45934084956254895,
            1.241996431478182,
            1.270405379462254,
            -2.1356568145840193,
            1.4216590996130414,
            -1.4291807579403197,
            -0.22648747491987384,
            -0.9811439501793462,
            -0.3363139828529725,
            1.0138127173897435,
            -2.4101047679230017,
            -0.6157447213280659,
            1.2256919987763173,
            1.2537448215198432,
            2.075847040037353,
            -2.3281626565038342,
            1.3101754113509385,
            -0.8637269473978948,
            0.4426689171359212,
            -0.24623031775417545,
            0.332070304864129
        ],
        [
            2.648131084786369,
            -2.219347250627466,
            -0.3158666287852381,
            -1.0275111249506232,
            -0.36273084623891305,
            0.4893958675097315,
            -2.029811560099988,
            0.6997072501175328,
            -0.6820121264348181,
            -2.773379900292782,
            0.9312660951008895,
            -0.7418588883520219,
            0.23236004054310028,
            0.5230924245860171,
            -1.380263141058714,
            1.265243124698522,
            0.0,
            2.0181700451368636,
            -0.35702576475261266,
            1.0488582068383738,
            0.49499900669810537,
            0.47560264787290263,
            0.5437793100652412,
            0.08581208573635633,
            0.22726724025298678,
            1.533131898596464,
            -3.1140244449355072,
            -1.380809790159123,
            -1.1044945304515483,
            0.48839237647679357,
            -0.2904209812590577,
            0.5504610034444757,
            -1.2357940272212564,
            0.7280322120589006,
            -0.42199766146085405,
            0.6192823791219181,
            -0.1988163878189021,
            1.2765831455277041,
            1.218774620419735,
            0.09858600770447118,
            1.3256801023305613,
            -0.26461255876005196,
            -0.5974467884972395,
            0.9780123502055686,
            -0.829197707371085,
            -0.04375892451897268,
            -0.6150696969614554,
            0.6986890318908827,
            -2.06688683914959,
            0.9012466331172329,
            -1.2753339810217725,
            -0.6424515665023458,
            1.2423431168846608,
            1.809702235161047,
            0.44528215916278036,
            -0.08486120796256251,
            1.827767584714364,
            -1.1218564804244762,
            0.43837229815238843,
            -1.0501496924347102,
            -1.7477510457786516,
            -0.11180885560674814,
            1.0632010642191865,
            -1.7753861872835872
        ],
        [
            0.6078844891161647,
            0.8484877118326749,
            -0.07332639129249247,
            2.2447099782920326,
            0.12600719122810886,
            -0.5708625268381804,
            0.942050949288261,
            0.29288785880071505,
            0.7954198930734074,
            0.503998731848742,
            -0.9907147026890298,
            -0.37506338510792453,
            -0.5116067199017265,
            0.7321966086445036,
            -2.871501696023323,
            0.08827813086341668,
            2.0181700451368636,
            0.0,
            -0.0546171515032076,
            -0.031396308165148525,
            -1.1846673457018089,
            1.315817566987094,
            -0.7358030659753795,
            -0.6988706632832677,
            -0.10100651911917738,
            0.9288947668598734,
            -0.34156285895437755,
            -1.1286202009752535,
            -0.4150148264785638,
            -0.044758903764792614,
            -0.4003071055361233,
            -0.6868747445907295,
            1.8761652173684957,
            -0.4001211504651396,
            0.3291972023662349,
            0.33236135833856384,
            -1.1940504234328375,
            0.755053856722612,
            -0.4907158796465786,
            -0.30944353274569203,
            0.8284237065572375,
            -1.064588595800726,
            -1.6230060113080864,
            -0.07863895109703413,
            0.16709444135357837,
            0.2846962922871801,
            -2.293328595255848,
            -0.5946893429779225,
            2.7236402881968016,
            -0.24722631831129788,
            -1.2597539153278379,
            0.27591869913566663,
            0.6327835384695502,
            1.5004168630475447,
            1.818326880994993,
            0.0055366103691533415,
            -1.268919050349651,
            -0.42101876722807224,
            0.49884130053141296,
            2.00093983368345,
            -0.03351811388132783,
            -0.6396226557609483,
            -1.1690231983760278,
            1.0664936207588818
        ],
        [
            -1.1660226404393528,
            -1.3322491311807867,
            0.23801327616794332,
            -2.1903038422411267,
