{
    "N": 64,
    "id": "e2963fa0-4379-448b-ac73-c0b853892ff4",
    "problem_type": "SK Spin-Glass",
    "distribution": "gaussian",
    "spins": [
        1,
        1,
        -1,
        -1,
        -1,
        1,
        1,
        -1,
        -1,
        -1,
        1,
        1,
        1,
        1,
        -1,
        -1,
        -1,
        -1,
        -1,
        1,
        1,
        -1,
        1,
        -1,
        1,
        -1,
        1,
        1,
        1,
        1,
        -1,
        -1,
        1,
        -1,
        -1,
        -1,
        -1,
        -1,
        -1,
        1,
        -1,
        -1,
        1,
        -1,
        1,
        1,
        -1,
        1,
        -1,
        1,
        1,
        1,
        1,
        1,
        1,
        1,
        1,
        -1,
        1,
        -1,
        -1,
        -1,
        1,
        1
    ],
    "couplings": [
        [
            0.0,
            -0.1296654074890135,
            0.4824589615594299,
            -0.6515623669515407,
            0.6184482760737179,
            0.5238248591932171,
            0.0249605562157788,
            -0.10787179727519032,
            0.15148310021988226,
            1.289207380434478,
            -1.482108303347207,
            -0.7401545331091617,
            -0.45129483859777864,
            1.7658822384857802,
            0.18593301502368845,
            1.3951140259113537,
            2.8729444349910436,
            -1.8761850333433112,
            0.4528745206012571,
            -0.07412688824754095,
            -2.1251735437790122,
            -0.30498731806196505,
            -0.1991640964544203,
            -0.4503403217242065,
            0.6874372885483667,
            -1.133218986299957,
            0.04029989546369103,
            0.9044470183606541,
            -0.7327096611844552,
            -0.2515983185120233,
            0.6559162528988051,
            0.3320705447019901,
            0.14681993526709047,
            -0.19297618847287393,
            -1.9437578260777573,
            0.26951002776396965,
            1.0268905091019709,
            -1.085849717342228,
            -0.7960837447059833,
            -0.5976135864736307,
            0.6825677139119412,
            0.12806894759679308,
            -0.08940633515642611,
            -1.29543060718973,
            1.2886230366859515,
            -0.8732212094448548,
            -1.8091252114649867,
            0.7467117926896953,
            -0.4442386350353486,
            -0.45935960373372436,
            -1.7379238206946621,
            -0.5192003908107969,
            1.280557686640232,
            -0.16113050087704187,
            0.9988775574514643,
            -1.226299334089872,
            -0.21192158779547465,
            0.919898765879194,
            0.8000055455396652,
            -0.16285871193199386,
            0.1872260756076805,
            -0.19974241049155714,
            1.596838742876745,
            -1.351672208658259
        ],
        [
            -0.1296654074890135,
            0.0,
            -0.35704822368102196,
            -0.8481500122680418,
            0.7083242958206891,
            0.9533616297565972,
            -0.14033398373415013,
            1.2368092875450534,
            -1.5765767045940968,
            0.7937735932010681,
            -1.3754410202973812,
            -2.276030166513632,
            -2.724756666267358,
            -0.1854606845545809,
            0.0009968907504506067,
            0.35987716480903487,
            1.2638133656917185,
            1.0618130814050146,
            -1.8492181387165563,
            -0.8145761061305067,
            -0.11660244279349644,
            0.49290900161372136,
            -0.016875542980637384,
            -0.5205503930332059,
            -0.8079673892209742,
            -0.9731045197721214,
            0.0029975830780304873,
            0.6602189153546316,
            -1.1836274168680505,
            1.1370073266220277,
            -0.05376676560443168,
            0.5559108066343423,
            -1.3020411370308447,
            0.3175642650562516,
            -0.8206985005779598,
            -0.01306469800234163,
            1.6092113479200432,
            0.7443366333656105,
            0.3798864481288452,
            2.6432416143316315,
            0.7036125567161663,
            -0.6413522646473491,
            1.3171364943435062,
            0.33847333751568737,
            1.0304991850873284,
            -0.3924195168362208,
            2.140528130828715,
            0.01406596787489004,
            0.012099564248502245,
            1.7852970965274257,
            1.0048431804478726,
            0.1391635576958596,
            -0.22129373924346124,
            -0.18733864644981063,
            -0.07623335391999919,
            -0.08825094654114071,
            1.1663260183992687,
            -0.6119106149977218,
            -0.4624427940444755,
            -2.358195594004018,
            2.0234566789724338,
            0.9294382439503657,
            -0.8773206259579925,
            -0.33505037547088623
        ],
        [
            0.4824589615594299,
            -0.35704822368102196,
            0.0,
            -0.42083929656212404,
            0.5644142033704788,
            -2.1109651419993534,
            -0.14180691385989344,
            0.8995064869968867,
            -0.14183565434180453,
            -1.7965878831643252,
            -0.5476144929144591,
            0.3434854518776088,
            0.2979042791638659,
            0.6160630891467552,
            0.014973401527364585,
            -0.7555973216450508,
            -0.31587129040449297,
            0.2508003541184304,
            1.725341051261561,
            -0.006608922224989638,
            0.3067964680740603,
            -0.4907182740423381,
            -1.078835816024473,
            0.16793767315916047,
            -0.7476111415700711,
            1.0398063757482674,
            1.058222149216188,
            0.2902320168359584,
            0.8707035364515198,
            -0.17481563416267457,
            -0.30783970107329817,
            -0.687206633134753,
            -0.5744146435627876,
            -0.9011331353481745,
            0.42768822018427477,
            1.9486114841623157,
            0.30612470811114584,
            0.3106948538414344,
            1.0060166276150808,
            -1.0552867619903614,
            1.185201054944725,
            1.6285344938764246,
            2.0517275051970323,
            -0.2582226851756807,
            -1.3422197075573274,
            0.9988786911680788,
            0.12123836147786392,
            -0.039316141809813326,
            0.5213207237311369,
            0.5267080773489345,
            0.7021900386944747,
            -0.11707002674896123,
            1.129555147839739,
            1.2171154390451313,
            0.4576836109459888,
            -0.5047421817479386,
            -1.68099395567131,
            -0.6337100307919208,
            -1.0211810611803964,
            -0.699106617833892,
            0.8769206828890358,
            -0.6676977954114075,
            0.5067283072918508,
            -0.06118797371619963
        ],
        [
            -0.6515623669515407,
            -0.8481500122680418,
            -0.42083929656212404,
            0.0,
            1.02177057255449,
            0.798476601949119,
            0.6645152340582664,
            -0.9621314396423954,
            0.30110306527592823,
            1.6247035850639628,
            -0.25081185977173437,
            -0.5816503743327569,
            -1.0556673463540147,
            -1.2163853854899,
            -1.7812148876636302,
            -0.8919375882529685,
            0.7137343573144109,
            -3.5132102974506365,
            1.5052352374365938,
            -0.6162496543941421,
            0.04123393228552393,
            -0.2392333445354689,
            -1.0277337812616982,
            -0.5968992800828006,
            0.7411036327104985,
            -0.07297796632664923,
            -1.8858463813060502,
            2.558509835030839,
            -1.0843264904399224,
            -0.5083291740631224,
            0.6287899355563978,
            0.17297551372726958,
            -0.9969854645791997,
            -0.19909832465795693,
            -0.2198137945634762,
            0.5411918002546315,
            -1.0410537342570745,
            -0.25681154984253746,
            -0.42178176204795276,
            -0.4343673687758516,
            -0.6307532156695634,
            -1.0902611291910722,
            1.2102308711771674,
            -2.8395688344405605,
            0.1872916653440507,
            0.6786656454219606,
            -1.8425583922452486,
            -1.616496527238987,
            0.1349813195741496,
            0.8309636487802214,
            -0.5954248219256497,
            0.21867889655458778,
            1.5498924490890038,
            -2.353665567777732,
            1.6592532792174082,
            2.0601420962311026,
            -1.53330870711279,
            1.4379033775184582,
            0.1739744116773365,
            -1.1959365269033286,
            0.4166994549187273,
            -0.003418128886144764,
            1.2164975071585422,
            -0.08895179873175282
        ],
        [
            0.6184482760737179,
            0.7083242958206891,
            0.5644142033704788,
            1.02177057255449,
            0.0,
            0.6252487323801278,
            -1.6061696593789863,
            1.126643362602869,
            0.07518716347816483,
            2.0497477138156133,
            -0.347437672035191,
            0.4813393829466387,
            -0.3999691961807895,
            1.2423078728841837,
            -1.4384417069557154,
            -0.9260339310021373,
            0.37831883958999796,
            -0.5822640809146359,
            -0.060110049794782676,
            0.39010282840547694,
            -0.6299549155385736,
            0.4627876013085139,
            0.1359409964524907,
            -0.3211133060987782,
            0.1657673702311306,
            -0.34409848801778814,
            0.3339394223899021,
            0.4576395763431136,
            -0.1990617130940481,
            -0.09123261521958845,
            0.04051021406590271,
            -0.2623071264584756,
            -0.7001989791417588,
            -0.43241499043844545,
            0.18080803652801813,
            -0.9784850551178463,
            -0.12299516181008431,
            0.28053066109995595,
            0.3761156025124357,
            0.9801888288318271,
            0.5484451498292965,
            1.3951204059718703,
            -0.7655899761452832,
            0.32912004707988063,
            1.1807583224586324,
            -0.6461135962810279,
            1.1034903517771164,
            -1.6563640422708918,
            0.7258039559362003,
            -0.7348682506056943,
            -0.1588078747580366,
            0.12343548631207908,
            -0.4709162799907441,
            0.6615242496032835,
            0.5991695933047384,
            0.8048636132170769,
            -2.134351476471836,
            -1.3707678369605358,
            0.02308535628412315,
            -0.49314073532523633,
            -0.03458832362912469,
            -2.11772583726153,
            -1.4685995414495945,
            -1.7885631619199356
        ],
        [
            0.5238248591932171,
            0.9533616297565972,
            -2.1109651419993534,
            0.798476601949119,
            0.6252487323801278,
            0.0,
            -1.3497200823962965,
            -1.47168690997692,
            1.008187139343711,
            -2.4153533901938222,
            1.9716838192756463,
            1.1165830753612689,
            -0.0789296388781922,
            -0.7914912845189662,
            0.6338763560395083,
            1.0035171903440894,
            -0.11329002964132694,
            -0.5572406212152932,
            -0.4871597328166692,
            -0.020657920623015823,
            1.1950741181497955,
            0.061927817285000096,
            -0.04469123902345314,
            -0.3710780168465532,
            -1.3477165941192157,
            -1.4476699121079122,
            0.2344386668814399,
            -1.187134414376278,
            0.5377430913032408,
            -0.7523385836651397,
            -0.5781416428963958,
            -0.8333106890211788,
            0.8192682368679207,
            -0.1868965361054287,
            -0.5129995734232243,
            -0.5554048565438655,
            -0.8801171362910908,
            -1.6857194903513673,
            0.7842152523354758,
            -2.9392495722916303,
            1.877089793933597,
            0.47756037651271116,
            0.490686202446238,
            -0.2627695061727591,
            0.3816200222146186,
            0.3830461364869648,
            -0.2946649354971291,
            0.35767694131968114,
            0.5183133089741955,
            0.3549713674742026,
            0.776850984476065,
            0.35230180474851824,
            -0.41216598149075595,
            0.9974710036051049,
            -0.29058413347294054,
            1.1732762055851151,
            -1.2712526038928098,
            -0.1866449743032671,
            0.13289062075190355,
            0.023610398304797924,
            -1.1061862234498931,
            1.097671446425295,
            -0.41842449869677,
            -0.2601057126478824
        ],
        [
            0.0249605562157788,
            -0.14033398373415013,
            -0.14180691385989344,
            0.6645152340582664,
            -1.6061696593789863,
            -1.3497200823962965,
            0.0,
            0.5521413505568916,
            1.433052583040615,
            1.5726947665789366,
            -0.08865114364336076,
            2.6436907654471766,
            0.7311316263853729,
            -0.19479676751194525,
            -0.3729674449709409,
            -1.1697985071805987,
            -1.1504893115972894,
            1.9850405636981827,
            0.3108210825978825,
            -2.522189698874762,
            -0.36174290267223375,
            -0.13940606676814765,
            -0.74268697755959,
            -0.15855996468393618,
            -1.1835468389674624,
            0.5309143085008273,
            0.38541547101067447,
            -0.3687967473168796,
            0.24296426906753293,
            1.5399533600969961,
            -0.5713632468437628,
            -1.1257824858115169,
            -0.8079258568928118,
            0.5576624505760467,
            0.3613435567096397,
            0.35211835174970213,
            -0.9544510317352877,
            0.5280523533280739,
            1.5089825990672499,
            -1.3350563353318892,
            0.35978272670678035,
            -0.03176727174661718,
            -0.4852871800606347,
            0.8363692771202802,
            -0.6030870879603366,
            -0.8458180936896548,
            -1.9319509036005356,
            1.1184100123355898,
            -1.8862191125853378,
            0.6915416640579828,
            -0.3284682687907649,
            0.5835127270015613,
            0.9223254552798494,
            0.6271542437913955,
            1.1037361204435547,
            1.380901328722475,
            -0.4640469220214164,
            -1.0754043968992475,
            0.977055777325885,
            1.4152398065952074,
            -1.5827142809172638,
            0.36968876097885,
            0.24435042700925505,
            -1.0714064068880924
        ],
        [
            -0.10787179727519032,
            1.2368092875450534,
            0.8995064869968867,
            -0.9621314396423954,
            1.126643362602869,
            -1.47168690997692,
            0.5521413505568916,
            0.0,
            -2.4171782292653496,
            0.6093151684261042,
            -0.2804893760078098,
            -0.65483139445172,
            0.2082201550137262,
            0.45910202257756133,
            -0.05444806612709732,
            0.15637660719039398,
            3.1523628885076684,
            0.9948572231555503,
            -1.769292496753026,
            0.48722570311648145,
            0.25690423437175103,
            0.7226304265365711,
            -0.4145923128606733,
            -0.20455070144030973,
            -0.4365858340859527,
            0.46650847659776445,
            -0.2811997848397046,
            -0.9819344226382506,
            0.266280579331841,
            0.2922797046423869,
            -1.1658335463271636,
            -0.15078429467916987,
            -1.5962136776183682,
            0.5750355391471293,
            -0.015500234162007104,
            0.1289050308546603,
            0.765144857373262,
            -0.2301847976183146,
            0.8073478920542205,
            -0.256307405839349,
            1.2239021310219906,
            -0.7002488595914678,
            1.8084067474029146,
            1.7488640445585475,
            1.8954988686400127,
            1.3916004177779728,
            -0.6193997103829582,
            -0.4794312524453567,
            -2.5700548647502286,
            1.2881186205389907,
            0.6867767460851986,
            0.6465587297796519,
            -1.0407558909182941,
            -0.1735614695023192,
            2.8668466507313886,
            1.392782610389704,
            -0.3637505545624601,
            0.36362189241504794,
            -1.0431213537854227,
            1.5011915839675771,
            1.2553773481910098,
            -0.29291114365103155,
            -2.213554246362944,
            0.2679148670511834
        ],
        [
            0.15148310021988226,
            -1.5765767045940968,
            -0.14183565434180453,
            0.30110306527592823,
            0.07518716347816483,
            1.008187139343711,
            1.433052583040615,
            -2.4171782292653496,
            0.0,
            -0.1932282404247505,
            -1.7844300128335007,
            -0.8336146435764723,
            0.8646098742528012,
            -1.3024317840916235,
            -2.08481593473324,
            -0.06573774806060363,
            -0.8591410156518926,
            -1.339536262910661,
            -0.26447641745341843,
            0.19523714984810359,
            -1.0430639636112613,
            -0.8571082445285169,
            -1.4171937568641821,
            -0.9621086065238298,
            0.016515575808501354,
            0.02236260065684776,
            0.33105070937301395,
            1.2975873906902486,
            0.1638330487093958,
            0.6409440878767007,
            -0.19216056153870634,
            -0.3960839561783507,
            -0.6870260428683932,
            -0.8431767322486685,
            -1.2825112191377779,
            0.2965045194934668,
            -2.5062604921736176,
            0.6001490029248723,
            -1.7490144329332935,
            -1.726705857048874,
            -1.2484664625527246,
            -0.0636462172449513,
            0.8828509111302039,
            0.8994146792273878,
            0.2546540610083411,
            1.05050998559292,
            -0.3117585181259063,
            -1.529234436192795,
            -0.3127600922951053,
            -0.03991624144051824,
            -0.8722245845991173,
            -0.21794458160269894,
            1.1002412367512644,
            2.448194473810742,
            0.5952593067002375,
            0.10999242825708362,
            0.3463864215200326,
            -0.3072016077626513,
            -1.4160247977696967,
            -0.27530483481762474,
            0.06855866954110318,
            -1.276819857551249,
            -0.20147583927750543,
            -0.38375367408002464
        ],
        [
            1.289207380434478,
            0.7937735932010681,
            -1.7965878831643252,
            1.6247035850639628,
            2.0497477138156133,
            -2.4153533901938222,
            1.5726947665789366,
            0.6093151684261042,
            -0.1932282404247505,
            0.0,
            -0.6502439905566681,
            0.2182634905776594,
            0.4833332032526373,
            0.6183167753763862,
            1.9588120015959463,
            1.1306095551473527,
            1.0957539991989913,
            0.5626784984666249,
            1.3139844583695541,
            0.09413191392870784,
            -0.7721658609572825,
            -1.2532833886778962,
            1.3432285313492722,
            1.6358558803315677,
            1.7974112101777922,
            0.8689603375350805,
            -0.8625817883035001,
            -0.6059056226954783,
            -1.1255729795805591,
            0.7717818063345011,
            0.7599153917573999,
            0.858982111124761,
            -0.9941087658767093,
            1.2347975762746914,
            -0.026480765803388165,
            0.987800126306226,
            0.8355014311864798,
            0.20701449714718026,
            -1.2515497889986502,
            -1.2243042584316481,
            -1.2967140350028319,
            1.5533706683545498,
            -1.137523312799672,
            -0.004075059302852038,
            0.9376139291919113,
            0.6491836966936898,
            0.4150885161069153,
            -1.4824198039549434,
            0.48503987645920815,
            1.096971224671142,
            -0.36011515360350266,
            1.067319306285317,
            0.4915091201729039,
            0.36946464630543285,
            0.6024078374920245,
            -1.181461400028952,
            -1.2298714779525033,
            -1.494057248100925,
            -0.254345265298614,
            1.1271216365205556,
            -0.09972730317387735,
            0.13759580653956516,
            0.15864055477008301,
            -0.34020654261746847
        ],
        [
            -1.482108303347207,
            -1.3754410202973812,
            -0.5476144929144591,
            -0.25081185977173437,
            -0.347437672035191,
            1.9716838192756463,
            -0.08865114364336076,
            -0.2804893760078098,
            -1.7844300128335007,
            -0.6502439905566681,
            0.0,
            -1.467145701625221,
            -0.04885012040190558,
            -0.6671663816897366,
            0.14828707870725938,
            -1.1316254255311515,
            -1.4171806470561508,
            0.29581437789214077,
            -2.4789960511014892,
            -0.9979666325597631,
            0.7229887478755941,
            0.25417178655228495,
            -0.580522663707045,
            1.0402495640201919,
            -0.700607506775081,
            0.618771768745663,
            -0.7549155772324192,
            -0.07994121488742349,
            0.4762664469093695,
            -0.49320199220545147,
            -0.567375529625043,
            -0.31586166619057315,
            0.7628899679658266,
            -0.9880388835050133,
            -0.5305409964019663,
            -0.5158740472020147,
            -1.3506864441205213,
            0.8302001926188727,
            -0.08620272865742737,
            -0.27833136809778297,
            0.670619276188878,
            0.9622233882372292,
            0.9393670857196801,
            0.9164641577466136,
            1.7291581302078032,
            -1.9221531125169344,
            -0.02162475797251794,
            -1.2383711362012635,
            -0.13286896253008823,
            0.27916647492237057,
            -1.0443603080754877,
            0.04306376531497482,
            0.3244387699407461,
            -1.0254989024920573,
            -1.028094259768093,
            0.8221396928146684,
            0.7253517762009243,
            -0.8306851371940872,
            0.06597156953547717,
            -0.8314490752197619,
            0.0397845030258392,
            1.2590094068516984,
            -0.772622095381773,
            0.4861535123647826
        ],
        [
            -0.7401545331091617,
            -2.276030166513632,
            0.3434854518776088,
            -0.5816503743327569,
            0.4813393829466387,
            1.1165830753612689,
            2.6436907654471766,
            -0.65483139445172,
            -0.8336146435764723,
            0.2182634905776594,
            -1.467145701625221,
            0.0,
            0.5250409566091159,
            -1.091313282206396,
            0.2537875301224093,
            0.8085172137129895,
            -0.1360773223936004,
            -2.6734994548860116,
            -0.9530593005289448,
            -1.882892358725317,
            0.6411976554005648,
            0.32967387272225424,
            0.4715050252930914,
            -1.1311437687173014,
            0.31512279602731935,
            -1.7287045677340322,
            1.5966001237098362,
            1.1619178416113687,
            -0.9082386899731046,
            0.050405526300545844,
            0.8842485186476943,
            -0.7520088142825502,
            -0.5239408493618946,
            -0.36747332496037555,
            0.5266724105461615,
            0.5242146487415373,
            0.9363601254756875,
            -0.8853706594061275,
            -1.5356019689714289,
            -1.7543149145685057,
            -1.067367084362921,
            0.6180927105604331,
            -1.1601746989727844,
            -0.12562789265530516,
            -0.24507951816168516,
            -0.2930822820744559,
            0.03146375155104034,
            -1.0447540207591575,
            0.3373325683014258,
            -0.6683087698316645,
            -0.37118873226964283,
            2.574691827683475,
            -0.10317151656192008,
            -0.8488558887366393,
            -2.217212893209903,
            -1.6636603372556653,
            -0.058058161291789735,
            1.6985934318115592,
            0.7682709248669588,
            0.9456763170207463,
            -0.4685550155472315,
            0.17422911666844967,
            -0.18162398558178902,
            -0.4259954436217882
        ],
        [
            -0.45129483859777864,
            -2.724756666267358,
            0.2979042791638659,
            -1.0556673463540147,
            -0.3999691961807895,
            -0.0789296388781922,
            0.7311316263853729,
            0.2082201550137262,
            0.8646098742528012,
            0.4833332032526373,
            -0.04885012040190558,
            0.5250409566091159,
            0.0,
            0.3339563051083711,
            0.6064332166402581,
            -1.097307384635056,
            -1.014396740512847,
            2.559973232765111,
            0.4671963755060746,
            -2.112593716277198,
            1.7191999534843423,
            1.2206767536095353,
            -1.5970533601990566,
            0.13576683599619002,
            0.2387924679196266,
            0.6862277072998869,
            -0.9682924349099392,
            -2.0170587197094356,
            -0.6707326450160673,
            0.6329080348967415,
            1.1127689325160446,
            0.5371078906850449,
            0.7429870617341491,
            0.39097019244096026,
            -2.460127382571412,
            0.5411848097195774,
            0.021659867400417105,
            -0.02062201512611834,
            -0.009961293087852737,
            0.5805550893313584,
            -2.446822460740228,
            -0.5984951931359719,
            -0.06902690439532465,
            1.0851951793034724,
            -0.47502780087837526,
            0.5789454288393756,
            -0.3251086840869776,
            0.5461666126664473,
            -0.37784812989916217,
            0.0481844749836048,
            0.7397458126197093,
            -0.4146003994377968,
            -0.46988280700558066,
            1.7553835422665955,
            -1.894324448158805,
            -0.28398697668083916,
            0.07993967813604579,
            -0.9433726395605213,
            1.1950512055666793,
            -0.016182935315091674,
            1.3704190490838966,
            2.1425155790503463,
            -0.5832011727424992,
            0.5112325221300531
        ],
        [
            1.7658822384857802,
            -0.1854606845545809,
            0.6160630891467552,
            -1.2163853854899,
            1.2423078728841837,
            -0.7914912845189662,
            -0.19479676751194525,
            0.45910202257756133,
            -1.3024317840916235,
            0.6183167753763862,
            -0.6671663816897366,
            -1.091313282206396,
            0.3339563051083711,
            0.0,
            -0.20052493795199505,
            1.417878702513699,
            0.020543621576724718,
            -0.012709746866573664,
            0.822013039000706,
            1.445675588141387,
            0.9958409183162448,
            0.27078913068690186,
            1.645155338129673,
            -1.3859486441024071,
            2.187261556484361,
            1.7214507626628235,
            0.2827012439747469,
            -0.5932427974839296,
            -1.730718764149066,
            -2.36078775055848,
            -1.4008603574718161,
            -1.5293271910546773,
            2.8651706527560648,
            0.6733285837848972,
            -0.3282212322190342,
            0.6567812113229134,
            -1.7810831361166788,
            0.2449509394287837,
            -1.170830777236485,
            0.026385665732297937,
            -0.9081769823167264,
            -0.1975143639397135,
            2.1902875387052805,
            0.10095437221086694,
            -0.1201938465995986,
            0.22091484503790076,
            0.49480311241203667,
            1.4380162939572325,
            0.1800291235247764,
            0.3693730893646452,
            0.4460015183265419,
            1.5419132164373002,
            -3.1377652911124243,
            -0.5085433682428406,
            1.5058180268637074,
            -0.8938371375408636,
            2.0082624912100204,
            2.415369825126784,
            -1.388468204916511,
            0.43299801324589693,
            -0.08495082422960981,
            1.071110134266637,
            0.11470490469607404,
            -0.16826907589834744
        ],
        [
            0.18593301502368845,
            0.0009968907504506067,
            0.014973401527364585,
            -1.7812148876636302,
            -1.4384417069557154,
            0.6338763560395083,
            -0.3729674449709409,
            -0.05444806612709732,
            -2.08481593473324,
            1.9588120015959463,
            0.14828707870725938,
            0.2537875301224093,
            0.6064332166402581,
            -0.20052493795199505,
            0.0,
            -0.4490223743618225,
            -0.12422792501739978,
            -0.32930134513772963,
            -0.14054716141548323,
            0.3547979489862638,
            -1.1577317255220512,
            -0.16940378303560996,
            1.7505780802486144,
            -0.0029757353855183397,
            0.8387741174404798,
            -1.0805052689771188,
            1.2683702996991653,
            -0.4558019394063615,
            -0.6129059779076568,
            1.151216156261975,
            -0.4141577837414469,
            -0.5779684048582908,
            0.7103454697020977,
            -0.2161953795883997,
            -0.35816653574295965,
            -0.4175113600726699,
            -0.0965184310946591,
            -1.2017204630755822,
            1.106688326047349,
            -2.9578134657601196,
            0.06183753775112061,
            0.941911925541142,
            -0.2765830580503755,
            0.5526520899230795,
            0.059645436434158934,
            -0.034287733265703085,
            -0.3343050636819573,
            1.0766787230089818,
            -1.0344705018806672,
            1.0683852833039378,
            1.6604668761988843,
            -0.2295830377276892,
            -0.18642400163371303,
            0.2523020303506974,
            -0.3015295235414109,
            -0.09508356430378162,
            -0.38353430260896,
            0.1362067277286282,
            -1.0151253457742795,
            -0.31634065686281904,
            0.003714445064842586,
            -0.8257783161766521,
            -0.5593459689811368,
            -0.6007334254249486
        ],
        [
            1.3951140259113537,
            0.35987716480903487,
            -0.7555973216450508,
            -0.8919375882529685,
            -0.9260339310021373,
            1.0035171903440894,
            -1.1697985071805987,
            0.15637660719039398,
            -0.06573774806060363,
            1.1306095551473527,
            -1.1316254255311515,
            0.8085172137129895,
            -1.097307384635056,
            1.417878702513699,
            -0.4490223743618225,
            0.0,
            -1.4918706250677691,
            0.31570629313558546,
            -0.3497841583327338,
            0.6378403666983288,
            0.5105436211541561,
            0.08427407890895001,
            1.2531515580471204,
            0.33313597168015324,
            0.48955775234883453,
            -0.41859675909677685,
            -0.42516326251845804,
            1.3341108244696622,
            -0.5428529277160846,
            0.8409691403732573,
            1.084785530352193,
            0.09351862155491718,
            0.05829662477611042,
            -0.024908805609951228,
            -0.09058185009071135,
            0.33621145069804864,
            0.7927899835408252,
            1.3184936065339372,
            0.151574190103451,
            0.4932138050252958,
            0.04874451946774989,
            0.08144586454478975,
            1.5396003314401476,
            1.873583153123748,
            0.8322303589347398,
            0.712150598608877,
            -1.2502154289926197,
            0.7754343887411418,
            0.07610052308351223,
            -0.9632839870876138,
            1.0364072055046625,
            0.04811140160384057,
            0.2050871176845094,
            -1.3322550090493492,
            -0.6693069317723683,
            -0.0907150477807016,
            -0.16053426809522345,
            0.46540608744836465,
            -0.49581034367981724,
            -0.3510993714135222,
            -1.4465114968281187,
            -1.2707485088598105,
            -0.7443264126896059,
            -0.8089177207244399
        ],
        [
            2.8729444349910436,
            1.2638133656917185,
            -0.31587129040449297,
            0.7137343573144109,
            0.37831883958999796,
            -0.11329002964132694,
            -1.1504893115972894,
            3.1523628885076684,
            -0.8591410156518926,
            1.0957539991989913,
            -1.4171806470561508,
            -0.1360773223936004,
            -1.014396740512847,
            0.020543621576724718,
            -0.12422792501739978,
            -1.4918706250677691,
            0.0,
            -0.428190885279183,
            -0.5907106119157125,
            -0.7758635226051216,
            1.1833399527002033,
            -0.03100264455014827,
            0.859353948817447,
            0.25044027225047605,
            -0.3589058856299616,
            -1.955639822486185,
            2.0725437880424513,
            0.5284719489310582,
            1.0355612929732387,
            -1.8600646977722368,
            -0.08555758849627876,
            0.9426942918092291,
            1.2127799755147084,
            1.4031776796378606,
            -0.8520398978378417,
            -2.4801408431244454,
            -0.7164708186805462,
            -1.529944817252661,
            0.1421413319187234,
            0.6275548476899495,
            -1.3141777289530328,
            -0.9653902804896597,
            0.1322492916441547,
            -1.1912748080301134,
            -0.15158899665894549,
            -1.097959972761557,
            -0.13334911742442643,
            -0.17017080475038068,
            -2.1883504605478454,
            -2.9774704697341927,
            -0.2222430665815806,
            0.5355697785055731,
            -1.0887787332553454,
            -0.6328972785040237,
            -0.24728595393633693,
            -0.13679906815000445,
            1.1674421953050862,
            -0.9906006470533555,
            -0.3970672931296116,
            -0.3624560418289256,
            -1.305308639895216,
            -0.2863748572225013,
            0.20120040549467502,
            -0.9070602871095086
        ],
        [
            -1.8761850333433112,
            1.0618130814050146,
            0.2508003541184304,
            -3.5132102974506365,
            -0.5822640809146359,
            -0.5572406212152932,
            1.9850405636981827,
            0.9948572231555503,
            -1.339536262910661,
            0.5626784984666249,
            0.29581437789214077,
            -2.6734994548860116,
            2.559973232765111,
            -0.012709746866573664,
            -0.32930134513772963,
            0.31570629313558546,
            -0.428190885279183,
            0.0,
            -0.2985000865136223,
            -0.2017582861010159,
            1.1217367634413857,
            -0.9884772382433045,
            0.36124216034406936,
            0.3592437451367738,
            0.9370457300155353,
            -0.13020186299738742,
            -0.37831309416453396,
            0.27134857022647185,
            1.2350020772878723,
            0.4816437456139181,
            -0.588396172923804,
            -0.5787224661882587,
            0.21834787641990894,
            -0.050497115065263685,
            -1.3846023332993551,
            -0.4945343390623711,
            -0.3335541139177904,
            -0.7174197635725066,
            2.384093872647063,
            1.4811658687712996,
            -0.13018057853302253,
            0.3184332710225037,
            -0.49744386801863144,
            -1.4547232401527428,
            -0.07430092340136554,
            0.5043667065931161,
            -0.4468730893380926,
            0.9589485953637501,
            0.7269029204010002,
            -0.34097238191630536,
            0.30021781923798496,
            1.8566851641395774,
            -0.16092365150750673,
            -0.9868783989141963,
            1.3419728034797846,
            -1.5176178941151426,
            -1.0272366221506213,
            0.23869780322584386,
            -0.20149574031074824,
            -0.3849149509198548,
            0.1591288305242334,
            -0.14311429987970373,
            -1.0244852902734085,
            -0.8915307295918075
        ],
        [
            0.4528745206012571,
            -1.8492181387165563,
            1.725341051261561,
