{
    "N": 64,
    "id": "72310ca5-6f5d-48db-8d95-934c4eb4a268",
    "problem_type": "SK Spin-Glass",
    "distribution": "gaussian",
    "spins": [
        1,
        -1,
        -1,
        -1,
        -1,
        1,
        1,
        -1,
        -1,
        1,
        1,
        -1,
        1,
        1,
        1,
        -1,
        -1,
        1,
        1,
        1,
        -1,
        -1,
        1,
        -1,
        -1,
        -1,
        1,
        -1,
        -1,
        -1,
        -1,
        -1,
        1,
        1,
        -1,
        -1,
        -1,
        1,
        1,
        1,
        1,
        -1,
        -1,
        -1,
        -1,
        1,
        1,
        -1,
        1,
        -1,
        -1,
        -1,
        -1,
        -1,
        -1,
        -1,
        1,
        1,
        -1,
        1,
        1,
        1,
        1,
        -1
    ],
    "couplings": [
        [
            0.0,
            1.0862270345854925,
            0.48243532585124055,
            -1.0101390732734614,
            1.4676307767593997,
            0.12993092844160614,
            -1.099932527051767,
            -1.0686482106191348,
            -0.06247529190347882,
            -0.8475977474831775,
            -0.16085395713318743,
            0.8590656140292297,
            0.5037524828975565,
            -0.8438916750844543,
            1.22788931886884,
            1.3408120858158938,
            -1.2691874182502059,
            0.31520042668625603,
            -0.2528592139096004,
            -1.0029820861614187,
            0.022793670864518296,
            -0.39288246724749315,
            0.5673898575131807,
            0.8702322910687388,
            1.6263558943962289,
            0.005913181271204292,
            -1.4270792485064918,
            -0.3940910337971374,
            -1.3307038673106726,
            -0.20978736384392158,
            -0.7514265708391633,
            -1.85319476404457,
            -1.139497649778401,
            0.8843413202135105,
            1.0026850356025367,
            -0.5226233871156791,
            -0.9433784841600057,
            1.7271513227462851,
            -0.6499479863221008,
            0.3285123429361218,
            1.020904975222786,
            0.7964384311258024,
            2.2117802588497755,
            0.23350006095786774,
            -0.1251148051234057,
            0.19648513564903103,
            0.7368468327399479,
            -1.5829437753149846,
            -0.52711794403817,
            -1.5892148991674229,
            -2.3224955858283614,
            -1.5794586713878573,
            1.883727905972644,
            0.36809605039881155,
            0.3553496794450813,
            1.5746092149854147,
            0.27274495366379964,
            1.1677227407756983,
            0.5033100497750037,
            2.700352519585374,
            0.12643407015810929,
            -0.30058565849668806,
            0.6131988902370598,
            0.8095952964566194
        ],
        [
            1.0862270345854925,
            0.0,
            0.07304592293062089,
            0.5392934066395605,
            1.0464529675097094,
            -2.0221460327578606,
            -0.9342554493539026,
            -0.3898638808356014,
            1.939319166758164,
            1.5336181983373998,
            0.5844107141269148,
            1.1189830977387523,
            -1.4449604065809682,
            -0.27771056244299935,
            -0.6983087787136415,
            -0.10815919914555058,
            -0.3587135439401186,
            1.2626753235225108,
            -0.480533669210069,
            -0.31815701002254854,
            0.8489140628094561,
            1.2736199376628603,
            0.17269077695568355,
            1.04830842737115,
            -0.8209998432911005,
            -0.5335890395331339,
            0.7085295628141733,
            -0.6989070067624695,
            0.4798242654423494,
            -0.8848958294404099,
            0.409625317365632,
            0.9122683823384237,
            -1.4835208042796189,
            -1.2334824964006643,
            -1.238800986334275,
            -0.22038722756267112,
            -0.34047191241748004,
            1.3220718586216993,
            1.1225071962137307,
            0.28976922883576095,
            1.1238649912822125,
            0.5507196072440739,
            -1.1384080231691545,
            0.2525914959645685,
            0.5153263951118601,
            -0.060719443387956096,
            -2.257070601961986,
            -0.7192884274587041,
            0.01409445374855892,
            -0.06579117290389386,
            -0.7464560758881684,
            -0.8647548326505086,
            1.6157430909385089,
            1.640194529279368,
            0.23948078598986614,
            0.10218281767258769,
            -0.264018832077601,
            -1.1341435013189751,
            -0.5660962041017685,
            -1.3509002475864396,
            0.8140524447190777,
            -0.3627353255150985,
            0.41306298386564977,
            -1.1407316536152787
        ],
        [
            0.48243532585124055,
            0.07304592293062089,
            0.0,
            -1.4201090771238787,
            0.5734254170872014,
            1.2173110267731209,
            -0.19111065556741638,
            -0.21970697028180797,
            -1.5449233777031046,
            -1.1938571200794563,
            0.39998728990203053,
            -0.5962771909717675,
            -0.8492962098657126,
            0.714950901987291,
            0.5110561584405487,
            2.010172197759011,
            -0.9127666475776126,
            -0.4256999705862359,
            -0.46042194074043336,
            0.16992693258584518,
            -0.9466388204639458,
            -1.2200729702584494,
            0.23015216537441988,
            -0.7503388050528343,
            2.2377708419665585,
            2.1069103283208643,
            -0.23901506239621495,
            -0.8667023127587188,
            0.13227927993857144,
            -0.37045395780499574,
            -0.07582897096128455,
            -0.8960911785214389,
            -0.8900546498263756,
            1.0691849193290937,
            -0.42367475942058735,
            1.2568098079021266,
            -0.3822532523826317,
            0.35433087286352827,
            1.3469030912767117,
            0.8589135439878244,
            -0.41650359264898307,
            -0.0556377163260232,
            0.0664397737494086,
            -0.12564097457874732,
            -0.39783134261568986,
            0.35501128607544685,
            -0.9991091011587565,
            -0.5018605467992874,
            -0.9442005709589693,
            -0.05014984840960775,
            -0.11109251861945851,
            2.375150703156772,
            -0.43931651477030803,
            -0.9715584945178181,
            -0.9637591569362692,
            0.42138834261872016,
            0.7502333855548698,
            0.12818378530359428,
            0.1085154638705449,
            0.8244194718791986,
            -1.8441766094565808,
            -1.116182866854804,
            -0.2569145533413856,
            -1.55990724792309
        ],
        [
            -1.0101390732734614,
            0.5392934066395605,
            -1.4201090771238787,
            0.0,
            1.0355064187967589,
            -1.472988673275533,
            -0.4226906918105819,
            0.9830412846441842,
            0.13782997912296532,
            0.8397366489423119,
            1.2882513812849257,
            -0.06862677000927456,
            -0.4246855905505513,
            -0.26121091662200213,
            -1.8643701017722871,
            -1.4378029211120191,
            -0.364141815523806,
            -0.728027354162087,
            -1.0622704107214433,
            0.672042451103147,
            1.6000338484537573,
            0.3751392088230855,
            0.4557828167771226,
            0.9954326912624649,
            -1.2120103734464371,
            1.0287184218603818,
            0.07729751651064035,
            0.10647937679685769,
            -0.1042269687311595,
            0.5499692584097281,
            -1.6380435014778696,
            0.037294150682963295,
            0.8104706370024349,
            1.7183912710217366,
            -0.23625596869197815,
            -0.07338131810849897,
            -1.0185394475699814,
            -0.11077021645382164,
            1.2656562589762637,
            -0.05472989282697804,
            -0.4610794270814558,
            -1.4395796768063556,
            -0.6793369608914768,
            0.2576264145640896,
            0.9629052766542342,
            -0.48549394126189344,
            -2.002329820802591,
            -0.1653517281682121,
            -0.12431161776675918,
            -0.7796212622393631,
            -1.3279486678699806,
            -0.9936074081708292,
            -1.3356972587063385,
            0.43479078421181794,
            -0.2837751199605979,
            -1.18853586672913,
            0.3354432731596668,
            -0.269298421820487,
            -1.0984317209640602,
            -1.5905182888532092,
            -0.02983835804137755,
            1.0780420831618036,
            -0.5771360648175792,
            0.7463206367632923
        ],
        [
            1.4676307767593997,
            1.0464529675097094,
            0.5734254170872014,
            1.0355064187967589,
            0.0,
            0.7496287588788199,
            0.13358606016872113,
            -2.756439399839966,
            0.4437663354251746,
            0.3104966301375249,
            0.29530740654947063,
            -0.8935044156309055,
            0.2867124709120122,
            0.3716837486323162,
            -0.25685755615516,
            0.08468152756348317,
            -0.6110988437039881,
            -1.5440563297275396,
            2.495325360851856,
            0.41259509690156143,
            -0.8743078933652229,
            1.6394537824167401,
            -0.8408849905629315,
            -0.035591872004194475,
            -1.0373404431084392,
            -1.092971218608732,
            0.41528076054654306,
            -1.145149339287722,
            -0.7756047229599132,
            -0.7198748190799258,
            -0.38981654178435343,
            -0.3619254842273976,
            0.5957706259426713,
            0.10867933580637357,
            0.7541078374641502,
            -0.7236939037885154,
            -0.1697293518725293,
            1.1438739864641143,
            0.7559366015414526,
            1.419954710796125,
            0.020200462916392933,
            0.47160784397474875,
            -0.0984440111420156,
            0.5533206620441719,
            -2.693453294668614,
            0.4133063583833966,
            -1.0357930835768974,
            -0.21541004232496444,
            0.2028784537571765,
            -0.1510230504088705,
            1.4615233041564217,
            -0.12815989082548732,
            -0.12004241132995637,
            -1.1111578761016474,
            -2.4749055753835,
            0.15612128851041476,
            -1.18299365210002,
            1.6052595521121917,
            0.3786630977604038,
            -0.5239255349901941,
            0.23405579356810133,
            0.9469009382192786,
            -0.12472864799568754,
            -1.4681096695791997
        ],
        [
            0.12993092844160614,
            -2.0221460327578606,
            1.2173110267731209,
            -1.472988673275533,
            0.7496287588788199,
            0.0,
            -0.7604313845548588,
            0.7824374416358395,
            0.016523334814596655,
            0.25162473896392124,
            -1.4341472226841676,
            -0.6539166936472757,
            -0.3514232745689026,
            0.507010941165867,
            0.40363338410981203,
            0.279203424380601,
            0.6944654845450295,
            0.23434714663958373,
            0.5831205827877444,
            0.22109065977762812,
            1.6296887916069982,
            -0.8912192385062488,
            0.024542387991216424,
            0.2716627168391231,
            0.2585302578440266,
            -0.8186363272849905,
            0.8929462410012103,
            -0.9241379189327997,
            -1.1609053477697893,
            -0.42291016687189065,
            0.6801803523390442,
            -0.6339145671380579,
            -1.2855911606679233,
            2.2118662080441394,
            0.5414171898547925,
            -1.8308024640100071,
            1.996692278659391,
            -1.4085539678703636,
            -1.5018054140147123,
            0.08140629974333885,
            -0.9482054606013186,
            0.509189953948903,
            -0.36377649766757286,
            1.1141868701416084,
            1.2397243991939277,
            0.15648824049958054,
            0.44453826432228977,
            1.4005697088657787,
            -1.2907088390004071,
            -0.24632364626245273,
            0.7563228889657195,
            -0.5596159219193446,
            0.3343534694198876,
            0.7286131818510483,
            0.14854254224459043,
            0.32093902624913456,
            2.4647739690458272,
            1.1048036108478787,
            -0.2292706512517374,
            -0.976090692868468,
            -0.09476235492347893,
            2.63442071024273,
            1.369246795269207,
            -0.6121859649173128
        ],
        [
            -1.099932527051767,
            -0.9342554493539026,
            -0.19111065556741638,
            -0.4226906918105819,
            0.13358606016872113,
            -0.7604313845548588,
            0.0,
            -1.4560038804959752,
            -1.299432845008478,
            -0.5451328885867783,
            -0.061126880390346444,
            0.6749640199300454,
            0.3295733998760669,
            -1.082897085425558,
            -0.43103727950739623,
            0.7601313694264433,
            0.6207647433179019,
            0.6847576375187301,
            -0.8778037901464326,
            -0.931639149940304,
            0.6510063161826878,
            -1.0570912893477271,
            1.8434998384859755,
            0.010274058697535527,
            0.15262271034175803,
            1.7145061733730995,
            -0.18377506249241876,
            0.03320455037246141,
            -0.6546483613869666,
            -0.9489152446197815,
            -1.7148514048892887,
            -0.041438217905587285,
            0.42745872685226516,
            0.9890253418602242,
            -1.2817672921067396,
            -1.205363110024563,
            -0.01787178506045759,
            1.7045093640110045,
            0.4952268118172374,
            0.3136881657335986,
            -0.2978470202379918,
            1.9406395077367182,
            1.491111601424404,
            -0.7346677695761143,
            0.3695150980017409,
            0.6298831076469827,
            -0.21627427852921224,
            1.5109324022215183,
            -0.2347875474230084,
            0.10658404398298923,
            -0.25998658850092576,
            -0.4744169253254363,
            0.41779705464352745,
            0.24321544834171407,
            0.13738539884167167,
            1.0160339830397318,
            0.13025052495378958,
            0.700301604941881,
            2.1745616847143423,
            1.2755650559712888,
            0.8799637353189731,
            1.0565733214644721,
            -0.769144505633458,
            0.4389076784323957
        ],
        [
            -1.0686482106191348,
            -0.3898638808356014,
            -0.21970697028180797,
            0.9830412846441842,
            -2.756439399839966,
            0.7824374416358395,
            -1.4560038804959752,
            0.0,
            0.9243618943524835,
            -0.6571609381871674,
            0.21970175973926515,
            -1.2893627457983765,
            0.5528427962882823,
            0.5057081243939062,
            -0.4125328498770527,
            -3.1556506241295104,
            -0.8434320395009292,
            1.3128596488987299,
            1.644701646215862,
            0.47267227790720695,
            0.3923857769038002,
            -0.20368630693434042,
            -0.9957496124569506,
            1.9546709113898144,
            -0.6647802249525392,
            0.05062465066846663,
            -0.04707290938406252,
            -0.6347539394963105,
            0.23207384060033617,
            0.7531613174857987,
            1.1425909574364632,
            0.5612929557259759,
            1.2128313088879503,
            1.3517206778960147,
            0.13795668893184843,
            0.5862810313825344,
            -1.5642364609114963,
            -0.10341276553379528,
            -2.144647415024011,
            0.4214116507644104,
            1.2965745846787595,
            -0.1795133876461858,
            -0.47994868489822023,
            -1.2244232234240553,
            -0.7322220566828193,
            0.14966473047447465,
            1.3163909549879,
            1.0501209395582132,
            1.5537889655968002,
            0.4918978729712904,
            -0.7885724634046976,
            0.011518306699981475,
            0.669248868824977,
            -0.6210988366954733,
            -0.5273483385008482,
            0.8453140636222625,
            -0.9817148410097942,
            0.23070996798017598,
            0.5968959148603326,
            0.03488401546063321,
            0.5167583568532055,
            -0.22705892583191395,
            0.6300061073297102,
            0.9909946365993203
        ],
        [
            -0.06247529190347882,
            1.939319166758164,
            -1.5449233777031046,
            0.13782997912296532,
            0.4437663354251746,
            0.016523334814596655,
            -1.299432845008478,
            0.9243618943524835,
            0.0,
            -0.7175825565495791,
            0.6244562558525644,
            -0.02419917479274607,
            0.41194805904361353,
            -0.5207638779985829,
            0.750804690270357,
            1.6302969456329617,
            -0.11294151877294392,
            -0.17452630968232133,
            -0.38100550606762434,
            -1.4724911188103738,
            -0.4104161693722025,
            -1.7459520904172587,
            -0.4662234771445733,
            -0.30579208332570434,
            -0.45424388286080747,
            -0.687575832218719,
            0.3675681801950061,
            -0.5440820091468893,
            1.2997095650763404,
            1.2895666245381623,
            0.9558928703883589,
            0.34270104103032023,
            0.2728191107461294,
            0.9466789464966434,
            0.28808298240648356,
            0.3131920548398045,
            1.0379291229448662,
            -1.2167049535738974,
            -1.0215595064946754,
            -0.17921543440989,
            1.1610412940633834,
            -1.6542834407557716,
            -1.055224889528001,
            1.010469215528779,
            -1.9504322714607,
            0.04536725259299153,
            0.9553992057467177,
            -2.1474024046325195,
            0.1021038863686181,
            -0.09238323232699504,
            -0.41907826544090476,
            0.11119396110308034,
            -0.12711383726660744,
            0.24939535257391374,
            0.15691320382947857,
            0.16796831354422556,
            -2.447502255839545,
            1.624743608936199,
            -0.012218083041608666,
            -1.9885877236609295,
            0.4633682258315883,
            -1.0479900083891383,
            0.905483672410134,
            1.0564940736045145
        ],
        [
            -0.8475977474831775,
            1.5336181983373998,
            -1.1938571200794563,
            0.8397366489423119,
            0.3104966301375249,
            0.25162473896392124,
            -0.5451328885867783,
            -0.6571609381871674,
            -0.7175825565495791,
            0.0,
            -1.8728038346539295,
            -1.044439035576826,
            -0.9502307050550969,
            -0.2020859830211884,
            -1.1494274491613872,
            -0.09096850468246448,
            -1.2970888557975624,
            1.1845008406790731,
            -0.4323498971528446,
            -1.6889088660870746,
            -0.7220389320315656,
            1.4769156388286204,
            1.4874147375797675,
            1.2357763575999154,
            0.8492821579059949,
            -0.7171547647627832,
            0.6174705625951454,
            -0.23501231792172111,
            -1.1692973705755334,
            -0.34587138212312185,
            0.4454462515879227,
            1.303395504334409,
            1.185361786147139,
            0.9079531990113544,
            0.5466467010861836,
            -1.236441483647542,
            -1.062432145542456,
            -0.0915924799117311,
            1.647449045945477,
            -0.09639508543468472,
            1.16411543872475,
            -0.41618903086608544,
            -1.6449282437854351,
            1.2504047767313584,
            -1.6304235308828294,
            1.5592471979526923,
            0.556776424362334,
            0.2955684195793621,
            0.6302169251878884,
            0.5247079384890783,
            -0.2581523797863909,
            0.04396497562528742,
            2.283602357095979,
            -0.6780135241249851,
            -0.8400885909954133,
            0.33302228935613015,
            -0.519230901679117,
            0.4386404772446967,
            -1.5299179558792768,
            0.5545376811011707,
            -0.4233531662974484,
            1.0019603141597446,
            0.3226553611354567,
            -0.2617092696915043
        ],
        [
            -0.16085395713318743,
            0.5844107141269148,
            0.39998728990203053,
            1.2882513812849257,
            0.29530740654947063,
            -1.4341472226841676,
            -0.061126880390346444,
            0.21970175973926515,
            0.6244562558525644,
            -1.8728038346539295,
            0.0,
            1.3139162394353356,
            -1.2931149076846784,
            -2.8519657202996713,
            -0.17196303173943436,
            -0.14289301986785227,
            1.2169053120087951,
            0.4621230747265672,
            -1.3269339972021088,
            0.13236168351041977,
            -0.08128705702257248,
            -1.1681344401176785,
            0.7362876332402304,
            -1.1953412593542494,
            -0.9577674506185513,
            0.2069272000797298,
            0.5249840183258405,
            -0.27286953174188217,
            0.11966722777704199,
            -0.5030329160755976,
            0.38876375307742067,
            0.2716758002897306,
            0.14499481311039017,
            1.8370877534372105,
            -1.2358365129804738,
            -1.5136249871903595,
            -0.3305141608614844,
            1.3244564677890531,
            1.1003690132406097,
            0.5241916677502699,
            0.16433207838620761,
            -2.826651199355207,
            -0.5363480047104447,
            -0.3215533811157104,
            0.786196327097849,
            0.28573407539066087,
            0.05366565580588273,
            0.0375553441046713,
            -1.2562789609569966,
            -0.6017966500954471,
            0.10455903297352344,
            1.0950238072819265,
            -1.2779811226904858,
            -0.5179856566368644,
            -0.7946041588511333,
            0.14788227694047804,
            0.26592187979463383,
            0.6868170898704689,
            -0.1577565600092344,
            -1.3615403716675831,
            -0.8206679931753701,
            1.279442540403928,
            -0.2112981863577198,
            -0.30938647296168087
        ],
        [
            0.8590656140292297,
            1.1189830977387523,
            -0.5962771909717675,
            -0.06862677000927456,
            -0.8935044156309055,
            -0.6539166936472757,
            0.6749640199300454,
            -1.2893627457983765,
            -0.02419917479274607,
            -1.044439035576826,
            1.3139162394353356,
            0.0,
            0.30689489968769923,
            -0.5883410537236189,
            -0.09741025979477386,
            -0.10290909852087712,
            0.2313476977762951,
            -0.7164684254978592,
            -0.09513525505097431,
            -0.17642051356699892,
            1.6170605882020475,
            0.753923602751633,
            -1.8544576230906813,
            -1.1401263876198973,
            0.009712152422977625,
            -0.18581139928173612,
            1.212046857976195,
            -1.5293231620874137,
            0.30982385415104174,
            -0.8736289873344774,
            -1.3895671593400283,
            -0.8729552922793639,
            1.4619401561027299,
            -1.0762979899277232,
            -0.7163894606476188,
            0.9683603777666066,
            0.60205625657779,
            2.829581596065259,
            -1.2042845270771139,
            -2.3111047028395335,
            -1.4052624878904232,
            0.37762609408906567,
            0.08969157124961609,
            -1.216295160797383,
            0.22736189151098515,
            0.5109666545880092,
            0.9132681802424367,
            3.071550971818645,
            1.0038835523753458,
            1.6416847604770821,
            -1.6608003281905244,
            -0.6486043704888395,
            0.6216122901231814,
            0.8958077326155537,
            -1.006801241102866,
            -0.675955209908834,
            -0.006167035640561884,
            -0.8866645252106501,
            0.14261327111115582,
            0.1907016591123052,
            -0.8204026583492404,
            -1.2934992331556052,
            0.12623010435154533,
            -1.2028843417893786
        ],
        [
            0.5037524828975565,
            -1.4449604065809682,
            -0.8492962098657126,
            -0.4246855905505513,
            0.2867124709120122,
            -0.3514232745689026,
            0.3295733998760669,
            0.5528427962882823,
            0.41194805904361353,
            -0.9502307050550969,
            -1.2931149076846784,
            0.30689489968769923,
            0.0,
            -0.8445197112003773,
            -0.18178657052915934,
            0.8777972655471206,
            -0.5750678665458645,
            0.22128235697634135,
            1.1001560889560071,
            -1.701175515870383,
            -0.3367760463173034,
            -0.2950704305851993,
            -1.4508713204424735,
            1.1991709336582461,
            -1.2386456602271436,
            -1.0151514582822136,
            0.9132726374609238,
            0.7657741440395514,
            0.706705465915215,
            -0.5614183474570675,
            -0.14921336796334167,
            -0.18384189464810397,
            -0.5278521714361688,
            0.2086754902553264,
            0.06905973420318674,
            0.0731379041855293,
            0.5531881560846659,
            3.2166042116089177,
            -0.46474121822571424,
            1.5512038834687378,
            1.695675520206771,
            1.1506547262428368,
            -0.8488222640655544,
            -1.181534261726302,
            0.09703387908323308,
            2.37363899600402,
            1.0876858592084617,
            -0.15106978184326886,
            -0.7217863057994658,
            0.16355727509157042,
            0.849833885404364,
            1.017490465456263,
            -0.720923521239071,
            0.4419623376872424,
            -1.9500826757621745,
            0.8716108024785826,
            0.15207143532526507,
            0.5483754274805018,
            -0.35132673886076965,
            0.6657048059515166,
            0.26843894824210485,
            -0.8936198966655083,
            0.504408827948333,
            -0.8465963320140618
        ],
        [
            -0.8438916750844543,
            -0.27771056244299935,
            0.714950901987291,
            -0.26121091662200213,
            0.3716837486323162,
            0.507010941165867,
            -1.082897085425558,
            0.5057081243939062,
            -0.5207638779985829,
            -0.2020859830211884,
            -2.8519657202996713,
            -0.5883410537236189,
            -0.8445197112003773,
            0.0,
            1.3321025141684788,
            -0.5374246502065185,
            1.8530811775471412,
            0.5214759404950897,
            -0.2522894162583669,
            1.316838701892341,
            -1.742678135687449,
            1.6945860640118058,
            -0.4227466550889013,
            0.5243061346878032,
            -1.531801103070522,
            0.35338915064089266,
            -2.4238666629192656,
            0.24413377531706223,
            0.3536072014879968,
            1.4769561958567863,
            -2.0443808774752577,
            -0.3687998564321127,
            0.11285271106200692,
            -2.5719066187492006,
            0.46401532085685976,
            -0.3955474082944385,
            -1.1441263061893399,
            0.8370136062497829,
            0.9877615140765971,
            -0.2995624454544002,
            -0.5623375149111657,
            0.39161063124161405,
            -1.0247530084010716,
            2.302351390953939,
            -0.6511850278488751,
            -1.165251571015141,
            0.5446264247206478,
            -0.4797640099424268,
            -0.9373887532331592,
            0.8163564227686599,
            -0.3402672007983087,
            -0.11675617921770175,
            0.604304162255589,
            -0.4758029277726611,
            0.327032672654114,
            -0.6386853484044183,
            -1.6498152220757623,
            -0.4245367048034501,
            0.36607294858225764,
            -0.6163941418321788,
            -0.7682414163540844,
            0.6153125654952722,
            0.9228029203050082,
            0.808954537833754
        ],
        [
            1.22788931886884,
            -0.6983087787136415,
            0.5110561584405487,
            -1.8643701017722871,
            -0.25685755615516,
            0.40363338410981203,
            -0.43103727950739623,
            -0.4125328498770527,
            0.750804690270357,
            -1.1494274491613872,
            -0.17196303173943436,
            -0.09741025979477386,
            -0.18178657052915934,
            1.3321025141684788,
            0.0,
            1.5954933209039486,
            1.8482097221010534,
            1.1472258420798294,
            0.05750396800197888,
            -0.1354534637556331,
            0.5455174660400097,
            -1.9097004298868476,
            0.38891273597909914,
            -0.4065776934309264,
            -0.7116627656337657,
            -0.1810584234679126,
            0.6688811927232541,
            -2.3555767247171877,
            1.2117247393081108,
            -0.23064527105188515,
            1.3368155572184408,
            -0.006184422408886719,
            0.7956878192884905,
            -1.6345443245705389,
            0.7512134101970749,
            -0.823570340995926,
            -0.233257045386866,
            0.061122612822295586,
            0.9303612463626342,
            0.7219947748432511,
            0.7167832841147361,
            0.8985017602199439,
            -0.5615620916610563,
            -0.8964785398278525,
            0.9997415443517734,
            0.23130329103241865,
            -0.29818480845445344,
            0.311542229117677,
            1.1651392701949395,
            -0.7971448276486968,
            1.5454735982341026,
            -0.4032389785105165,
            -2.3433653179080762,
            0.2820792629491532,
            0.6036449400021684,
            0.10539474200598403,
            0.17858847354833574,
            1.3830361253951136,
            0.3903604960476981,
            -0.7174257608825502,
            0.5919943039782838,
            0.3916139425615358,
            1.0046080098237842,
            0.15364055074851415
        ],
        [
            1.3408120858158938,
            -0.10815919914555058,
            2.010172197759011,
            -1.4378029211120191,
            0.08468152756348317,
            0.279203424380601,
            0.7601313694264433,
            -3.1556506241295104,
            1.6302969456329617,
            -0.09096850468246448,
            -0.14289301986785227,
            -0.10290909852087712,
            0.8777972655471206,
            -0.5374246502065185,
            1.5954933209039486,
            0.0,
            1.45182982215902,
            0.37379672459048896,
            0.3908116376375662,
            -1.1773664677239994,
            -0.8409655583112475,
            -0.0952784830145603,
            -0.6447087982361419,
            0.10181762573331188,
            -0.5788126339587235,
            0.35123452606380035,
            -1.2006548711810543,
            -0.38613161407512775,
            0.02947422814951455,
            0.054404690647862186,
            0.16057146487397814,
            -0.9779304305289066,
            0.5553249099798897,
            0.15265757039579256,
            0.46983246625846087,
            -1.2025657304323623,
            0.5431246761598942,
            1.3398000530635015,
            -0.38524910610206503,
            -0.1401764559412272,
            0.8449197875909468,
            0.7170795407490053,
            2.0833876179398745,
            -2.0023572218866166,
            0.25574854599664804,
            -0.6051428000235107,
            0.12492502462108886,
            -0.2233388974113386,
            -1.1005920885284244,
            0.1969385433746284,
            0.5967488514469845,
            1.2037980340860253,
            0.5940097636891037,
            0.9394105649411684,
            1.612768810448796,
            -1.3287100036177604,
            1.7792682086159703,
            0.9194627496821153,
            -1.1902089242160774,
            -1.1335256080967062,
            0.5908518919833191,
            0.033985847413211055,
            0.910395995377014,
            0.07156116718385375
        ],
        [
            -1.2691874182502059,
            -0.3587135439401186,
            -0.9127666475776126,
            -0.364141815523806,
            -0.6110988437039881,
            0.6944654845450295,
            0.6207647433179019,
            -0.8434320395009292,
            -0.11294151877294392,
            -1.2970888557975624,
            1.2169053120087951,
            0.2313476977762951,
            -0.5750678665458645,
            1.8530811775471412,
            1.8482097221010534,
            1.45182982215902,
            0.0,
            0.745586705322661,
            -2.8614007839292515,
            3.404414570089222,
            -1.3821875654276226,
            -1.6414498806997155,
            -0.7047692217638203,
            0.43956167819855635,
            -0.5573139063469709,
            0.4527559613803383,
            -0.8451738178529624,
            -0.9334858098496368,
            0.5764838354723785,
            -1.0822532577854798,
            0.08687605222730162,
            0.6740263558989185,
            -0.8146094371760775,
            -0.8145769714127544,
            -0.12626281998876693,
            -0.048802604787429094,
            0.2295032695683163,
            1.4038889996450044,
            -0.9458066179296463,
            0.12877607363827678,
            -1.785206009514078,
            -0.9936227977428865,
            -0.33852637495806875,
            0.6674875659445048,
            0.23619394449461628,
            -0.903007428308991,
            1.6520841560036075,
            -0.9066292752471742,
            -1.0388686419291697,
            0.23870984517364685,
            0.8813009056476339,
            1.0347861865636412,
            -0.8053603803312857,
            0.8420536186730252,
            0.5220420048573643,
            0.4928444623679023,
            -0.6383300960261763,
            2.0951944161344884,
            -0.5616472845963577,
            -0.6628526255501233,
            1.0606354883946674,
            -1.6966475259331868,
            -0.12127105988225628,
            -0.5387395714355401
        ],
        [
            0.31520042668625603,
            1.2626753235225108,
            -0.4256999705862359,
            -0.728027354162087,
            -1.5440563297275396,
            0.23434714663958373,
            0.6847576375187301,
            1.3128596488987299,
            -0.17452630968232133,
            1.1845008406790731,
            0.4621230747265672,
            -0.7164684254978592,
            0.22128235697634135,
            0.5214759404950897,
            1.1472258420798294,
            0.37379672459048896,
            0.745586705322661,
            0.0,
            -0.06350057457944377,
            1.2897948383758553,
            -0.9079890114769519,
            0.11713403394229129,
            0.09594773867330016,
            0.34095620524020726,
            0.15669496417937823,
            -1.9514061810211834,
            0.6499382698519499,
            1.1331585103216335,
            -0.2450700197415183,
            -0.6691583138093021,
            -0.051610028694716495,
            -0.3377449788134032,
            0.9468733396205128,
            -0.7339118868423854,
            -0.21522732602401207,
            -0.029049172566725092,
            0.14689492917727748,
            0.39721629256478186,
            -0.920174018963635,
            1.1343506035466369,
            0.6615741078765893,
            -0.5695524158777548,
            0.6213791901736883,
            0.28872382459301615,
            0.5695173528003806,
            -0.0879697718469074,
            -2.0947021902145218,
            1.2089113366230602,
            0.5277160934367131,
            1.4610633599120004,
            -0.04834876964958977,
            1.379365460442606,
            -0.5950757997701994,
            -0.8846543003238223,
            -1.052720437350173,
            -1.28174144551107,
            0.5693513948701083,
            1.4549263752016768,
            0.9982248245964964,
            0.2519426923574345,
            0.8570489378014142,
            -1.269316851522412,
            2.1363660558288764,
            -0.1709280927427282
        ],
        [
            -0.2528592139096004,
            -0.480533669210069,
            -0.46042194074043336,
            -1.0622704107214433,
